0.512	0.928	77
0.896	1.28	58
1.056	1.312	74
1.248	1.472	70
1.248	1.632	62
1.6	1.824	70
1.6	2.016	67
1.984	2.4	60
1.984	2.4	75
2.368	2.752	63
2.368	2.752	79
2.72	3.104	65
2.72	3.168	69
3.072	3.488	63
3.456	3.68	72
3.456	3.872	62
3.648	3.872	70
3.808	4.032	74
3.808	4.224	57
4.0	4.224	72
4.192	4.416	75
4.192	4.576	58
4.352	4.576	74
4.544	4.768	77
4.544	4.928	51
4.544	4.928	60
4.736	4.928	75
4.896	5.344	74
4.896	5.696	58
4.896	5.92	53
5.44	5.6	75
5.536	5.696	74
5.664	5.856	72
5.664	6.048	57
5.792	6.048	74
6.016	6.24	75
6.208	6.432	76
6.4	6.976	77
6.752	7.168	58
6.944	7.104	75
7.008	7.168	74
7.072	7.168	72
7.136	7.328	70
7.136	7.52	62
7.488	7.712	70
7.488	7.872	67
7.84	8.256	60
7.872	8.32	75
8.224	8.608	63
8.224	8.608	79
8.576	8.992	65
8.576	8.992	69
8.96	9.344	63
9.088	9.344	69
9.312	9.536	70
9.312	9.696	62
9.472	9.696	74
9.664	9.92	67
9.664	10.08	51
9.664	10.08	63
9.856	10.08	72
10.048	10.528	70
10.048	10.624	62
10.048	10.784	53
10.4	10.816	60
10.4	10.848	69
10.784	11.2	58
10.784	11.2	70
10.976	11.136	65
11.168	11.36	67
11.328	11.552	69
11.52	11.68	70
11.68	11.808	72
11.872	12.064	74
12.032	12.256	75
12.224	12.736	58
12.224	12.736	77
12.448	12.736	65
12.608	12.832	62
12.8	12.992	65
12.8	12.992	74
12.96	13.184	55
12.96	13.184	70
13.152	13.376	62
13.344	13.568	58
13.344	13.568	70
13.504	13.728	62
13.696	14.016	75
13.696	14.112	51
13.888	14.112	77
13.92	14.112	60
14.08	14.272	55
14.08	14.464	79
14.24	14.432	60
14.432	14.656	53
14.432	14.816	69
14.624	14.848	63
14.816	15.008	60
14.976	15.2	63
15.168	15.392	62
15.168	15.392	72
15.36	15.584	70
15.52	15.744	74
15.52	15.936	57
15.52	16.32	62
15.712	16.0	72
15.904	16.288	75
15.904	16.32	58
16.064	16.288	74
16.256	16.48	77
16.256	16.64	60
16.256	16.672	51
16.448	16.672	75
16.64	17.216	74
16.64	17.408	58
16.64	17.568	53
17.184	17.344	75
17.28	17.408	74
17.376	17.6	72
17.376	17.792	57
17.536	17.76	74
17.728	17.952	75
17.92	18.368	76
18.112	18.752	77
18.112	18.848	58
18.304	18.656	65
18.496	18.816	62
18.656	18.784	75
18.656	18.816	65
18.752	18.816	74
18.784	18.912	72
18.848	19.04	70
18.848	19.072	55
19.008	19.232	62
19.04	19.136	70
19.2	19.328	70
19.2	19.424	58
19.392	19.52	70
19.392	19.616	62
19.584	19.968	51
19.584	19.968	75
19.776	19.968	60
19.776	19.968	77
19.936	20.16	55
19.936	20.352	79
20.096	20.32	60
20.288	20.512	53
20.288	20.704	69
20.48	20.736	63
20.672	20.864	60
20.832	21.056	63
20.832	21.056	81
21.024	21.44	50
21.024	21.44	82
21.024	21.824	58
21.152	21.44	77
21.28	21.536	74
21.376	21.76	79
21.376	21.792	51
21.504	21.696	75
21.632	21.792	72
21.76	22.496	62
21.76	22.496	77
21.76	22.528	53
21.888	22.144	74
21.984	22.496	70
22.112	22.496	75
22.112	22.56	63
22.24	22.528	72
22.368	22.528	69
22.496	22.912	58
22.496	22.912	70
22.496	22.944	62
22.88	23.296	46
23.072	23.296	65
23.264	23.424	70
23.296	23.392	58
23.456	23.584	69
23.648	23.776	70
23.84	23.968	72
24.032	24.224	74
24.416	24.64	74
24.416	24.672	70
24.416	24.832	58
24.8	25.216	70
24.8	25.216	74
24.8	25.248	55
25.216	25.472	72
25.216	25.6	51
25.216	25.6	75
25.568	25.888	72
25.568	25.92	69
25.568	26.016	53
25.984	26.4	41
26.176	26.4	65
26.368	26.464	72
26.56	26.688	70
26.752	26.848	72
26.944	27.04	74
27.104	27.392	75
27.52	27.904	60
27.52	27.904	75
27.52	27.936	67
27.904	28.32	72
27.904	28.32	75
27.904	28.384	57
28.288	28.736	53
28.288	28.736	69
28.288	28.736	77
28.704	29.088	70
28.704	29.12	74
28.704	29.152	58
29.088	29.504	46
29.28	29.536	70
29.472	29.6	74
29.632	29.76	72
29.824	29.952	74
30.016	30.112	76
30.208	30.624	77
30.368	30.624	57
30.56	30.752	60
30.688	30.848	77
30.72	31.008	57
30.816	30.976	79
30.912	31.072	81
30.912	31.328	65
31.04	31.2	79
31.168	31.328	77
31.296	31.456	76
31.424	31.552	74
31.52	31.68	72
31.648	32.064	70
31.84	32.064	55
32.032	32.192	58
32.16	32.288	76
32.192	32.256	55
32.256	32.416	55
32.256	32.416	77
32.384	32.544	64
32.384	32.544	79
32.512	32.672	77
32.64	32.8	76
32.768	32.896	74
32.864	33.024	72
32.992	33.152	70
33.12	33.28	69
33.12	33.344	65
33.216	33.312	72
33.312	33.408	70
33.376	33.504	69
33.472	33.6	70
33.568	33.696	72
33.664	33.792	74
33.76	33.856	76
33.856	33.952	77
33.92	34.048	79
34.016	34.144	81
34.112	34.24	82
34.208	34.336	84
34.208	34.592	53
34.4	34.56	69
34.4	34.592	65
34.56	34.848	48
34.56	34.976	69
34.592	34.944	65
34.784	34.976	60
34.944	35.168	59
34.944	35.168	64
34.944	35.168	67
35.136	35.328	60
35.328	35.68	58
35.328	36.0	79
35.488	35.84	60
35.68	36.0	58
35.872	36.0	76
35.904	35.968	60
35.968	36.032	60
35.968	36.096	72
36.064	36.256	57
36.064	36.352	77
36.224	36.416	60
36.416	36.8	57
36.416	36.832	78
36.608	36.832	60
36.8	37.152	58
36.8	37.472	79
36.96	37.312	60
37.152	37.472	58
37.312	37.44	60
37.312	37.472	76
37.408	37.536	72
37.44	37.504	60
37.536	37.696	57
37.536	37.824	77
37.664	37.824	60
37.888	38.112	57
38.048	38.272	60
38.24	38.432	79
38.24	38.592	58
38.432	38.816	79
38.432	38.944	60
38.592	38.944	58
38.784	38.912	76
38.816	38.976	79
38.88	39.008	72
38.976	39.136	77
38.976	39.2	57
39.136	39.296	77
39.168	39.328	60
39.328	39.52	78
39.328	39.68	57
39.52	39.744	60
39.52	39.744	78
39.712	39.872	79
39.712	40.064	58
39.872	40.192	60
39.872	40.416	79
40.064	40.416	58
40.256	40.384	76
40.288	40.384	60
40.352	40.48	72
40.448	40.8	57
40.448	40.832	77
40.608	40.832	60
40.8	41.216	57
40.96	41.184	60
41.152	41.408	58
41.152	41.408	78
41.248	41.44	79
41.344	41.472	60
41.344	41.472	81
41.44	41.856	79
41.536	41.664	77
41.536	41.856	58
41.6	41.856	76
41.696	41.856	74
41.728	41.856	60
41.792	41.92	72
41.888	42.176	77
41.888	42.656	57
41.984	42.4	72
42.08	42.336	81
42.176	42.56	77
42.272	42.432	84
42.336	42.528	81
42.432	42.624	84
42.528	42.752	81
42.624	42.816	84
42.688	42.816	82
42.784	43.008	81
42.88	43.072	79
42.976	43.2	77
42.976	43.264	65
42.976	43.392	57
43.072	43.296	75
43.168	43.296	74
43.264	43.36	72
43.36	43.456	58
43.36	43.456	70
43.36	43.616	74
43.36	44.0	65
43.456	43.904	70
43.456	44.032	58
43.52	43.808	77
43.616	44.0	74
43.712	43.968	82
43.808	44.096	77
43.872	44.064	86
43.968	44.128	82
44.064	44.192	86
44.16	44.352	84
44.256	44.384	82
44.352	44.48	81
44.448	44.64	79
44.448	44.832	58
44.448	44.832	67
44.512	44.672	77
44.608	44.768	76
44.704	44.832	74
44.8	45.088	72
44.8	45.536	60
44.992	45.344	69
45.184	45.536	65
45.344	45.568	69
45.536	45.632	81
45.536	45.76	60
45.6	45.728	79
45.632	45.792	81
45.728	45.856	79
45.792	45.92	81
45.856	45.984	79
45.888	46.016	64
45.92	46.24	81
45.984	46.144	79
46.08	46.112	70
46.08	46.144	77
46.144	46.368	79
46.24	46.432	81
46.272	46.496	65
46.336	46.464	82
46.432	46.624	84
46.496	46.656	82
46.592	46.72	81
46.72	46.848	79
46.784	46.912	77
46.784	47.008	67
46.88	47.008	76
46.976	47.104	77
46.976	47.264	69
47.072	47.2	79
47.136	47.296	81
47.264	47.392	79
47.328	47.456	77
47.424	47.552	75
47.52	47.616	74
47.52	47.744	57
47.616	47.712	73
47.712	47.808	74
47.712	48.032	58
47.776	47.904	76
47.872	48.0	77
47.968	48.096	75
48.064	48.192	74
48.16	48.288	72
48.256	48.384	70
48.32	48.448	69
48.416	48.512	52
48.416	48.544	67
48.448	48.512	57
48.448	48.576	58
48.512	48.672	69
48.512	48.736	57
48.608	48.768	70
48.672	48.832	69
48.8	48.928	67
48.896	48.992	65
48.96	49.088	64
49.056	49.184	62
49.152	49.344	60
49.152	49.408	48
49.344	49.472	62
49.344	49.568	57
49.44	49.536	64
49.536	49.664	53
49.536	49.664	65
49.6	49.728	67
49.696	49.888	69
49.696	49.92	57
49.792	49.92	70
49.888	49.984	72
49.888	50.112	48
49.984	50.08	74
50.048	50.144	69
50.048	50.144	76
50.048	50.272	57
50.144	50.272	77
50.24	50.368	79
50.24	50.432	53
50.336	50.464	81
50.432	50.528	82
50.432	50.784	57
50.528	50.656	84
50.624	50.72	77
50.624	50.88	48
50.656	50.784	79
50.72	50.88	81
50.784	50.912	79
50.784	51.168	58
50.88	50.976	81
50.912	51.008	79
50.976	51.104	81
50.976	51.136	52
51.008	51.136	79
51.104	51.2	81
51.136	51.264	79
51.168	51.52	58
51.2	51.328	81
51.264	51.392	79
51.328	51.456	81
51.392	51.488	79
51.392	51.52	48
51.456	51.584	81
51.488	51.616	79
51.52	51.872	58
51.584	51.712	81
51.616	51.776	79
51.712	52.0	81
51.712	52.032	52
51.776	51.968	79
51.872	52.352	58
51.904	52.032	77
51.968	52.288	79
52.128	52.256	77
52.128	52.352	57
52.128	52.384	53
52.256	52.608	77
52.448	53.024	53
52.448	53.056	57
52.608	52.8	77
52.8	52.992	77
52.992	53.344	77
53.184	53.536	53
53.184	53.568	57
53.344	53.536	77
53.536	53.696	77
53.536	53.856	53
53.536	53.888	55
53.536	53.888	58
53.696	53.92	77
53.888	54.464	55
53.888	54.496	53
53.888	54.496	58
54.08	54.272	77
54.272	54.432	77
54.432	54.784	77
54.624	55.008	53
54.624	55.008	56
54.624	55.008	59
54.784	55.008	77
54.976	55.36	57
54.976	55.36	60
55.008	55.168	77
55.008	55.52	53
55.168	55.52	77
55.36	55.68	61
55.36	55.712	69
55.36	55.776	57
55.52	55.712	77
55.712	55.904	77
55.712	56.096	53
55.712	56.096	62
55.712	56.288	58
55.904	56.256	77
56.096	56.48	53
56.096	56.48	59
56.096	56.512	62
56.256	56.48	77
56.48	56.672	77
56.48	56.704	63
56.48	56.832	60
56.48	57.888	53
56.64	56.832	81
56.832	57.024	63
56.832	57.024	81
56.832	57.376	60
57.024	57.184	63
57.024	57.184	84
57.024	57.504	81
57.184	57.6	84
57.184	57.76	63
57.376	57.536	87
57.376	57.76	60
57.536	57.952	87
57.76	57.92	84
57.76	58.144	60
57.76	58.176	63
57.92	58.144	75
57.92	58.144	84
58.112	58.304	81
58.304	58.72	81
58.496	58.656	77
58.656	58.912	77
58.848	58.976	76
59.04	59.264	76
59.232	59.36	77
59.456	59.872	77
59.84	60.224	58
60.032	60.256	74
60.224	60.416	70
60.224	60.608	62
60.576	60.8	70
60.576	60.992	67
60.96	61.344	60
60.96	61.376	75
61.312	61.696	79
61.312	61.728	63
61.696	62.08	65
61.696	62.112	69
62.048	62.432	63
62.432	62.624	72
62.432	62.816	62
62.592	62.848	70
62.784	62.976	74
62.784	63.2	57
62.976	63.2	72
63.136	63.392	75
63.136	63.552	58
63.328	63.52	74
63.488	63.712	77
63.488	63.904	51
63.488	63.904	60
63.68	63.904	75
63.872	64.288	74
63.872	64.64	58
63.872	64.928	53
64.416	64.576	75
64.512	64.64	74
64.608	64.8	72
64.608	65.024	57
64.768	65.024	74
64.992	65.184	75
65.152	65.376	76
65.344	65.92	77
65.728	66.112	58
65.888	66.048	75
65.952	66.112	74
66.016	66.144	72
66.08	66.272	70
66.08	66.464	62
66.432	66.656	70
66.464	66.848	67
66.816	67.2	60
66.816	67.232	75
67.168	67.584	63
67.168	67.584	79
67.552	67.936	65
67.552	67.936	69
67.904	68.288	63
68.064	68.288	69
68.288	68.512	70
68.288	68.672	62
68.448	68.672	74
68.64	68.864	67
68.64	69.024	51
68.64	69.024	63
68.832	69.056	72
68.992	69.408	53
68.992	69.504	70
68.992	69.568	62
69.376	69.792	60
69.376	69.792	69
69.408	69.76	53
69.76	70.144	58
69.76	70.144	70
69.952	70.144	65
70.112	70.336	67
70.304	70.496	69
70.496	70.624	70
70.656	70.784	72
70.848	70.976	74
71.008	71.168	75
71.2	71.936	77
71.2	71.968	58
71.392	71.744	65
71.584	71.936	62
71.744	71.968	65
71.744	71.968	74
71.936	72.16	55
71.936	72.16	70
72.128	72.32	62
72.288	72.512	58
72.288	72.544	70
72.48	72.896	62
72.672	72.992	51
72.672	72.992	75
72.864	73.056	60
72.864	73.056	77
73.024	73.248	55
73.024	73.408	79
73.216	73.408	60
73.376	73.6	53
73.376	73.76	69
73.568	73.792	63
73.76	73.952	60
73.952	74.176	63
74.144	74.368	62
74.144	74.368	72
74.304	74.56	70
74.496	74.688	74
74.496	74.912	57
74.496	75.264	62
74.656	74.976	72
74.848	75.264	58
74.848	75.264	75
75.04	75.264	74
75.232	75.456	77
75.232	75.616	60
75.232	75.648	51
75.392	75.616	75
75.584	76.128	53
75.584	76.16	74
75.584	76.352	58
76.128	76.288	75
76.128	76.736	53
76.224	76.384	74
76.32	76.544	72
76.32	76.768	57
76.512	76.736	74
76.704	76.928	75
76.864	77.6	76
77.088	77.696	77
77.088	77.76	58
77.28	77.632	65
77.44	77.76	62
77.632	77.76	75
77.632	77.824	65
77.728	77.856	72
77.792	77.984	70
77.792	78.048	55
77.984	78.112	70
77.984	78.176	62
78.144	78.304	70
78.176	78.368	58
78.336	78.496	70
78.336	78.56	62
78.528	78.912	75
78.528	78.944	51
78.72	78.944	60
78.72	78.944	77
78.912	78.976	75
78.912	79.136	55
78.912	79.328	79
79.072	79.296	60
79.264	79.52	53
79.264	79.68	69
79.456	79.68	63
79.616	79.84	60
79.808	80.0	63
79.808	80.0	81
80.0	80.384	50
80.0	80.384	82
80.0	80.48	62
80.0	80.736	58
80.128	80.384	77
80.224	80.416	74
80.352	80.704	79
80.352	80.768	51
80.48	80.672	75
80.608	80.736	72
80.704	81.12	77
80.704	81.44	62
80.704	81.504	53
80.832	81.344	74
80.96	81.152	70
81.056	81.504	63
81.088	81.472	75
81.184	81.472	72
81.312	81.472	69
81.44	81.888	58
81.44	81.888	70
81.44	81.92	62
81.824	82.272	46
82.048	82.24	65
82.24	82.368	70
82.4	82.528	69
82.624	82.752	70
82.816	82.976	72
82.976	83.2	74
83.392	83.616	74
83.392	83.648	70
83.392	83.776	58
83.744	84.192	55
83.776	84.192	70
83.776	84.192	74
84.16	84.448	72
84.16	84.576	51
84.16	84.576	75
84.544	84.864	72
84.544	84.928	69
84.544	84.96	53
84.928	85.344	41
85.12	85.376	65
85.312	85.44	72
85.504	85.664	70
85.696	85.824	72
85.888	86.016	74
86.08	86.336	75
86.496	86.848	60
86.496	86.88	67
86.496	86.88	75
86.88	87.296	72
86.88	87.296	75
86.88	87.36	57
87.264	87.712	53
87.264	87.712	69
87.264	87.712	77
87.68	88.064	70
87.68	88.096	74
87.68	88.256	58
88.032	88.48	46
88.224	88.48	70
88.416	88.544	74
88.608	88.736	72
88.8	88.928	74
88.992	89.12	75
89.184	89.44	77
89.568	89.824	58
89.568	89.824	62
89.568	89.856	77
89.824	89.888	62
89.952	90.208	62
89.952	90.24	58
89.952	90.272	77
90.208	90.304	62
90.368	90.688	58
90.368	90.72	62
90.368	90.72	77
90.752	91.392	78
90.752	91.456	57
90.752	91.552	60
91.008	91.392	72
91.168	91.392	74
91.36	91.52	75
91.52	92.128	75
91.52	92.288	50
91.52	92.288	57
91.712	91.904	74
91.904	92.256	74
92.096	92.32	72
92.288	92.96	70
92.288	92.992	79
92.288	93.696	51
92.48	92.704	55
92.672	92.928	57
92.864	93.056	58
93.056	93.344	58
93.056	93.344	73
93.248	93.408	57
93.408	93.696	57
93.632	93.856	55
93.824	94.24	50
93.824	94.24	54
93.824	94.24	74
94.528	94.656	62
94.624	94.912	74
95.008	95.424	74
95.392	96.0	55
95.392	96.096	82
95.584	95.968	58
95.808	96.128	62
95.968	96.192	81
95.968	96.224	58
96.032	96.16	79
96.096	96.192	78
96.16	96.512	55
96.16	96.928	79
96.32	96.576	58
96.544	96.96	62
96.544	96.96	74
96.704	96.96	58
96.896	97.632	55
96.928	97.632	75
97.12	97.472	60
97.312	97.696	63
97.472	97.696	60
97.568	97.76	67
97.664	98.048	79
97.664	98.336	55
97.824	98.208	60
98.048	98.4	63
98.048	98.432	79
98.208	98.496	60
98.4	98.88	87
98.4	99.008	53
98.592	98.976	60
98.816	99.136	63
98.976	99.136	86
98.976	99.2	60
99.04	99.168	84
99.104	99.2	83
99.168	99.552	84
99.168	99.872	55
99.36	99.712	60
99.52	99.904	75
99.52	99.936	63
99.712	99.968	60
99.744	99.84	79
99.936	100.288	74
99.936	100.384	55
100.128	100.416	58
100.352	100.576	62
100.512	100.736	73
100.704	100.928	74
100.896	101.024	82
101.088	101.248	81
101.28	101.504	79
101.472	101.888	57
101.472	101.888	60
101.472	101.888	63
101.472	101.888	78
101.792	101.888	79
101.824	101.92	81
101.888	102.08	62
101.888	102.08	79
101.888	102.112	58
102.08	102.24	79
102.272	102.496	85
102.464	102.688	86
102.656	102.816	82
102.848	103.04	79
103.04	103.424	78
103.04	103.456	57
103.04	103.456	60
103.04	103.456	63
103.328	103.424	79
103.424	103.648	58
103.424	103.648	79
103.488	103.52	62
103.648	103.84	74
103.808	103.936	79
104.0	104.128	79
104.224	104.352	79
104.416	104.544	79
104.608	104.992	79
104.608	105.056	51
104.608	105.44	58
104.928	105.024	81
105.024	105.248	81
105.056	106.24	51
105.216	105.44	79
105.408	105.568	77
105.408	106.24	55
105.6	105.76	75
105.792	105.952	74
105.984	106.144	73
106.208	106.432	54
106.208	106.432	57
106.208	106.432	73
106.4	106.496	74
106.592	106.784	50
106.592	106.784	54
106.592	106.784	57
106.592	106.784	74
106.976	107.168	50
106.976	107.168	54
106.976	107.168	57
106.976	107.168	74
107.392	107.712	74
107.392	107.84	50
107.392	107.84	54
107.392	107.872	57
107.872	108.0	74
108.0	108.896	74
108.16	108.544	50
108.224	108.544	53
108.224	108.576	57
108.544	108.896	50
108.544	108.96	53
108.576	108.96	57
108.896	108.96	50
108.96	109.536	50
108.96	109.536	53
108.96	109.536	57
109.408	110.016	77
109.792	110.176	50
109.792	110.208	53
109.792	110.208	58
110.176	110.56	50
110.208	110.592	53
110.208	110.592	58
110.56	111.424	50
110.592	111.392	53
110.592	111.552	58
111.008	111.392	56
111.008	111.392	62
111.392	111.776	53
111.392	111.776	56
111.392	111.776	62
111.392	112.64	46
111.776	112.16	53
111.776	112.16	56
111.776	112.608	62
112.16	112.576	56
112.16	112.608	58
112.16	112.768	53
112.544	112.96	39
112.544	112.96	51
112.544	112.992	55
112.544	113.696	63
112.96	113.376	51
113.312	113.728	55
113.6	113.76	58
113.696	113.984	62
113.696	114.08	56
113.952	114.304	58
114.048	114.368	55
114.048	114.368	63
114.304	114.688	58
114.432	114.72	65
114.432	114.848	50
114.688	114.816	58
114.816	115.04	58
114.816	115.2	51
114.816	115.2	67
115.04	115.2	58
115.168	115.584	53
115.168	115.584	68
115.2	115.264	41
115.2	115.456	58
115.456	115.584	58
115.552	116.608	65
115.936	116.672	46
116.288	116.672	50
116.544	116.928	58
116.64	117.056	49
116.64	117.056	64
116.928	117.28	58
117.024	117.408	65
117.024	117.44	50
117.28	117.632	58
117.408	117.792	52
117.408	117.792	67
117.632	118.016	58
117.76	118.144	53
117.76	118.144	68
118.016	118.4	58
118.112	118.528	70
118.112	118.56	50
118.4	118.592	58
118.496	119.264	51
118.496	119.296	67
118.88	119.328	39
119.04	119.328	70
119.232	119.552	75
119.488	119.68	77
119.584	120.0	55
119.584	120.032	79
119.584	120.064	63
119.904	120.032	70
119.968	120.288	72
120.256	120.384	74
120.32	120.736	56
120.32	120.864	63
120.352	120.736	75
120.608	120.8	67
120.704	121.056	68
120.96	121.312	70
121.056	121.312	72
121.056	121.376	60
121.056	121.376	63
121.344	121.472	68
121.44	121.632	58
121.44	121.664	63
121.44	121.856	67
121.792	121.984	46
121.984	122.208	70
122.176	122.464	75
122.432	122.56	77
122.528	122.88	79
122.528	122.912	55
122.528	122.944	63
122.784	122.912	71
122.912	123.2	72
123.168	123.296	74
123.264	123.648	56
123.264	123.648	75
123.264	123.68	63
123.552	123.68	67
123.616	123.968	68
123.904	124.192	70
124.0	124.288	60
124.0	124.288	63
124.0	124.288	72
124.256	124.416	68
124.384	124.576	58
124.384	124.608	63
124.384	124.8	67
124.736	124.96	46
124.928	125.216	67
125.12	125.344	70
125.312	125.536	69
125.504	125.888	60
125.504	125.92	63
125.664	125.888	69
125.856	126.112	72
126.048	126.272	70
126.24	126.528	63
126.24	126.624	55
126.432	126.624	71
126.592	126.816	56
126.592	126.816	74
126.592	127.008	63
126.784	127.008	72
126.976	127.2	75
126.976	127.36	53
126.976	127.36	56
127.168	127.328	74
127.328	127.552	55
127.328	127.552	58
127.328	127.552	77
127.52	127.712	75
127.68	127.808	77
127.68	128.064	55
127.712	127.904	58
127.872	128.096	76
128.064	128.256	56
128.064	128.32	58
128.064	128.32	79
128.064	128.448	53
128.256	128.448	56
128.256	128.448	77
128.416	128.672	80
128.416	128.704	55
128.416	128.832	51
128.448	128.736	58
128.608	128.832	79
128.8	129.184	82
128.8	129.216	50
128.8	129.216	53
128.8	129.216	58
128.96	129.216	80
130.08	130.304	77
130.272	130.592	79
130.272	130.688	63
130.272	130.688	70
130.56	130.688	75
130.656	131.008	56
130.656	131.04	68
130.656	131.04	72
130.912	131.04	77
131.04	131.424	67
131.04	131.424	75
131.04	131.776	58
131.392	131.776	65
131.392	131.808	74
131.776	132.128	53
131.776	132.16	50
131.776	132.16	58
131.776	132.16	82
131.936	132.16	80
132.128	132.224	53
133.056	133.312	77
133.248	133.6	79
133.248	133.664	63
133.248	133.664	70
133.536	133.664	75
133.632	133.984	56
133.632	133.984	68
133.632	134.016	72
133.888	134.016	77
133.984	134.4	67
133.984	134.4	75
133.984	134.752	58
134.368	134.752	65
134.368	134.752	74
134.72	134.88	67
134.816	135.328	79
135.296	135.52	75
135.488	135.744	72
135.488	136.256	63
135.488	136.288	67
135.84	136.096	72
136.256	136.64	77
136.256	136.832	71
136.256	136.992	62
136.608	136.896	80
136.992	137.024	56
136.992	137.184	71
136.992	137.312	68
136.992	137.376	65
137.536	137.76	71
137.76	137.792	74
137.76	138.112	63
137.76	138.144	67
137.92	138.144	72
138.112	138.336	75
138.112	138.496	59
138.304	138.496	74
138.464	138.688	77
138.464	138.848	60
138.656	138.88	75
138.848	139.232	62
139.008	139.232	71
139.2	139.232	55
139.2	139.584	63
139.2	139.904	67
139.392	139.584	72
139.552	139.808	75
139.552	139.968	59
139.744	139.936	74
139.936	140.128	77
139.936	140.32	60
140.096	140.32	75
140.288	140.512	77
140.48	140.672	76
140.64	141.28	77
141.216	141.44	74
141.408	141.728	70
141.408	141.984	65
141.408	142.144	62
141.728	142.016	70
142.144	142.688	69
142.144	142.72	75
142.144	142.88	60
142.496	142.912	78
142.848	143.072	69
142.848	143.232	63
142.848	143.232	66
143.424	143.648	69
143.616	143.968	61
143.616	144.0	65
143.808	144.0	70
143.968	144.192	73
143.968	144.384	57
144.16	144.416	72
144.352	144.544	75
144.352	144.736	58
144.512	144.736	73
144.704	145.088	60
144.896	145.12	69
145.088	145.312	72
145.088	145.472	61
145.088	145.472	65
145.28	145.472	70
145.44	145.664	73
145.44	145.856	57
145.632	145.856	72
145.824	146.016	58
145.824	146.016	75
145.984	146.176	73
146.176	146.56	58
146.176	146.56	65
146.336	146.528	73
146.528	146.752	73
146.72	146.912	71
146.912	147.296	56
146.912	147.296	65
147.072	147.2	71
147.264	147.488	71
147.456	147.68	70
147.616	148.0	61
147.616	148.032	54
147.808	148.0	70
148.0	148.224	70
148.16	148.416	80
148.384	148.768	53
148.384	148.768	62
148.544	148.736	80
148.736	148.928	80
148.896	149.12	78
149.088	149.312	63
149.088	149.504	51
149.248	149.44	78
149.44	149.664	78
149.632	149.856	77
149.824	150.208	53
149.824	150.208	61
149.984	150.176	77
150.176	150.4	77
150.368	150.56	76
150.56	150.784	54
150.56	151.456	61
150.72	150.944	76
150.912	151.296	82
150.912	151.648	54
150.912	151.648	64
151.296	151.456	84
151.296	151.584	82
151.36	151.52	81
151.456	151.68	84
151.648	151.776	54
151.648	151.968	85
151.648	152.0	58
152.0	152.384	76
152.0	152.416	58
152.352	152.736	77
152.352	153.088	53
152.352	153.12	57
152.544	152.928	76
152.736	153.12	77
152.896	153.12	72
153.088	153.376	75
153.088	153.664	53
153.088	153.664	58
153.28	153.504	73
153.44	153.696	72
153.632	153.856	70
153.664	153.856	58
153.824	154.016	78
153.824	154.592	57
153.824	155.328	53
153.984	154.272	77
154.176	154.4	76
154.368	154.592	77
154.56	154.784	75
154.56	155.712	58
154.72	154.976	73
154.912	155.232	72
155.104	155.328	70
155.296	155.36	65
155.296	155.712	69
155.296	155.712	72
155.488	155.712	65
155.68	156.064	70
155.68	156.064	73
155.84	156.032	65
156.032	156.192	65
156.032	156.416	69
156.032	156.48	72
156.192	156.416	65
156.384	156.8	70
156.384	156.8	76
156.576	156.768	65
156.768	156.928	65
156.768	157.184	69
156.768	157.184	77
156.928	157.184	65
157.152	157.536	70
157.152	157.536	73
157.312	157.504	65
157.504	157.664	65
157.504	157.888	69
157.504	157.92	72
157.664	157.888	65
157.888	158.272	70
157.888	158.272	76
158.048	158.56	65
158.24	158.4	77
158.24	158.592	53
158.24	158.624	69
158.4	158.784	77
158.592	159.168	53
158.592	159.232	57
158.784	158.944	77
158.944	159.136	77
159.136	159.488	77
159.328	159.68	53
159.328	159.744	57
159.488	159.68	77
159.68	159.872	77
159.68	160.064	53
159.68	160.064	55
159.68	160.064	58
159.872	160.16	77
160.064	160.48	55
160.064	160.576	58
160.064	160.608	53
160.224	160.416	77
160.416	160.576	77
160.576	160.96	77
160.768	161.152	53
160.768	161.152	56
160.768	161.152	59
160.96	161.152	77
161.152	161.312	77
161.152	161.44	60
161.152	161.504	57
161.152	161.664	53
161.312	161.664	77
161.504	161.888	69
161.504	161.92	61
161.504	161.952	57
161.664	161.888	77
161.888	162.048	77
161.888	162.24	53
161.888	162.24	62
161.888	162.272	58
162.048	162.432	77
162.24	162.528	53
162.24	162.656	59
162.24	162.656	62
162.432	162.624	77
162.624	162.72	77
162.624	163.04	63
162.624	164.096	60
162.624	164.128	53
162.816	162.88	65
162.976	163.04	64
163.168	163.456	65
163.36	163.424	66
163.552	163.744	67
163.712	164.096	68
163.904	164.096	69
164.096	164.32	70
164.256	164.48	71
164.448	164.672	72
164.64	164.864	73
164.832	165.056	74
165.024	165.216	75
165.184	165.408	76
165.376	165.504	77
165.568	165.984	77
165.952	166.368	58
166.144	166.368	74
166.336	166.528	70
166.336	166.72	62
166.688	166.912	70
166.688	167.104	67
167.072	167.456	60
167.072	167.52	75
167.424	167.808	79
167.424	167.84	63
167.808	168.192	65
167.808	168.192	69
168.16	168.544	63
168.544	168.736	72
168.544	168.928	62
168.704	168.928	70
168.896	169.088	74
168.896	169.28	57
169.088	169.28	72
169.248	169.472	75
169.248	169.664	58
169.44	169.632	74
169.6	169.824	77
169.6	170.016	51
169.632	170.016	60
169.792	170.016	75
169.984	170.4	74
169.984	170.752	58
169.984	171.04	53
170.528	170.688	75
170.624	170.752	74
170.72	170.912	72
170.72	171.136	57
170.88	171.136	74
171.104	171.296	75
171.264	171.488	76
171.456	172.064	77
171.84	172.224	58
172.032	172.16	75
172.096	172.224	74
172.128	172.256	72
172.192	172.416	70
172.192	172.576	62
172.576	172.768	70
172.576	172.96	67
172.928	173.312	60
172.928	173.344	75
173.28	173.696	63
173.28	173.696	79
173.664	174.048	65
173.664	174.048	69
174.016	174.4	63
174.176	174.4	69
174.4	174.624	70
174.4	174.784	62
174.56	174.784	74
174.752	174.976	67
174.752	175.136	51
174.752	175.136	63
174.944	175.168	72
175.104	175.776	62
175.104	175.872	53
175.136	175.648	70
175.488	175.904	60
175.488	175.904	69
175.872	176.256	58
175.872	176.256	70
176.032	176.256	65
176.224	176.448	67
176.416	176.608	69
176.576	176.768	70
176.768	176.896	72
176.928	177.088	74
177.12	177.344	75
177.312	177.952	58
177.312	177.952	77
177.504	177.856	65
177.696	177.984	62
177.856	178.08	65
177.856	178.08	74
178.048	178.272	55
178.048	178.272	70
178.24	178.432	62
178.4	178.624	70
178.432	178.624	58
178.592	178.816	62
178.784	179.008	75
178.784	179.072	51
178.976	179.168	60
178.976	179.2	77
179.008	179.2	75
179.136	179.36	55
179.136	179.52	79
179.328	179.52	60
179.488	179.712	53
179.488	179.872	69
179.68	179.904	63
179.872	180.064	60
180.064	180.288	63
180.256	180.48	62
180.256	180.48	72
180.416	180.64	70
180.608	180.832	74
180.608	181.024	57
180.608	181.376	62
180.8	181.056	72
180.96	181.376	58
180.96	181.376	75
181.152	181.376	74
181.344	181.568	77
181.344	181.728	60
181.344	181.76	51
181.504	181.728	75
181.696	182.272	74
181.696	182.464	58
181.696	182.848	53
182.24	182.4	75
182.336	182.496	74
182.432	182.688	72
182.432	182.88	57
182.624	182.88	74
182.816	183.04	75
182.976	183.776	76
183.2	183.84	77
183.2	183.872	58
183.392	183.744	65
183.552	183.936	62
183.744	183.872	75
183.744	183.936	65
183.84	183.968	72
183.904	184.096	70
183.904	184.128	55
184.096	184.192	70
184.096	184.32	62
184.288	184.448	70
184.288	184.48	58
184.448	184.608	70
184.448	184.896	62
184.64	184.896	75
184.64	185.056	51
184.864	185.056	60
184.864	185.056	77
184.896	185.056	75
185.024	185.216	55
185.024	185.408	79
185.184	185.408	60
185.376	185.6	53
185.376	185.792	69
185.568	185.792	63
185.76	185.952	60
185.92	186.112	63
185.92	186.144	81
186.112	186.496	50
186.112	186.496	82
186.112	186.72	62
186.112	186.848	58
186.24	186.496	77
186.336	186.56	74
186.464	186.784	79
186.464	186.848	51
186.592	186.752	75
186.72	186.848	72
186.816	187.232	77
186.816	187.616	53
186.848	187.52	62
186.944	187.36	74
187.072	187.264	70
187.168	187.616	63
187.2	187.584	75
187.296	187.616	72
187.424	187.584	69
187.552	187.968	58
187.552	187.968	70
187.552	188.0	62
187.936	188.384	46
188.16	188.384	65
188.352	188.48	70
188.544	188.672	69
188.736	188.864	70
188.896	189.056	72
189.088	189.312	74
189.504	189.728	74
189.504	189.76	70
189.504	189.92	58
189.888	190.304	55
189.888	190.304	70
189.888	190.304	74
190.272	190.528	72
190.272	190.688	51
190.272	190.688	75
190.656	190.944	72
190.656	190.976	69
190.656	191.072	53
191.04	191.488	41
191.232	191.488	65
191.424	191.552	72
191.616	191.776	70
191.808	191.936	72
192.0	192.128	74
192.192	192.448	75
192.576	192.992	75
192.576	193.024	67
192.608	192.992	60
192.992	193.408	72
192.992	193.408	75
192.992	193.824	57
193.376	193.792	53
193.376	193.792	69
193.376	193.792	77
193.76	194.176	70
193.76	194.272	74
193.76	194.4	58
194.144	194.656	46
194.336	194.592	70
194.528	194.656	74
194.72	194.912	75
194.912	195.104	77
195.104	195.264	79
195.264	195.52	80
195.648	195.712	34
195.648	195.84	41
195.648	195.872	58
195.648	195.872	65
195.648	195.904	50
195.648	195.904	68
196.032	196.096	34
196.032	196.256	58
196.032	196.288	50
196.032	196.288	68
196.064	196.256	46
196.448	196.672	65
196.448	196.704	48
196.448	196.704	60
196.448	196.736	68
196.896	197.28	59
196.896	197.28	65
196.896	197.28	67
196.896	197.312	47
196.896	197.312	62
197.28	197.696	59
197.472	197.664	74
197.632	197.792	79
197.824	197.952	78
198.016	198.24	67
198.016	198.4	58
198.048	198.176	79
198.208	198.336	74
198.368	198.624	77
198.368	198.784	67
198.368	198.816	60
198.592	198.816	75
198.784	199.168	48
198.944	199.168	67
199.136	199.264	72
199.232	199.36	71
199.328	199.424	74
199.392	199.52	72
199.52	199.616	75
199.584	199.712	74
199.68	199.808	77
199.776	199.904	75
199.872	200.096	79
200.224	200.448	67
200.224	200.48	36
200.224	200.48	60
200.224	200.48	63
200.224	200.512	48
200.256	200.448	75
200.64	200.768	67
200.64	200.864	60
200.64	200.864	63
200.64	200.896	48
201.024	201.28	60
201.024	201.28	63
201.024	201.312	66
201.056	201.216	54
201.472	201.792	65
201.472	201.856	63
201.472	201.888	60
201.856	202.304	57
202.048	202.24	72
202.24	202.368	77
202.432	202.528	76
202.624	202.72	65
202.624	202.752	77
202.624	203.008	57
202.784	202.912	72
202.976	203.2	75
202.976	203.392	58
202.976	203.392	65
203.168	203.392	74
203.36	203.744	46
203.488	203.616	82
203.584	203.744	81
203.712	203.872	82
203.84	204.0	81
203.968	204.096	79
204.064	204.224	77
204.192	204.352	75
204.32	204.48	74
204.448	204.672	72
204.64	204.864	51
204.832	205.024	58
204.928	205.088	72
205.056	205.216	55
205.056	205.216	74
205.184	205.344	75
205.184	205.568	60
205.312	205.44	74
205.44	205.568	72
205.536	205.696	79
205.664	205.824	77
205.792	205.952	75
205.92	206.304	74
206.112	206.304	53
206.272	206.464	58
206.4	206.528	82
206.496	206.656	56
206.496	206.688	81
206.624	206.784	82
206.624	207.04	62
206.752	206.912	80
206.88	207.04	79
207.008	207.168	77
207.136	207.264	75
207.232	207.392	74
207.36	207.616	75
207.552	207.776	55
207.744	207.936	63
207.84	208.0	75
207.968	208.096	77
207.968	208.16	58
208.096	208.256	79
208.096	208.48	67
208.224	208.384	77
208.352	208.48	75
208.448	208.608	82
208.576	208.736	80
208.704	208.864	79
208.832	209.088	77
209.024	209.248	50
209.216	209.408	58
209.312	209.472	82
209.344	209.44	53
209.44	209.6	53
209.44	209.6	81
209.568	209.728	82
209.568	209.952	62
209.696	209.824	80
209.824	209.952	79
209.92	210.08	77
210.048	210.208	79
210.176	210.304	80
210.304	210.528	79
210.304	212.48	51
210.4	210.56	82
210.528	210.688	81
210.656	210.848	79
210.784	210.944	81
210.912	211.072	82
211.04	211.2	75
211.04	211.776	55
211.136	211.552	79
211.264	211.456	77
211.392	211.552	75
211.52	211.68	77
211.616	211.808	79
211.744	211.904	72
211.744	212.416	60
211.872	212.032	75
212.0	212.128	74
212.128	212.256	72
212.224	212.384	74
212.352	212.512	75
212.48	212.672	67
212.48	213.216	60
212.48	213.248	52
212.608	212.8	70
212.736	212.96	69
212.832	213.024	67
212.96	213.216	69
213.088	213.248	70
213.216	213.472	69
213.216	213.504	53
213.312	213.504	65
213.376	213.504	67
213.408	213.536	60
213.472	213.888	69
213.568	213.888	70
213.568	214.016	57
213.664	213.856	72
213.76	213.888	74
213.76	213.952	60
213.824	213.952	76
213.92	214.112	77
213.92	214.24	53
214.016	214.208	79
214.112	214.336	60
214.112	214.336	81
214.208	214.336	82
214.304	214.56	57
214.304	214.56	84
214.464	214.592	75
214.464	214.688	60
214.656	214.944	53
214.656	214.944	74
214.752	214.976	70
214.848	214.976	72
214.848	215.2	62
214.944	215.04	74
215.04	215.232	75
215.04	215.328	58
215.104	215.296	77
215.2	215.328	79
215.2	215.552	62
215.296	215.584	81
215.392	215.584	82
215.392	215.68	53
215.456	215.68	84
215.552	215.776	62
215.552	215.776	86
215.648	215.776	87
215.744	215.936	89
215.744	216.032	58
215.936	216.128	82
215.936	216.416	62
216.096	216.384	81
216.096	216.416	53
216.192	216.384	82
216.288	216.416	84
216.288	216.544	63
216.384	216.512	82
216.48	216.608	81
216.48	216.768	60
216.544	216.736	82
216.672	216.8	84
216.672	216.864	63
216.736	216.864	86
216.832	217.12	53
216.832	217.152	87
216.928	217.12	86
217.024	217.152	60
217.024	217.152	84
217.088	217.216	82
217.184	217.408	81
217.184	217.6	57
217.28	217.664	79
217.376	217.504	77
217.376	217.888	60
217.472	217.664	75
217.568	217.856	53
217.568	217.952	74
217.632	217.856	77
217.76	217.888	75
217.76	218.048	62
217.92	218.144	75
217.92	218.272	58
218.016	218.208	77
218.112	218.208	62
218.112	218.272	79
218.208	218.368	81
218.208	218.464	62
218.272	218.528	53
218.272	218.528	82
218.368	218.56	81
218.464	218.592	79
218.464	218.848	62
218.56	218.688	77
218.656	218.88	75
218.656	219.104	58
218.752	218.944	74
218.848	219.04	72
218.848	219.072	62
218.944	219.136	70
219.04	219.104	72
219.04	219.328	77
219.04	219.392	57
219.04	219.424	60
219.04	219.424	69
219.04	219.456	53
219.392	219.52	57
219.392	219.616	65
219.392	219.616	77
219.616	219.68	65
219.776	220.0	51
219.776	220.064	72
219.968	220.16	53
220.16	220.384	51
220.352	220.544	53
220.352	220.544	69
220.416	220.544	65
220.512	220.736	50
220.512	220.896	70
220.704	220.896	53
220.864	221.12	50
220.864	221.216	71
221.056	221.28	53
221.248	221.472	51
221.248	221.504	72
221.44	221.632	53
221.6	221.856	51
221.792	221.952	69
221.792	222.016	53
221.888	222.016	65
221.984	222.176	50
221.984	222.336	70
222.144	222.368	53
222.336	222.592	50
222.528	222.752	53
222.72	222.88	72
222.72	222.912	51
222.88	223.104	53
222.88	223.232	72
223.072	223.328	51
223.264	223.456	69
223.264	223.488	53
223.36	223.488	65
223.456	223.552	70
223.456	223.648	50
223.616	223.776	70
223.616	223.808	53
223.808	223.904	71
223.808	224.032	50
223.968	224.096	71
223.968	224.192	53
224.16	224.288	72
224.16	224.384	51
224.352	224.576	53
224.352	224.608	72
224.544	224.768	51
224.736	224.928	53
224.736	224.928	69
224.8	224.928	65
224.896	225.12	50
224.896	225.312	70
225.088	225.312	65
225.28	225.472	62
225.44	225.664	65
225.632	225.76	83
225.632	225.984	63
225.728	225.888	84
225.792	225.92	86
225.888	226.08	84
225.984	226.176	82
225.984	226.304	63
226.08	226.304	81
226.176	226.336	65
226.176	226.336	79
226.272	226.432	77
226.336	227.104	62
226.368	226.624	82
226.432	227.104	77
226.528	226.72	86
226.624	227.008	82
226.72	226.88	89
226.784	226.976	86
226.88	227.072	89
226.976	227.2	86
227.072	227.2	89
227.168	227.296	87
227.264	227.488	86
227.36	227.68	84
227.456	227.648	82
227.456	227.808	58
227.456	227.84	50
227.52	227.744	81
227.616	227.808	79
227.712	227.84	77
227.808	228.096	58
227.808	228.096	79
227.808	228.544	51
227.904	228.16	75
228.0	228.16	82
228.096	228.288	79
228.096	228.416	63
228.096	228.512	58
228.16	228.352	82
228.256	228.448	81
228.352	228.512	82
228.448	228.544	81
228.512	228.672	82
228.608	228.768	81
228.736	228.832	79
228.8	228.928	77
228.896	229.024	75
228.896	229.28	60
228.896	229.312	51
228.896	229.312	58
228.992	229.12	74
229.088	229.216	72
229.184	229.344	70
229.28	229.408	65
229.28	229.472	53
229.376	229.472	77
229.44	229.568	79
229.44	229.632	62
229.536	229.664	77
229.632	229.76	75
229.632	229.856	58
229.728	229.856	74
229.824	229.92	72
229.824	230.24	62
229.92	230.048	70
229.984	230.112	74
229.984	230.272	53
230.048	230.176	72
230.112	230.272	74
230.176	230.304	72
230.176	230.4	63
230.272	230.368	74
230.304	230.464	72
230.336	230.752	57
230.368	230.592	74
230.464	230.624	72
230.528	230.688	70
230.528	230.752	63
230.624	230.752	72
230.72	230.848	74
230.72	231.104	58
230.816	230.912	75
230.912	231.008	77
230.976	231.104	75
231.072	231.2	74
231.168	231.296	72
231.264	231.392	70
231.264	231.424	60
231.36	231.456	69
231.456	231.552	70
231.456	231.584	62
231.52	231.616	72
231.616	231.744	74
231.712	231.84	72
231.808	231.936	70
231.904	232.0	68
232.0	232.032	50
232.0	232.096	67
232.0	232.192	38
232.096	232.192	66
232.16	232.288	67
232.16	232.384	51
232.16	232.544	39
232.256	232.384	69
232.352	232.48	70
232.416	232.544	69
232.544	232.64	67
232.608	232.736	65
232.704	232.832	63
232.8	232.896	62
232.896	233.024	60
232.992	233.088	62
233.088	233.184	63
233.152	233.28	62
233.248	233.376	60
233.344	233.472	58
233.44	233.568	57
233.536	233.664	55
233.632	233.984	41
233.792	233.92	55
233.888	234.08	57
233.984	234.176	58
234.08	234.208	60
234.176	234.304	62
234.272	234.432	63
234.336	234.496	67
234.432	234.592	65
234.528	234.656	63
234.624	234.752	62
234.688	234.848	63
234.816	234.912	65
234.88	235.04	67
234.976	235.104	69
235.072	235.168	50
235.104	235.36	70
235.168	235.392	50
235.264	235.424	67
235.264	235.552	41
235.36	235.456	65
235.424	235.552	67
235.52	235.648	69
235.616	235.744	70
235.712	235.904	72
235.808	235.84	26
235.808	236.096	62
235.808	236.192	50
235.84	235.936	74
235.904	236.064	72
235.968	236.16	70
236.064	236.192	69
236.16	236.288	70
236.256	236.384	72
236.352	236.48	74
236.416	236.576	75
236.512	237.76	53
236.512	237.92	58
236.512	237.984	62
236.704	236.96	77
236.864	237.056	82
236.96	237.152	77
237.056	237.312	82
237.152	237.792	77
237.248	237.408	86
237.312	237.504	82
237.408	237.696	86
237.504	237.952	82
237.6	237.76	89
237.696	237.856	86
237.76	237.984	89
237.856	238.048	86
237.952	238.112	82
238.048	238.208	86
238.112	238.4	82
238.208	239.008	86
238.304	238.496	77
238.4	238.56	82
238.496	238.752	77
238.56	239.232	82
238.688	238.848	74
238.752	238.944	77
238.848	239.136	74
238.944	239.328	77
239.04	239.2	70
239.136	239.296	74
239.2	239.296	70
239.296	239.424	70
239.296	239.456	74
239.328	239.648	77
239.392	239.616	53
239.392	239.616	65
239.584	239.808	62
239.776	240.0	58
239.776	240.352	77
239.936	240.192	62
240.128	240.352	53
240.32	240.512	62
240.32	240.512	79
240.416	240.544	77
240.48	240.704	58
240.512	240.608	75
240.576	240.736	74
240.672	240.8	72
240.672	241.472	62
240.832	241.568	53
240.928	241.152	72
240.992	241.632	74
241.056	241.408	63
241.152	241.504	72
241.216	241.952	60
241.408	241.76	63
241.504	241.76	72
241.568	242.048	53
241.76	242.112	63
241.76	242.176	72
241.952	242.272	60
241.952	242.304	74
242.112	242.208	63
242.144	242.272	70
242.208	242.368	72
242.208	242.4	63
242.336	242.496	70
242.336	242.688	58
242.336	242.688	62
242.496	242.784	70
242.688	243.04	62
242.688	243.424	58
242.848	243.04	70
243.04	243.2	70
243.04	243.424	62
243.2	243.584	70
243.424	243.776	58
243.424	244.256	62
243.584	244.288	70
243.776	244.128	58
243.776	244.128	69
243.776	244.32	72
244.128	244.864	58
244.128	244.864	69
244.32	244.48	72
244.48	244.672	72
244.672	245.024	72
244.864	245.216	58
244.864	245.248	69
245.024	245.248	72
245.216	245.376	74
245.216	245.568	58
245.216	245.568	68
245.376	245.76	74
245.568	245.76	58
245.568	245.792	68
245.76	245.952	58
245.76	245.984	74
245.792	245.984	68
245.952	246.144	75
245.952	246.304	58
245.952	246.304	67
246.144	246.336	75
246.304	246.496	58
246.304	247.104	67
246.336	246.56	79
246.464	246.72	76
246.496	246.656	58
246.656	246.848	62
246.656	246.848	77
246.656	247.04	58
246.848	247.04	62
246.848	247.232	77
247.04	247.392	58
247.04	247.808	62
247.2	247.456	78
247.392	247.552	79
247.392	247.584	58
247.392	247.584	63
247.552	247.808	79
247.584	247.744	58
247.584	247.776	63
247.744	247.84	60
247.744	247.872	81
247.744	247.936	58
247.936	248.032	58
247.936	248.096	60
247.936	248.16	81
248.128	248.32	58
248.128	248.448	74
248.128	248.544	46
248.224	248.384	82
248.32	248.384	58
248.32	248.48	86
248.384	248.512	82
248.384	248.608	58
248.48	248.608	86
248.576	248.768	82
248.672	249.024	58
248.672	249.024	86
248.704	249.056	46
248.768	248.928	82
248.832	249.024	50
248.832	249.056	62
248.864	248.96	74
248.928	249.12	82
249.024	249.216	86
249.024	249.248	50
249.056	249.248	62
249.12	249.312	82
249.216	249.408	86
249.312	249.472	82
249.408	249.536	86
249.408	249.696	58
249.472	249.664	82
249.472	249.888	46
249.568	249.792	55
249.568	249.888	74
249.568	250.112	43
249.664	249.856	82
249.76	249.92	86
249.792	249.952	55
249.856	250.016	82
249.92	250.112	86
250.016	250.208	82
250.112	250.336	43
250.112	250.336	55
250.112	250.336	86
250.208	250.4	82
250.304	250.56	46
250.304	250.624	74
250.304	250.88	58
250.4	250.56	82
250.464	250.592	86
250.56	250.688	46
250.56	250.688	82
250.656	250.944	86
250.752	250.944	82
250.848	251.072	55
250.848	251.52	43
250.944	251.296	82
251.04	251.2	50
251.04	251.232	38
251.2	251.392	86
251.2	251.584	50
251.232	251.808	38
251.296	251.488	82
251.392	251.968	86
251.488	251.648	82
251.584	251.808	50
251.648	251.872	82
251.776	252.096	74
251.776	252.192	51
251.776	252.288	39
251.872	252.064	82
251.968	252.16	86
252.064	252.256	82
252.16	252.384	52
252.16	252.384	86
252.192	252.288	40
252.256	252.48	82
252.288	252.384	40
252.384	252.48	40
252.384	252.672	52
252.384	252.672	86
252.48	252.768	40
252.48	252.768	82
252.672	253.152	74
252.672	253.216	77
252.672	254.08	41
252.672	254.08	53
252.672	254.08	86
254.08	254.24	41
254.24	254.336	65
254.304	254.432	69
254.4	254.528	67
254.496	254.592	70
254.56	254.688	69
254.656	254.784	72
254.752	254.88	70
254.944	255.072	69
255.04	255.136	72
255.136	255.264	70
255.232	255.328	74
255.296	255.424	72
255.392	255.52	75
255.488	255.584	74
255.68	255.776	72
255.776	255.904	75
255.872	255.968	74
255.968	256.096	77
256.064	256.16	75
256.16	256.288	79
256.256	256.48	53
256.256	256.512	77
256.48	256.64	62
256.64	256.832	58
256.8	256.96	74
256.8	257.024	62
256.992	257.184	53
256.992	257.216	70
257.184	257.344	62
257.344	257.568	58
257.344	257.568	70
257.536	257.728	62
257.728	257.824	75
257.728	257.92	53
257.92	258.016	77
257.92	258.112	63
258.016	258.112	74
258.112	258.272	60
258.112	258.464	79
258.272	258.464	63
258.432	258.656	53
258.432	258.784	69
258.624	258.848	63
258.848	259.008	60
258.976	259.232	63
259.2	259.712	77
259.2	259.776	53
259.36	259.744	61
259.552	259.776	58
259.744	259.968	61
259.744	259.968	73
259.936	260.128	53
259.936	260.16	70
260.064	260.32	61
260.288	260.512	58
260.288	260.512	70
260.448	260.672	61
260.64	260.896	53
260.64	260.96	75
260.864	261.056	63
260.864	261.056	77
261.024	261.216	60
261.024	261.376	78
261.184	261.376	63
261.376	261.568	53
261.376	261.728	69
261.536	261.792	63
261.76	261.952	60
261.92	262.112	63
262.112	262.272	70
262.112	262.336	61
262.112	262.464	54
262.304	262.368	82
262.464	262.624	84
262.656	262.848	85
262.848	263.04	84
263.008	263.232	82
263.2	263.392	80
263.392	263.584	78
263.552	263.776	77
263.552	264.512	54
263.744	264.0	58
263.936	264.16	60
264.096	264.288	61
264.288	264.512	61
264.288	264.704	76
264.48	264.672	60
264.672	264.896	60
264.864	265.056	58
265.024	265.216	77
265.024	265.248	53
265.024	265.408	57
265.216	265.568	77
265.376	265.984	53
265.408	266.144	57
265.568	265.76	77
265.76	265.952	77
265.952	266.304	77
266.144	266.432	53
266.144	266.56	57
266.304	266.496	77
266.496	266.656	77
266.496	266.848	55
266.496	266.848	58
266.656	266.88	77
266.848	267.104	53
266.848	267.328	55
266.848	267.392	58
267.008	267.232	77
267.232	267.392	77
267.392	267.744	77
267.584	267.872	53
267.584	267.904	59
267.584	267.936	56
267.744	267.936	77
267.936	268.128	77
267.936	268.32	57
267.936	268.32	60
267.968	268.384	53
268.128	268.48	77
268.32	268.576	61
268.32	268.704	57
268.48	268.672	77
268.672	268.864	77
268.672	269.056	53
268.672	269.056	58
268.672	269.056	62
268.864	269.248	77
269.056	269.344	53
269.056	269.408	59
269.056	269.44	62
269.248	269.408	77
269.408	269.632	77
269.408	269.792	63
269.408	270.336	60
269.408	270.368	53
269.6	269.792	81
269.792	269.984	63
269.792	270.624	81
269.984	270.144	63
269.984	270.144	84
270.144	270.624	84
270.144	271.104	63
270.336	270.496	87
270.496	271.008	87
270.528	270.944	75
270.688	270.88	84
270.88	271.104	84
271.072	271.264	81
271.264	271.52	81
271.424	271.552	77
271.616	271.84	77
271.808	271.904	76
272.0	272.224	76
272.192	272.32	77
272.416	272.64	53
272.416	272.64	77
272.64	272.832	57
272.64	272.832	76
272.832	273.088	57
272.832	273.152	75
273.024	273.12	60
273.184	273.44	60
273.408	273.504	63
273.568	273.824	63
273.568	273.856	75
273.76	273.952	60
273.952	274.176	60
274.144	274.272	57
274.304	274.56	75
274.304	274.592	57
274.528	274.72	53
274.688	274.912	54
274.688	274.944	75
274.88	275.104	55
274.912	275.104	67
275.072	275.296	56
275.072	275.392	75
275.264	275.456	57
275.456	275.584	58
275.456	275.872	74
275.584	275.968	58
275.808	276.224	68
275.808	276.224	77
275.968	276.192	58
276.192	276.32	58
276.192	276.608	67
276.192	276.608	75
276.32	276.672	58
276.576	276.864	66
276.576	276.896	74
276.736	276.928	58
276.928	277.056	58
276.928	277.28	75
276.928	277.312	67
277.056	277.44	58
277.28	277.728	70
277.28	277.728	79
277.44	277.664	58
277.664	277.792	58
277.664	277.824	77
277.664	278.08	68
277.792	278.08	58
278.016	278.336	76
278.016	278.464	67
278.176	278.368	58
278.368	278.528	58
278.368	278.816	68
278.4	278.528	77
278.528	278.816	58
278.72	279.136	77
278.752	279.136	80
278.912	279.104	58
279.104	279.264	58
279.104	279.52	75
279.104	279.552	79
279.264	279.648	58
279.456	279.84	77
279.456	279.872	74
279.648	280.128	58
279.84	280.0	77
279.84	280.0	79
279.84	280.192	59
280.0	280.224	77
280.0	280.224	79
280.192	280.608	47
280.192	280.608	59
280.352	280.576	79
280.352	280.608	77
280.544	280.736	60
280.544	280.736	87
280.544	280.768	48
280.576	280.736	75
280.576	280.736	79
280.736	280.96	75
280.736	280.992	60
280.736	281.088	79
280.736	281.152	87
280.928	281.248	46
280.928	281.472	58
281.088	281.312	79
281.12	281.248	72
281.12	281.28	75
281.28	281.472	72
281.28	281.472	75
281.28	281.472	77
281.28	281.504	45
281.28	281.504	69
281.28	281.632	57
281.472	281.6	72
281.472	281.664	75
281.472	281.696	77
281.632	282.048	45
281.632	282.304	57
281.664	281.824	69
281.824	282.016	77
281.824	282.048	72
281.824	282.048	75
282.016	282.176	77
282.016	282.176	86
282.016	282.368	46
282.016	282.4	58
282.016	282.4	74
282.176	282.4	77
282.176	282.4	86
282.368	282.656	69
282.368	282.688	45
282.368	283.04	57
282.56	282.752	70
282.56	282.784	77
282.72	283.04	75
282.72	283.104	43
282.752	282.912	70
282.912	283.072	74
282.912	283.104	70
283.104	283.328	55
283.104	283.488	43
283.264	283.488	75
283.296	283.488	70
283.296	283.488	74
283.456	283.648	72
283.456	283.648	84
283.456	283.872	45
283.456	283.872	57
283.488	283.648	75
283.648	283.744	72
283.648	283.776	75
283.648	283.84	84
283.84	284.16	55
283.84	284.16	67
283.84	284.192	43
284.0	284.16	69
284.0	284.192	72
284.0	284.256	75
284.192	284.352	72
284.192	284.448	42
284.192	284.48	54
284.192	284.512	74
284.352	284.512	69
284.352	284.544	72
284.544	284.928	54
284.576	284.896	42
284.736	284.96	69
284.736	284.96	72
284.736	285.024	74
284.928	285.088	70
284.928	285.088	82
284.928	285.152	55
284.928	285.312	43
285.088	285.248	74
285.088	285.248	82
285.088	285.312	70
285.28	285.632	53
285.28	285.664	41
285.472	285.6	67
285.472	285.696	74
285.472	285.856	70
285.664	285.824	72
285.664	285.984	51
285.664	285.984	67
285.664	286.016	39
285.824	285.984	72
285.824	286.016	55
285.856	286.048	70
286.016	286.24	58
286.208	286.4	55
286.208	286.4	72
286.368	286.56	82
286.368	286.592	51
286.56	286.752	55
286.56	286.752	82
286.752	286.944	58
286.752	286.944	82
286.912	287.136	55
286.912	287.136	72
287.104	287.2	74
287.104	287.328	53
287.296	287.392	74
287.296	287.488	56
287.488	287.68	58
287.648	287.84	74
287.648	287.872	56
287.84	288.0	82
287.84	288.032	53
288.0	288.192	56
288.0	288.192	82
288.192	288.416	58
288.192	288.448	82
288.384	288.576	56
288.384	288.576	74
288.544	288.736	75
288.544	288.768	55
288.736	288.864	75
288.736	288.96	58
288.928	289.12	63
289.088	289.312	58
289.088	289.312	76
289.12	289.216	64
289.28	289.408	77
289.28	289.536	50
289.472	289.664	56
289.472	289.664	77
289.664	289.856	58
289.824	290.016	56
289.824	290.048	78
290.016	290.208	79
290.016	290.24	51
290.208	290.368	79
290.208	290.4	63
290.368	290.528	81
290.368	290.56	48
290.56	290.688	48
290.56	290.688	81
290.56	290.784	60
290.752	290.944	62
290.752	290.944	82
290.752	291.04	50
290.944	291.136	82
290.944	291.168	62
291.136	291.328	45
291.136	291.328	84
291.328	291.52	57
291.328	291.52	84
291.488	292.288	46
291.488	292.32	58
291.52	291.584	79
291.52	292.16	85
292.064	292.288	84
292.128	292.288	82
292.16	292.288	81
292.288	292.384	76
292.288	292.928	82
292.288	293.088	54
292.864	293.088	84
292.928	293.088	82
292.992	293.12	81
293.088	293.152	82
293.088	294.368	85
293.088	294.4	52
293.088	294.944	40
294.272	294.496	82
294.368	294.56	79
294.464	294.592	76
294.56	294.752	73
294.624	294.848	70
294.72	294.848	67
294.816	295.232	64
294.912	295.232	61
295.008	295.232	58
295.104	295.232	55
295.2	295.712	52
295.296	295.552	50
295.392	295.552	46
295.52	295.744	43
295.616	295.776	40
295.712	296.608	53
295.712	297.056	41
296.928	297.088	57
297.024	297.152	55
297.12	297.344	53
297.216	297.344	55
297.312	297.504	57
297.376	297.984	58
297.472	297.92	60
297.568	297.952	62
297.664	297.92	63
297.728	297.952	65
297.824	297.952	67
297.92	298.08	69
297.984	298.368	70
298.048	298.336	72
298.144	298.368	74
298.208	298.4	75
298.304	298.4	77
298.368	298.496	79
298.432	298.72	81
298.528	298.72	82
298.592	298.816	84
298.656	298.816	86
298.72	298.88	87
298.784	298.912	89
299.776	299.936	70
299.936	300.096	70
300.064	300.192	72
300.16	300.256	74
300.224	300.32	72
300.32	300.416	74
300.416	300.512	72
300.512	300.608	74
300.576	300.672	72
300.672	300.768	74
300.736	300.832	72
300.832	300.928	74
300.928	301.024	72
300.992	301.088	74
301.056	301.184	72
301.152	301.792	57
301.184	301.248	53
301.184	301.312	74
301.184	301.792	63
301.184	301.984	51
301.216	301.376	72
301.312	301.6	74
301.376	301.536	72
301.536	301.696	72
301.6	301.76	74
301.696	301.856	72
301.76	302.144	71
301.856	302.112	72
301.952	302.176	74
302.016	302.176	75
302.112	302.208	77
302.144	302.304	79
302.24	302.432	81
302.336	302.496	82
302.4	302.592	84
302.464	302.592	86
302.528	302.624	87
302.592	302.688	86
302.656	302.784	89
302.752	302.88	87
302.848	303.04	86
302.944	303.04	84
303.008	303.136	87
303.104	303.232	86
303.2	303.296	84
303.264	303.392	82
303.36	303.552	86
303.456	303.584	84
303.52	303.648	82
303.616	303.776	81
303.712	303.808	84
303.776	303.904	82
303.872	304.032	81
303.936	304.064	79
304.032	304.256	81
304.224	304.416	79
304.384	304.512	77
304.544	304.672	75
304.736	304.928	79
304.896	305.088	77
305.088	305.184	75
305.248	305.344	74
305.408	305.632	79
305.6	305.792	77
305.792	305.888	75
305.952	306.08	74
306.144	306.528	77
306.496	306.88	75
306.848	307.04	74
307.2	307.36	72
307.552	307.68	70
307.744	307.872	72
307.936	308.032	73
308.128	308.224	74
308.32	309.376	75
309.344	310.624	76
310.656	311.04	77
311.008	311.392	58
311.2	311.424	74
311.392	311.584	70
311.392	311.744	62
311.744	311.968	70
311.744	312.128	67
312.128	312.256	75
312.128	312.512	60
312.32	312.512	77
312.352	312.416	75
312.416	312.832	75
312.48	312.864	63
312.48	312.864	79
312.832	313.248	65
312.832	313.248	69
313.216	313.6	63
313.376	313.6	69
313.568	313.984	62
313.6	313.792	72
313.76	313.984	70
313.952	314.208	74
313.952	314.368	57
313.952	314.688	65
314.144	314.432	72
314.304	314.688	75
314.304	314.72	58
314.496	314.688	74
314.656	314.912	77
314.656	315.072	51
314.656	315.072	60
314.848	315.072	75
315.04	315.488	74
315.04	315.808	58
315.04	316.064	53
315.584	315.744	75
315.68	315.808	74
315.776	315.968	72
315.776	316.192	57
315.936	316.16	74
316.128	316.352	75
316.32	316.544	76
316.512	316.672	46
316.512	317.088	77
316.704	316.928	58
316.896	317.088	62
317.056	317.184	75
317.056	317.28	58
317.152	317.216	74
317.184	317.312	72
317.248	317.376	70
317.248	317.44	43
317.408	317.568	70
317.408	317.632	55
317.6	317.728	70
317.6	317.824	58
317.76	317.984	55
317.76	318.016	70
317.952	318.08	75
317.984	318.112	60
318.144	318.272	77
318.176	318.368	48
318.208	318.368	75
318.272	318.336	74
318.336	318.56	51
318.336	318.72	79
318.496	318.72	48
318.688	319.072	41
318.688	319.104	69
318.88	319.072	53
319.072	319.328	57
319.232	319.456	77
319.232	319.648	53
319.424	319.744	74
319.424	320.064	58
319.552	319.808	77
319.68	319.84	82
319.776	320.16	79
319.776	320.448	51
319.904	320.128	75
320.032	320.192	72
320.16	320.48	77
320.16	320.544	53
320.256	320.48	74
320.416	320.672	70
320.512	320.896	41
320.512	320.928	75
320.64	320.864	72
320.768	320.928	69
320.896	321.408	50
320.896	321.408	70
320.896	321.536	58
321.024	321.12	82
321.12	321.248	82
321.248	321.376	82
321.376	321.504	82
321.504	321.632	82
321.632	321.76	82
321.728	321.888	81
321.856	322.016	79
321.984	322.176	77
321.984	322.24	58
321.984	322.368	50
322.112	322.272	75
322.24	322.4	74
322.336	322.752	72
322.336	323.04	58
322.336	323.104	51
322.464	322.592	79
322.592	322.72	79
322.72	322.848	79
322.848	322.944	79
322.944	323.072	79
323.072	323.232	79
323.2	323.36	77
323.328	323.488	75
323.456	323.616	74
323.456	323.84	51
323.456	323.84	57
323.552	323.744	75
323.68	323.84	72
323.808	324.192	76
323.808	324.48	50
323.808	324.512	58
323.904	324.064	77
323.968	324.224	79
324.064	324.48	77
324.16	324.48	75
324.16	324.512	55
324.256	324.48	74
324.352	324.48	72
324.448	324.576	70
324.544	324.832	74
324.544	325.312	51
324.64	324.768	72
324.768	324.896	72
324.832	324.928	74
324.896	325.152	72
324.896	325.312	57
324.896	325.376	53
324.928	325.216	74
325.088	325.28	70
325.152	325.6	72
325.28	325.664	58
325.28	325.696	50
325.28	325.696	70
325.472	325.504	82
325.536	325.696	81
325.664	325.76	82
325.728	325.856	81
325.824	325.952	82
325.92	326.016	81
326.016	326.144	82
326.08	326.24	81
326.208	326.336	79
326.304	326.464	77
326.4	326.656	75
326.4	326.688	58
326.4	326.784	50
326.496	326.624	74
326.56	326.688	72
326.656	326.816	70
326.752	326.976	67
326.752	327.136	58
326.752	327.168	51
326.944	327.136	79
327.008	327.168	78
327.136	327.232	79
327.2	327.328	78
327.296	327.424	79
327.36	327.52	78
327.488	327.616	79
327.584	327.712	77
327.68	327.776	75
327.776	327.904	74
327.84	328.256	60
327.872	328.064	72
327.872	328.256	51
327.968	328.192	70
328.032	328.256	69
328.128	328.256	67
328.224	328.416	65
328.224	328.512	53
328.384	328.544	67
328.416	328.704	62
328.48	328.704	69
328.576	328.672	58
328.576	328.896	70
328.672	328.896	72
328.672	328.928	58
328.768	328.896	74
328.768	328.96	62
328.864	329.056	75
328.96	329.12	77
328.96	329.248	53
329.024	329.248	79
329.12	329.28	81
329.12	329.344	62
329.216	329.408	82
329.312	329.408	58
329.312	329.504	84
329.408	329.6	58
329.408	329.6	86
329.504	329.6	87
329.504	329.856	62
329.568	329.696	89
329.664	329.792	82
329.664	330.08	53
329.728	329.856	84
329.792	329.92	86
329.856	329.952	84
329.856	330.144	63
329.92	330.048	86
329.952	330.112	84
330.016	330.432	60
330.048	330.144	86
330.112	330.208	84
330.144	330.304	86
330.208	330.336	84
330.24	330.432	63
330.304	330.4	86
330.336	330.432	84
330.4	330.528	86
330.4	330.656	53
330.432	330.56	84
330.528	330.656	86
330.56	330.688	84
330.56	330.944	63
330.656	330.752	86
330.688	330.848	84
330.752	331.072	60
330.752	331.168	86
330.848	331.04	84
330.944	331.136	82
330.944	331.232	63
331.04	331.264	84
331.136	331.52	62
331.136	331.584	82
331.328	331.584	58
331.52	331.872	62
331.68	332.032	58
331.872	332.224	62
332.032	332.448	58
332.224	332.672	62
332.448	332.64	70
332.448	332.768	58
332.608	333.184	80
332.64	332.992	65
332.768	333.184	58
332.992	333.248	65
333.184	333.28	77
333.184	333.376	58
333.344	333.536	68
333.344	333.536	74
333.504	333.728	58
333.696	333.888	74
333.696	333.92	68
333.888	334.112	58
334.08	334.304	67
334.08	334.304	75
334.24	334.464	58
334.464	334.656	62
334.464	334.656	77
334.624	334.848	58
334.816	335.008	63
334.816	335.04	79
334.976	335.2	58
335.168	335.392	63
335.36	335.584	79
335.36	335.744	58
335.552	335.776	77
335.552	335.904	60
335.744	336.096	58
335.744	336.096	75
335.904	336.096	60
335.936	336.128	74
336.096	336.288	60
336.096	336.32	72
336.096	336.48	58
336.288	336.672	60
336.288	336.736	70
336.48	336.8	69
336.48	336.832	58
336.672	336.928	60
336.672	336.928	75
336.832	337.024	58
336.832	337.056	69
337.024	337.408	58
337.056	337.248	70
337.056	337.408	62
337.216	337.344	72
337.376	337.504	74
337.568	337.696	75
337.728	337.856	76
337.92	338.08	77
338.112	338.24	78
338.304	338.56	79
338.496	338.752	65
338.496	338.816	80
338.72	339.04	58
338.88	339.168	65
339.04	339.168	79
339.04	339.264	58
339.104	339.2	77
339.168	339.296	75
339.232	339.328	74
339.264	339.424	68
339.392	339.52	74
339.392	339.616	58
339.584	339.712	74
339.584	339.808	68
339.776	339.904	74
339.776	340.0	58
339.968	340.288	67
339.968	340.352	75
340.128	340.512	58
340.32	340.448	79
340.352	340.704	62
340.384	340.512	77
340.448	340.672	79
340.512	340.64	77
340.512	340.736	58
340.64	340.736	77
340.64	340.864	75
340.672	341.088	79
340.704	340.896	63
340.864	341.088	58
341.056	341.248	63
341.216	341.472	79
341.216	341.632	58
341.44	341.664	77
341.44	341.696	60
341.632	341.952	75
341.632	341.984	58
341.792	341.984	60
341.824	342.016	74
341.984	342.176	60
341.984	342.208	72
341.984	342.336	58
342.176	342.528	60
342.176	342.656	70
342.336	342.72	58
342.368	342.72	69
342.528	342.752	75
342.528	342.784	60
342.72	342.944	58
342.72	342.944	69
342.912	343.328	62
342.912	343.328	70
342.944	343.36	58
343.52	343.712	74
343.68	344.288	77
343.68	344.48	53
343.68	344.48	60
343.872	344.384	75
344.064	344.352	72
344.064	344.48	63
344.224	344.48	69
344.448	344.832	58
344.448	344.832	62
344.448	344.832	70
344.992	345.152	74
345.12	345.632	70
345.184	346.016	60
345.184	346.016	77
345.184	346.112	53
345.376	345.888	75
345.568	346.048	63
345.6	345.92	72
345.76	346.016	69
345.984	346.4	70
345.984	346.432	58
345.984	346.432	62
346.56	346.752	77
346.752	347.008	53
346.752	347.008	72
346.752	347.008	77
346.752	347.04	81
346.752	347.072	41
347.136	347.392	72
347.136	347.424	77
347.136	347.424	81
347.136	347.456	41
347.168	347.36	53
347.552	347.808	46
347.552	347.808	70
347.552	347.808	77
347.552	347.808	82
347.552	347.84	34
