0.512	2.304	62
1.376	3.072	61
2.24	4.832	60
3.104	4.96	57
4.0	5.888	54
4.928	5.888	50
5.792	5.824	53
5.824	6.784	51
6.688	7.072	62
6.688	7.456	50
7.072	7.232	62
7.232	7.456	62
7.456	8.192	67
7.456	8.224	43
7.456	8.224	50
7.456	8.288	62
7.456	8.384	58
7.968	8.16	69
8.224	8.96	66
8.224	9.024	60
8.224	9.056	63
8.224	9.088	70
8.224	10.56	43
8.736	9.056	69
8.992	9.504	67
8.992	9.76	62
8.992	9.824	58
9.504	10.144	67
9.76	10.144	62
9.76	10.304	57
9.76	10.528	50
9.792	10.144	60
10.144	10.272	60
10.144	10.272	62
10.272	10.528	62
10.272	10.56	60
10.528	11.328	50
10.528	11.36	62
10.528	11.424	58
10.56	11.296	43
10.56	11.328	67
11.04	11.328	69
11.296	11.648	54
11.296	12.032	66
11.296	12.096	43
11.296	12.096	60
11.296	12.128	63
11.296	12.192	70
11.808	12.128	69
12.064	12.576	67
12.064	12.864	58
12.064	12.864	62
12.096	12.896	43
12.576	13.024	67
12.864	13.216	58
12.864	13.216	62
12.864	13.248	54
13.216	13.376	58
13.216	13.376	62
13.376	13.664	58
13.376	13.728	62
13.664	14.112	53
13.664	14.176	65
13.664	14.208	41
13.664	14.528	50
13.664	15.264	58
14.176	14.464	65
14.464	15.296	51
14.464	15.296	65
14.464	15.872	57
15.008	15.328	62
15.264	15.808	58
15.264	16.384	53
15.264	16.64	50
15.808	16.064	58
16.064	16.448	58
16.064	16.8	55
16.448	16.896	58
16.608	16.928	60
16.896	17.696	58
16.896	17.728	53
16.896	17.824	62
17.696	18.08	58
17.696	18.496	39
17.696	18.56	54
18.08	18.528	58
18.24	18.56	60
18.496	19.328	53
18.528	19.36	62
18.528	20.064	58
19.008	19.36	65
19.296	20.032	48
19.296	20.032	57
19.296	20.032	67
19.296	20.096	41
19.296	20.128	63
19.808	20.096	65
20.064	20.928	58
20.064	20.96	53
20.064	20.992	62
20.096	20.96	41
20.64	20.96	60
20.928	21.344	58
20.928	21.504	51
20.928	21.824	55
20.928	21.856	39
21.344	21.824	58
21.504	21.824	60
21.792	24.224	50
21.792	24.576	38
21.824	24.16	57
21.824	24.544	54
21.824	24.608	62
24.192	24.576	74
24.576	24.704	74
24.704	25.664	74
24.96	25.792	62
24.992	25.568	70
24.992	25.728	55
24.992	25.792	79
25.472	25.76	81
25.728	25.792	82
25.728	26.496	55
25.728	26.528	72
25.728	26.528	75
25.728	26.56	78
26.24	26.528	81
26.496	27.008	79
26.496	27.136	55
26.496	27.136	74
26.528	27.136	70
27.008	27.36	79
27.296	27.616	72
27.296	27.776	69
27.296	28.032	55
27.296	28.032	62
27.616	27.776	72
27.616	27.776	74
27.776	28.064	72
27.776	28.736	74
28.032	28.768	79
28.032	28.8	55
28.032	28.864	62
28.064	28.576	70
28.064	28.704	67
28.544	28.832	81
28.8	29.472	78
28.8	29.6	55
28.8	29.6	72
28.8	29.6	75
29.312	29.6	81
29.568	30.08	79
29.568	30.368	74
29.6	30.304	70
29.6	30.368	55
30.08	30.4	79
30.368	30.4	66
30.368	30.72	70
30.368	30.72	74
30.368	31.104	54
30.72	30.88	70
30.72	31.2	74
30.88	31.168	70
31.168	31.68	77
31.168	32.064	70
31.168	32.448	62
31.168	32.512	53
31.68	31.968	77
31.968	32.8	63
31.968	32.8	69
31.968	32.8	77
32.512	32.8	70
32.8	33.312	70
32.8	33.6	62
32.8	33.6	65
32.8	34.4	58
33.312	33.6	70
33.568	34.144	63
33.568	34.432	67
33.568	34.464	51
33.6	33.952	70
33.952	34.4	70
34.112	34.432	72
34.144	34.432	63
34.4	35.168	70
34.4	35.2	46
34.4	35.2	58
34.4	35.232	65
34.4	35.232	74
35.2	35.584	70
35.2	36.032	58
35.2	36.064	51
35.2	36.064	66
35.584	36.032	70
35.712	36.064	72
36.032	36.736	46
36.032	36.736	70
36.032	36.832	65
36.032	36.832	74
36.032	37.344	58
36.512	36.832	77
36.8	37.6	69
36.8	37.632	53
36.8	37.632	60
36.8	37.632	75
36.8	37.632	79
37.312	37.632	77
37.6	38.144	70
37.6	38.464	65
37.6	38.464	74
37.6	39.232	58
38.144	38.464	72
38.432	38.816	70
38.432	39.328	67
38.432	39.36	51
38.432	39.36	63
38.816	39.36	70
39.008	39.36	72
39.008	39.392	57
39.296	41.824	50
39.328	41.76	62
39.328	41.792	66
41.76	42.112	62
42.112	42.272	62
42.272	42.528	62
42.528	43.04	59
42.528	43.04	62
42.528	43.328	56
42.528	43.328	65
43.04	43.296	59
43.04	43.296	62
43.04	43.328	67
43.232	43.328	70
43.296	43.808	59
43.296	43.808	62
43.296	44.096	68
43.808	44.064	59
43.808	44.064	62
43.808	44.32	67
44.0	44.064	43
44.064	44.576	65
44.064	44.736	62
44.064	44.832	59
44.064	45.536	43
44.576	45.12	65
44.832	45.344	59
44.832	45.376	56
44.832	45.632	53
45.216	45.536	51
45.216	45.6	60
45.344	45.6	50
45.344	45.6	59
45.344	45.6	62
45.6	46.112	59
45.6	46.368	62
45.6	46.368	65
45.6	46.464	56
46.112	46.368	59
46.112	46.4	67
46.304	46.432	70
46.368	46.88	59
46.368	47.136	62
46.368	47.136	68
46.88	47.136	59
46.88	47.168	67
47.136	47.68	62
47.136	47.68	65
47.136	47.872	56
47.136	47.936	59
47.68	48.0	65
47.68	48.032	62
47.84	47.936	43
47.936	48.288	67
47.936	48.288	77
47.936	48.32	79
47.936	49.152	59
47.936	49.248	43
48.288	48.352	70
48.288	48.448	67
48.288	48.448	77
48.32	48.384	65
48.32	48.448	61
48.32	48.448	79
48.448	48.672	71
48.448	48.704	79
48.448	48.736	77
48.448	48.8	67
48.448	48.896	62
48.704	49.024	84
48.704	49.216	60
48.704	49.216	79
48.704	49.216	87
48.704	49.248	91
48.704	49.376	48
48.704	49.504	36
49.216	49.504	60
49.216	49.504	67
49.216	49.504	75
49.216	49.504	79
49.216	49.504	87
49.504	49.856	60
49.504	49.856	67
49.504	49.856	79
49.504	49.92	75
49.504	49.952	87
49.504	49.984	72
49.856	49.952	74
49.856	49.984	60
49.856	49.984	67
49.856	49.984	79
49.856	50.24	86
49.984	50.24	60
49.984	50.272	67
49.984	50.272	72
49.984	50.272	84
49.984	50.56	79
50.24	50.592	68
50.24	50.592	71
50.24	50.592	77
50.24	50.656	60
50.24	50.752	74
50.24	50.88	86
50.592	50.72	68
50.592	50.72	71
50.592	50.848	77
50.72	50.976	68
50.72	50.976	71
50.72	51.008	79
50.912	51.008	82
50.976	51.36	60
50.976	51.36	68
50.976	51.36	71
50.976	51.392	80
50.976	51.488	74
51.36	51.424	62
51.36	51.488	68
51.36	51.488	71
51.36	51.68	60
51.36	51.776	79
51.488	51.776	68
51.488	51.776	71
51.488	51.776	77
51.744	52.096	67
51.744	52.096	72
51.744	52.096	75
51.744	52.48	60
52.096	52.16	66
52.096	52.224	67
52.096	52.224	75
52.096	52.256	72
52.096	52.352	78
52.224	52.32	55
52.224	52.32	79
52.224	52.48	67
52.224	52.48	75
52.256	52.48	72
52.32	52.48	79
52.48	52.864	60
52.48	52.864	67
52.48	52.864	72
52.48	52.864	79
52.48	52.928	75
52.48	52.928	87
52.864	52.992	67
52.864	52.992	72
52.864	52.992	74
52.864	52.992	79
52.864	53.024	60
52.864	53.248	86
52.992	53.248	67
52.992	53.248	84
52.992	53.28	72
52.992	53.472	79
53.024	53.632	60
53.248	53.6	68
53.248	53.6	71
53.248	53.6	77
53.248	53.76	86
53.248	53.856	74
53.6	53.728	68
53.6	53.728	71
53.6	53.76	77
53.728	53.984	68
53.728	53.984	71
53.728	54.016	79
53.92	54.016	82
53.984	54.368	68
53.984	54.368	71
53.984	54.4	80
53.984	54.432	60
53.984	54.496	74
54.368	54.496	68
54.368	54.496	71
54.368	54.624	62
54.368	54.656	79
54.496	54.784	71
54.496	54.784	77
54.496	54.848	68
54.752	55.104	72
54.752	55.104	75
54.752	55.136	67
54.752	55.392	60
55.104	55.232	72
55.104	55.232	75
55.104	55.392	78
55.232	55.424	67
55.232	55.488	79
55.232	55.52	75
55.232	55.616	72
55.488	55.872	79
55.488	55.968	74
55.488	56.256	67
55.488	56.832	58
55.52	56.256	86
55.872	56.256	79
55.968	56.64	74
56.256	56.608	79
56.256	56.64	63
56.256	56.736	72
56.256	57.728	84
56.608	56.896	79
56.64	57.056	63
56.736	56.992	72
56.864	56.992	81
56.992	57.504	62
56.992	57.504	81
56.992	57.632	78
56.992	57.664	72
57.376	57.728	79
57.504	57.76	62
57.504	57.824	81
57.76	58.144	74
57.76	58.176	82
57.76	58.272	62
57.76	58.528	70
57.76	58.56	55
58.144	58.528	79
58.24	58.528	74
58.272	58.56	62
58.528	58.912	79
58.528	58.944	82
58.528	59.04	74
58.528	59.2	86
58.528	59.328	64
58.912	59.328	79
59.04	59.296	74
59.296	59.68	69
59.296	59.68	74
59.296	59.872	81
59.296	60.064	65
59.296	60.384	57
59.68	60.096	74
59.776	60.448	69
60.064	60.448	79
60.064	60.48	73
60.064	60.576	81
60.064	60.896	64
60.448	60.896	79
60.448	60.928	82
60.576	60.864	81
60.576	60.896	69
60.576	61.12	67
60.864	61.344	62
60.864	61.344	81
60.864	61.344	86
60.864	61.408	66
60.864	61.408	74
61.216	61.376	61
61.344	61.6	62
61.6	62.112	62
61.984	62.112	74
62.112	62.368	62
62.112	62.4	74
62.368	62.88	62
62.368	62.912	69
62.368	62.912	75
62.368	62.944	72
62.368	63.2	67
62.752	63.168	61
62.752	63.168	79
62.88	63.168	62
62.88	63.168	82
63.168	63.52	75
63.168	63.648	79
63.168	63.712	86
63.168	63.936	62
63.52	63.936	84
63.648	63.968	79
63.936	64.416	62
63.936	64.416	81
63.936	64.608	72
63.936	64.704	66
64.288	64.672	61
64.288	64.736	82
64.416	64.704	62
64.416	64.736	81
64.704	65.056	78
64.704	65.184	66
64.704	65.216	75
64.704	65.472	62
64.704	65.504	84
65.056	65.184	78
65.056	65.504	74
65.056	65.504	82
65.184	65.504	72
65.184	65.504	81
65.184	65.536	78
65.472	65.856	62
65.472	65.952	70
65.472	65.984	79
65.856	65.984	62
65.856	65.984	75
65.856	66.048	72
65.856	66.272	81
65.952	66.272	70
65.984	66.24	62
65.984	66.624	79
66.24	66.656	77
66.24	67.04	62
66.24	67.04	69
66.272	66.656	72
66.624	66.752	70
66.624	67.072	79
66.752	67.072	70
66.752	67.072	75
66.784	67.04	67
67.04	67.456	74
67.04	67.552	62
67.04	67.84	66
67.04	67.872	69
67.424	67.84	63
67.552	67.84	62
67.84	68.224	62
68.224	68.384	62
68.384	68.672	62
68.64	68.992	55
68.64	69.152	50
68.64	69.152	63
68.64	69.376	60
69.024	69.216	49
69.024	69.408	67
69.152	69.408	50
69.152	69.472	70
69.408	69.92	67
69.408	70.208	50
69.408	70.208	63
69.792	70.176	72
69.92	70.24	67
70.176	70.976	54
70.208	70.464	60
70.208	70.688	50
70.208	70.72	62
70.208	70.72	69
70.56	70.976	49
70.56	71.008	70
70.688	70.976	50
70.72	71.04	69
70.976	71.744	50
70.976	71.776	63
70.976	71.776	66
70.976	71.776	72
71.328	71.776	70
71.456	71.776	69
71.744	72.128	50
71.744	72.16	62
71.744	72.16	67
71.744	72.192	58
72.128	72.288	50
72.128	72.288	60
72.128	72.288	69
72.128	72.32	63
72.256	72.544	62
72.256	72.576	67
72.256	72.928	58
72.288	72.512	50
72.512	72.96	65
72.512	73.056	57
72.512	73.344	50
72.928	73.28	62
72.928	73.312	67
72.928	73.376	58
73.056	73.344	63
73.056	73.408	55
73.344	73.504	50
73.344	73.6	54
73.344	73.888	62
73.344	74.176	57
73.472	73.6	49
73.568	73.856	50
73.728	73.888	49
73.856	74.112	50
73.984	74.176	49
74.144	74.528	62
74.144	74.624	54
74.176	74.624	60
74.272	74.528	50
74.4	74.56	49
74.528	74.688	62
74.528	74.72	50
74.688	74.88	51
74.688	75.52	62
74.72	74.816	50
74.816	75.584	50
74.944	75.232	67
74.944	75.52	58
75.04	75.616	54
75.232	75.648	53
75.36	75.68	52
75.456	75.776	51
75.456	75.808	69
75.584	75.872	50
75.744	75.904	49
75.744	76.288	70
75.744	76.48	66
75.872	76.544	50
76.0	76.384	51
76.128	76.48	52
76.256	76.288	41
76.256	76.384	53
76.256	76.576	69
76.384	76.544	54
76.512	77.056	67
76.512	77.344	58
76.544	76.992	62
76.544	77.28	43
76.64	76.832	54
76.768	76.992	55
76.928	77.184	50
77.056	77.28	49
77.056	77.44	67
77.184	77.44	50
77.312	77.696	62
77.312	77.728	60
77.312	77.76	54
77.44	77.696	50
77.568	77.728	49
77.696	77.856	62
77.696	77.888	50
77.728	77.856	60
77.824	77.984	51
77.856	78.08	60
77.856	78.08	62
77.888	77.952	50
77.952	78.272	50
78.08	78.176	55
78.08	78.336	67
78.08	78.688	43
78.08	78.72	58
78.08	78.816	62
78.24	78.528	54
78.336	78.528	53
78.368	78.56	50
78.464	78.784	52
78.592	78.816	69
78.592	78.912	51
78.72	78.88	50
78.848	79.616	63
78.848	79.68	66
78.88	78.944	42
78.88	79.68	70
78.976	79.648	50
79.104	79.552	51
79.264	79.616	52
79.392	79.52	53
79.392	79.712	69
79.52	79.68	54
79.648	79.936	43
79.648	80.192	67
79.648	80.352	62
79.648	80.448	58
79.744	79.936	54
79.936	80.352	43
80.064	80.288	50
80.192	80.416	49
80.192	80.64	67
80.288	80.576	50
80.448	80.832	58
80.48	80.832	62
80.576	80.832	50
80.704	80.864	49
80.832	80.992	50
80.832	80.992	58
80.832	80.992	62
80.992	81.088	50
80.992	81.28	58
80.992	81.472	62
81.088	81.28	50
81.28	81.344	53
81.28	81.472	65
81.28	81.536	50
81.28	81.824	41
81.28	82.912	58
81.408	81.536	49
81.536	81.792	50
81.632	81.792	49
81.792	82.112	65
81.792	82.208	50
81.92	82.112	49
82.08	82.912	41
82.112	82.72	65
82.112	82.944	57
82.208	82.752	50
82.336	82.784	51
82.496	82.88	48
82.624	82.912	53
82.656	82.944	62
82.784	82.944	51
82.912	83.168	50
82.912	83.456	58
82.912	83.488	53
83.04	83.168	49
83.168	83.456	50
83.296	83.456	49
83.456	83.68	50
83.456	83.744	58
83.584	83.776	49
83.744	84.128	58
83.744	84.288	55
84.0	84.32	46
84.128	84.384	51
84.128	84.576	58
84.288	84.576	55
84.288	84.576	60
84.384	84.576	51
84.544	84.896	46
84.576	84.608	34
84.576	84.736	62
84.576	84.8	53
84.576	85.376	58
84.704	85.152	52
84.8	85.408	53
84.96	85.152	49
85.12	85.408	50
85.376	85.472	42
85.376	85.536	46
85.376	85.76	58
85.376	85.792	54
85.632	85.952	46
85.76	85.952	52
85.76	86.208	58
85.888	86.208	54
85.92	86.208	60
86.016	86.24	52
86.208	86.432	46
86.208	86.656	53
86.208	87.04	58
86.208	87.04	62
86.432	87.008	46
86.592	86.752	49
86.72	87.008	65
86.72	87.04	50
86.976	87.552	41
87.008	87.04	44
87.008	87.072	48
87.008	87.424	67
87.008	87.776	63
87.168	87.2	59
87.296	87.552	48
87.392	87.84	50
87.52	87.776	65
87.52	87.808	51
87.808	88.032	46
87.808	88.608	62
87.808	88.64	58
87.936	88.096	45
88.032	88.544	46
88.192	88.352	49
88.352	88.608	60
88.352	88.672	50
88.544	88.704	46
88.64	89.088	58
88.64	89.152	55
88.832	88.864	45
88.928	89.28	46
89.088	89.248	58
89.248	89.536	58
89.248	89.568	51
89.248	89.6	55
89.408	89.536	45
89.568	89.728	50
89.568	90.048	57
89.568	90.112	54
89.568	90.176	38
89.568	90.208	62
89.728	89.92	49
89.888	90.24	50
90.048	90.144	44
90.176	90.368	46
90.304	90.464	33
90.304	90.528	45
90.432	90.656	41
90.592	90.944	42
90.72	90.944	37
90.848	91.328	38
90.976	91.04	31
91.168	91.2	31
91.328	92.864	38
92.096	92.48	62
92.48	92.608	62
92.608	92.864	62
92.864	93.376	59
92.864	93.632	62
92.864	93.664	65
92.864	94.144	56
93.376	93.632	59
93.376	93.632	67
93.568	93.664	70
93.632	94.144	59
93.632	94.4	62
93.632	94.432	68
94.144	94.4	56
94.144	94.4	59
94.144	94.688	67
94.4	94.912	59
94.4	94.912	62
94.4	94.912	65
94.4	95.168	56
94.912	95.168	59
94.912	95.232	62
94.912	95.488	65
95.168	95.936	56
95.168	95.936	59
95.168	96.032	53
95.552	95.936	51
95.552	95.936	60
95.68	95.872	50
95.68	95.936	62
95.936	96.48	59
95.936	96.704	62
95.936	96.704	65
95.936	97.472	56
95.936	98.176	43
96.448	96.736	67
96.48	96.704	59
96.64	96.736	70
96.704	97.216	59
96.704	97.248	62
96.704	97.504	68
97.216	97.472	59
97.216	97.632	67
97.248	97.472	62
97.472	98.016	65
97.472	98.272	59
97.472	98.304	56
97.472	98.304	62
98.016	98.784	65
98.176	98.272	43
98.272	98.656	67
98.272	98.656	77
98.272	98.656	79
98.272	99.04	59
98.272	99.2	43
98.656	98.688	70
98.656	98.72	61
98.656	98.784	67
98.656	98.784	77
98.656	98.784	79
98.784	99.04	71
98.784	99.04	79
98.784	99.072	65
98.784	99.072	67
98.784	99.072	77
98.784	99.2	62
99.04	99.52	91
99.04	99.648	79
99.04	99.744	60
99.04	100.416	87
99.072	99.104	84
99.2	100.096	43
99.328	99.648	48
99.456	101.376	51
99.584	100.032	55
99.744	100.128	60
99.84	100.32	63
100.0	101.376	67
100.128	100.64	60
100.128	100.64	72
100.256	101.408	75
100.384	100.672	55
100.384	100.704	79
100.512	101.312	84
100.64	101.344	43
100.64	101.344	87
100.64	101.408	60
101.44	101.824	63
101.44	101.888	60
101.472	101.824	67
101.472	101.856	69
101.824	101.952	63
101.824	101.984	67
101.824	102.272	70
101.824	102.304	58
101.952	102.24	63
101.952	102.24	72
101.952	102.272	57
101.952	102.592	60
101.984	102.24	67
102.24	103.04	63
102.24	103.04	67
102.24	103.04	72
102.24	103.328	75
102.272	103.072	57
103.04	103.424	67
103.04	103.424	69
103.04	103.488	72
103.04	103.808	63
103.424	103.552	67
103.424	103.552	69
103.424	103.584	74
103.424	103.904	62
103.552	103.84	60
103.552	103.84	67
103.552	103.84	69
103.552	103.84	75
103.84	104.96	60
103.84	104.96	67
103.84	105.024	69
103.84	105.312	75
104.96	105.472	67
104.96	105.76	57
104.96	105.792	60
104.96	105.792	63
105.344	105.76	69
105.472	105.76	67
105.76	106.208	50
105.76	106.624	58
105.76	106.656	62
105.76	106.688	67
106.176	106.272	49
106.272	106.56	50
106.56	107.2	50
106.944	107.104	62
107.104	107.424	62
107.36	107.424	60
107.36	107.68	55
107.36	107.808	63
107.36	107.872	50
107.744	107.936	49
107.744	108.128	67
107.872	108.128	50
107.872	108.16	69
108.128	108.576	72
108.128	108.928	67
108.128	108.96	50
108.128	108.96	63
108.544	108.736	74
108.672	108.928	75
108.928	109.76	58
108.928	109.76	67
108.928	109.856	62
108.96	109.472	50
109.344	109.504	49
109.472	110.176	50
109.76	110.464	51
109.76	110.592	61
109.76	111.008	67
109.76	111.328	58
110.144	110.944	72
110.272	110.592	70
110.464	110.56	51
110.56	111.328	68
110.56	111.392	60
110.56	111.424	44
110.56	111.52	51
110.944	111.424	72
111.104	111.328	67
111.232	111.392	66
111.328	112.256	67
111.392	111.936	66
111.392	112.256	50
111.392	112.32	60
111.808	112.288	64
111.936	112.288	66
112.256	112.8	50
112.256	113.056	67
112.256	113.12	58
112.256	113.472	43
112.672	113.024	51
112.704	112.736	63
112.8	113.088	50
113.056	113.44	62
113.088	113.6	50
113.088	113.824	57
113.44	113.6	60
113.44	113.6	62
113.6	113.824	50
113.6	113.824	62
113.6	113.856	60
113.824	114.592	62
113.824	114.624	50
113.824	114.624	67
113.824	114.752	58
113.824	119.232	43
114.336	114.656	69
114.592	115.36	66
114.592	115.424	60
114.592	115.424	63
114.592	115.424	70
115.104	115.424	69
115.36	116.16	62
115.36	116.224	58
115.392	115.872	67
115.872	116.48	67
116.16	116.512	60
116.16	116.512	62
116.16	116.672	57
116.16	116.896	50
116.512	116.672	60
116.512	116.672	62
116.672	116.896	60
116.672	116.896	62
116.896	117.696	50
116.896	117.696	62
116.896	117.888	58
116.928	117.664	67
117.408	117.728	69
117.664	118.4	66
117.664	118.496	60
117.664	118.528	63
117.664	118.976	70
118.176	118.496	69
118.432	118.944	67
118.432	119.232	58
118.432	119.232	62
118.944	119.36	67
119.232	119.616	54
119.232	119.616	58
119.232	119.616	62
119.616	119.776	58
119.616	119.776	62
119.776	120.032	58
119.776	120.16	62
120.032	120.48	53
120.032	120.544	65
120.032	120.896	50
120.032	121.536	41
120.032	121.632	58
120.544	120.832	65
120.832	121.664	51
120.832	121.664	65
120.832	122.496	57
121.376	121.696	62
121.632	122.176	58
121.632	122.496	50
121.632	122.688	53
122.176	122.464	58
122.464	122.848	58
122.464	123.008	55
122.848	123.264	58
122.976	123.264	60
123.264	124.064	58
123.264	124.128	53
123.264	124.32	62
124.064	124.448	58
124.064	124.896	54
124.096	124.832	39
124.448	124.864	58
124.608	124.896	60
124.864	125.696	53
124.864	125.728	62
124.864	126.432	58
125.376	125.728	65
125.664	126.4	57
125.664	126.464	41
125.664	126.464	48
125.664	126.464	67
125.664	126.656	63
126.176	126.432	65
126.432	127.264	58
126.432	127.328	53
126.432	127.328	62
126.432	127.392	46
127.008	127.328	60
127.264	127.712	58
127.296	128.16	55
127.712	127.872	58
127.872	128.16	60
127.872	128.192	58
128.16	130.592	50
128.16	130.592	57
128.16	130.624	38
128.16	130.976	54
128.16	130.976	62
130.56	130.944	74
130.944	131.072	74
131.072	132.032	74
131.328	132.096	55
131.328	132.128	62
131.328	132.128	79
131.36	132.032	67
131.36	132.032	70
131.84	132.128	81
132.096	132.864	55
132.096	132.896	72
132.096	132.896	75
132.096	132.896	78
132.608	132.896	81
132.864	133.376	79
132.864	133.536	70
132.864	133.632	55
132.864	133.696	74
133.376	133.76	79
133.632	133.984	72
133.632	134.144	62
133.632	134.4	55
133.664	134.016	69
133.984	134.144	72
134.016	135.072	74
134.144	134.4	62
134.144	134.464	72
134.4	135.008	70
134.4	135.104	79
134.4	135.168	55
134.4	135.232	62
134.912	135.168	81
135.168	135.808	78
135.168	135.968	72
135.168	135.968	75
135.168	136.704	55
135.68	135.968	81
135.936	136.448	79
135.936	136.64	70
135.936	136.704	74
136.448	136.704	79
136.704	136.896	66
136.704	137.088	70
136.704	137.088	74
136.704	137.504	54
137.088	137.248	74
137.088	137.28	70
137.248	137.536	74
137.28	137.504	70
137.504	138.048	77
137.504	138.432	70
137.504	138.688	62
137.504	139.136	53
138.048	138.336	77
138.336	138.88	63
138.336	139.136	77
138.336	139.168	69
138.88	139.136	70
138.88	139.168	63
139.136	139.68	58
139.136	139.68	62
139.136	139.68	70
139.136	139.968	65
139.68	139.936	70
139.68	139.968	62
139.68	140.768	58
139.936	140.32	70
139.936	140.8	51
139.936	140.8	63
139.936	140.8	67
140.32	140.768	70
140.48	140.8	72
140.768	141.536	46
140.768	141.568	58
140.768	141.568	70
140.768	141.6	65
140.768	141.6	74
141.568	141.952	70
141.568	142.368	58
141.568	142.4	66
141.568	142.592	51
141.952	142.368	70
142.08	142.4	72
142.368	143.008	46
142.368	143.104	70
142.368	143.2	65
142.368	143.2	74
142.368	143.936	58
142.88	143.2	77
143.168	143.936	69
143.168	143.968	53
143.168	143.968	60
143.168	143.968	75
143.168	143.968	79
143.68	143.968	77
143.936	144.512	70
143.936	144.832	65
143.936	144.832	74
143.936	145.696	58
144.48	144.832	72
144.8	145.184	70
144.8	145.696	63
144.8	145.696	67
144.8	145.728	51
145.184	145.696	70
145.344	145.792	57
145.664	148.096	62
145.664	148.16	50
145.664	148.16	66
148.096	148.48	62
148.48	148.64	62
148.64	148.864	62
148.864	149.408	59
148.864	149.632	62
148.864	149.664	56
148.864	149.696	65
149.024	149.696	43
149.408	149.632	59
149.408	149.664	67
149.6	149.696	70
149.632	150.176	59
149.632	150.176	62
149.632	150.432	68
150.176	150.4	59
150.176	150.432	62
150.176	150.496	67
150.4	150.944	65
150.4	151.2	59
150.4	151.52	43
150.432	150.464	55
150.432	151.04	62
150.944	151.424	65
151.2	151.744	56
151.2	151.904	53
151.2	151.968	59
151.584	151.904	51
151.584	151.968	60
151.712	151.936	50
151.712	151.968	62
151.968	152.48	59
151.968	152.704	65
151.968	152.736	62
151.968	152.928	43
151.968	153.504	56
152.48	152.736	59
152.48	152.736	67
152.672	152.8	70
152.736	153.248	59
152.736	153.504	62
152.736	153.536	68
153.248	153.504	59
153.248	153.536	67
153.504	154.016	65
153.504	154.272	56
153.504	154.272	62
153.504	154.304	59
154.016	154.816	65
154.208	154.304	43
154.304	154.656	67
154.304	154.656	77
154.304	155.328	43
154.304	155.776	59
154.336	154.816	79
154.656	154.752	70
154.656	154.816	61
154.656	154.816	67
154.656	154.816	77
154.816	155.072	71
154.816	155.072	79
154.816	155.136	65
154.816	155.136	77
154.816	155.424	62
154.816	155.584	67
155.072	155.52	84
155.072	155.584	60
155.072	155.584	79
155.072	155.584	87
155.072	155.616	91
155.072	155.872	48
155.072	156.096	36
155.584	155.84	60
155.584	155.84	67
155.584	155.84	75
155.584	155.84	79
155.584	155.84	87
155.84	156.224	60
155.84	156.224	67
155.84	156.224	72
155.84	156.224	79
155.84	156.288	75
155.84	156.384	87
156.224	156.352	60
156.224	156.352	67
156.224	156.352	72
156.224	156.352	79
156.224	156.384	74
156.224	156.608	86
156.352	156.608	60
156.352	156.608	84
156.352	156.64	67
156.352	156.64	72
156.352	156.928	79
156.608	156.96	60
156.608	156.96	68
156.608	156.96	71
156.608	156.96	77
156.608	156.992	74
156.608	157.216	86
156.96	157.088	68
156.96	157.088	71
156.96	157.184	77
156.96	157.216	60
157.088	157.344	68
157.088	157.344	71
157.088	157.376	79
157.28	157.376	82
157.344	157.728	68
157.344	157.728	71
157.344	157.76	80
157.344	157.856	60
157.344	157.856	74
157.728	157.856	68
157.728	157.952	79
157.728	158.144	71
157.856	158.112	60
157.856	158.144	68
157.856	158.144	74
157.856	158.144	77
158.112	158.464	60
158.112	158.464	67
158.112	158.464	72
158.112	158.464	75
158.464	158.528	66
158.464	158.592	67
158.464	158.592	75
158.464	158.624	60
158.464	158.624	72
158.464	158.88	78
158.592	158.848	67
158.592	158.848	75
158.592	158.848	79
158.624	158.848	60
158.624	158.848	72
158.848	159.232	60
158.848	159.232	67
158.848	159.232	79
158.848	159.296	75
158.848	159.36	72
158.848	159.424	87
159.232	159.36	60
159.232	159.36	74
159.232	159.36	79
159.232	159.584	67
159.232	159.616	86
159.36	159.616	60
159.36	159.616	72
159.36	159.616	84
159.36	159.648	79
159.616	159.968	68
159.616	159.968	71
159.616	159.968	77
159.616	160.0	60
159.616	160.0	74
159.616	160.064	86
159.968	160.096	68
159.968	160.096	71
159.968	160.128	77
160.096	160.224	60
160.096	160.224	62
160.096	160.224	74
160.096	160.288	71
160.096	160.352	68
160.096	160.384	79
160.288	160.384	82
160.352	160.736	68
160.352	160.736	71
160.352	160.736	74
160.352	160.768	80
160.352	160.896	60
160.736	160.832	62
160.736	160.864	68
160.736	160.864	71
160.736	160.896	74
160.736	161.152	79
160.864	161.152	71
160.864	161.152	77
160.864	161.216	68
161.12	161.472	72
161.12	161.472	75
161.12	161.504	67
161.12	161.824	60
161.472	161.6	72
161.472	161.6	75
161.472	161.632	78
161.6	161.856	79
161.6	161.888	75
161.6	162.24	72
161.856	162.208	79
161.856	162.336	74
161.856	162.624	67
161.856	163.008	86
161.856	163.168	58
162.208	162.624	79
162.336	163.008	74
162.624	162.976	79
162.624	163.008	63
162.624	163.104	72
162.624	163.296	84
162.976	163.296	79
163.008	163.392	63
163.104	163.36	72
163.232	163.36	81
163.296	164.096	84
163.36	163.872	81
163.36	164.032	78
163.36	164.064	72
163.36	164.128	62
163.744	164.16	79
163.872	164.192	81
164.128	164.544	82
164.128	164.608	62
164.128	164.896	70
164.128	164.928	55
164.512	164.896	79
164.608	164.896	74
164.608	165.76	62
164.896	165.248	79
164.896	165.28	82
164.896	165.376	74
164.896	165.664	86
164.896	165.696	64
165.248	165.728	79
165.376	165.664	74
165.664	165.952	69
165.664	166.016	74
165.664	166.272	81
165.664	166.4	65
165.664	166.464	57
166.016	166.368	74
166.144	166.528	69
166.4	166.816	64
166.4	166.816	79
166.4	166.944	81
166.4	167.168	73
166.816	167.168	82
166.816	167.232	79
166.816	167.296	64
166.944	167.2	81
166.944	167.264	69
166.944	167.328	67
167.2	167.744	81
167.2	167.744	86
167.2	167.808	74
167.232	167.712	62
167.232	168.0	66
167.584	167.744	61
167.712	167.968	62
167.968	168.48	62
168.352	168.48	74
168.48	168.736	62
168.48	168.768	74
168.736	169.248	62
168.736	169.248	75
168.736	169.28	69
168.736	169.472	72
168.736	169.728	67
169.12	169.248	79
169.12	169.504	61
169.248	169.504	62
169.248	169.504	79
169.248	169.504	82
169.504	169.984	79
169.504	170.016	75
169.504	170.016	86
169.504	170.272	62
169.888	170.24	84
169.984	170.816	79
170.272	170.784	62
170.272	170.784	81
170.272	171.04	66
170.656	170.88	61
170.656	171.072	82
170.784	171.04	62
170.784	171.552	81
171.04	171.424	78
171.04	171.552	62
171.04	171.552	66
171.04	171.616	75
171.04	171.84	84
171.424	171.552	78
171.424	171.84	74
171.424	171.872	82
171.552	171.808	62
171.552	171.872	72
171.552	171.872	78
171.552	171.872	81
171.808	172.192	62
171.808	172.256	70
171.808	172.32	79
172.192	172.32	62
172.192	172.32	75
172.192	172.448	72
172.192	172.64	81
172.32	172.608	62
172.32	172.64	70
172.32	172.992	79
172.608	172.96	77
172.608	173.056	72
172.608	173.344	69
172.608	173.376	62
172.992	173.12	70
172.992	173.184	74
172.992	173.408	79
173.12	173.408	67
173.12	173.408	75
173.12	173.44	70
173.376	173.792	74
173.376	173.92	62
173.376	174.176	66
173.376	174.208	69
173.76	174.208	63
173.92	174.176	62
174.176	174.592	62
174.592	174.752	62
174.752	175.008	62
174.976	175.296	55
174.976	175.488	50
174.976	175.584	63
174.976	175.616	60
175.008	175.488	57
175.392	175.552	49
175.392	175.776	67
175.488	175.776	50
175.52	175.584	70
175.776	176.256	67
175.776	176.544	50
175.776	176.576	63
176.16	176.544	72
176.256	176.576	67
176.544	176.928	60
176.544	177.024	50
176.544	177.056	62
176.544	177.312	54
176.544	177.344	69
176.928	177.088	49
176.928	177.376	70
177.024	177.312	50
177.312	177.472	63
177.312	178.08	50
177.312	178.112	66
177.312	178.112	72
177.696	178.112	70
177.824	178.112	69
178.08	178.464	50
178.08	178.496	62
178.08	178.496	67
178.08	178.624	58
178.464	178.656	63
178.464	178.688	69
178.464	178.88	50
178.624	178.912	62
178.624	178.944	67
178.624	178.976	58
178.88	179.36	57
178.88	179.36	65
178.88	179.712	50
179.296	179.712	62
179.296	179.712	67
179.296	179.744	58
179.424	179.744	55
179.424	179.744	63
179.712	179.936	50
179.712	179.968	54
179.712	180.256	62
179.712	180.544	57
179.84	179.936	49
179.936	180.224	50
180.064	180.224	49
180.224	180.448	50
180.32	180.544	49
180.48	180.992	54
180.512	180.896	62
180.512	180.928	60
180.64	180.896	50
180.704	180.928	49
180.896	181.024	62
180.896	181.12	50
181.024	181.248	51
181.024	181.344	62
181.12	181.536	50
181.312	181.408	55
181.312	181.568	67
181.312	181.984	58
181.408	181.92	54
181.568	181.856	53
181.696	182.08	52
181.824	182.112	69
181.824	182.144	51
181.952	182.208	50
182.08	182.208	49
182.08	182.848	66
182.08	182.912	70
182.208	182.912	50
182.336	182.688	51
182.464	182.848	52
182.592	182.784	53
182.592	182.944	69
182.72	182.912	54
182.88	183.136	43
182.88	183.328	62
182.88	183.392	67
182.88	183.712	58
182.976	183.136	54
183.104	183.2	55
183.136	183.616	43
183.264	183.52	50
183.392	183.616	49
183.392	183.776	67
183.52	183.776	50
183.648	184.064	54
183.68	184.032	62
183.68	184.192	60
183.776	184.032	50
183.904	184.064	49
184.032	184.192	62
184.032	184.288	50
184.192	184.384	51
184.192	184.384	62
184.192	184.448	60
184.288	184.704	50
184.448	184.544	55
184.448	184.704	67
184.448	185.056	43
184.448	185.184	58
184.448	185.248	62
184.576	184.896	54
184.704	184.768	53
184.704	185.088	50
184.832	185.12	52
184.96	185.184	69
184.96	185.28	51
185.088	185.312	50
185.216	185.28	49
185.216	185.696	63
185.216	185.952	66
185.216	185.952	70
185.312	186.048	50
185.472	185.856	51
185.6	185.952	52
185.728	185.92	53
185.728	186.048	69
185.856	186.016	54
186.016	186.24	58
186.016	186.464	62
186.016	186.464	67
186.016	186.56	43
186.112	186.24	54
186.24	186.816	58
186.432	186.56	50
186.528	186.752	49
186.528	186.944	67
186.656	186.944	50
186.816	187.2	58
186.816	187.2	62
186.944	187.2	50
187.04	187.232	49
187.2	187.264	34
187.2	187.36	58
187.2	187.36	62
187.2	187.456	50
187.36	187.488	51
187.36	187.616	58
187.36	187.648	62
187.456	187.648	50
187.616	187.936	65
187.616	189.248	58
187.648	187.872	50
187.744	187.872	49
187.872	188.16	50
188.0	188.192	49
188.16	188.448	65
188.16	188.576	50
188.288	188.448	49
188.448	189.056	65
188.448	189.216	41
188.448	189.312	57
188.576	188.928	50
188.704	189.024	51
188.896	189.024	48
188.992	189.28	53
188.992	189.312	62
189.12	189.312	51
189.248	189.504	50
189.248	189.824	58
189.28	189.888	53
189.376	189.536	49
189.504	189.824	50
189.632	189.792	49
189.824	190.048	50
189.824	190.08	58
189.92	190.112	49
190.08	190.464	58
190.08	190.496	55
190.464	190.72	51
190.464	190.72	58
190.496	190.624	55
190.624	190.912	60
190.624	190.944	55
190.72	190.944	51
190.72	191.744	58
190.912	191.104	62
190.912	191.168	46
190.912	191.168	53
191.04	191.52	52
191.168	191.744	53
191.296	191.52	49
191.456	191.776	50
191.712	192.16	54
191.744	192.128	58
192.0	192.288	46
192.128	192.384	52
192.128	192.384	58
192.256	192.512	54
192.256	192.576	60
192.384	192.576	58
192.384	192.608	52
192.576	192.8	46
192.576	192.864	62
192.576	193.024	53
192.576	193.376	58
192.704	192.736	45
192.8	193.376	46
192.928	193.12	49
193.056	193.376	50
193.088	193.344	65
193.344	193.696	41
193.344	193.76	67
193.344	194.176	63
193.376	193.44	48
193.632	193.92	48
193.728	194.304	50
193.856	194.176	51
193.888	194.176	65
194.016	194.144	41
194.176	194.4	46
194.176	194.88	58
194.176	194.976	62
194.304	194.368	45
194.4	194.752	46
194.56	194.72	49
194.72	194.784	60
194.72	195.04	50
194.88	195.008	58
194.88	195.072	46
195.008	195.424	58
195.008	195.456	55
195.328	195.744	46
195.424	195.872	58
195.584	195.904	51
195.584	195.936	55
195.616	195.648	63
195.744	195.872	45
195.936	196.064	50
195.936	196.448	62
195.936	196.48	54
196.064	196.288	49
196.224	196.576	50
196.384	196.544	44
196.544	196.704	46
196.672	196.736	33
196.672	196.864	45
196.8	196.992	41
196.928	197.504	42
197.088	197.28	37
197.216	197.664	38
197.376	197.408	31
197.504	197.536	31
197.664	199.168	38
198.464	198.816	62
198.816	198.976	62
198.976	199.2	62
199.2	199.712	59
199.2	199.968	62
199.2	200.032	56
199.2	200.032	65
199.232	199.904	50
199.712	199.968	59
199.712	200.0	67
199.904	200.032	70
199.968	200.512	59
199.968	200.768	62
199.968	200.768	68
200.512	200.768	59
200.512	200.928	67
200.736	201.472	56
200.768	201.28	59
200.768	201.28	65
200.768	201.472	62
201.28	201.536	59
201.28	201.728	65
201.536	202.048	59
201.536	202.304	56
201.536	203.904	53
201.92	202.272	51
201.92	202.304	60
202.048	202.272	50
202.048	202.304	59
202.048	202.304	62
202.304	202.816	59
202.304	203.04	65
202.304	203.072	56
202.304	203.072	62
202.816	203.072	59
202.816	203.104	67
203.008	203.072	70
203.072	203.584	59
203.072	203.616	56
203.072	203.84	62
203.072	203.872	68
203.584	203.84	59
203.584	204.032	67
203.616	203.84	56
203.84	204.352	65
203.84	204.544	43
203.84	204.64	56
203.84	204.64	59
203.84	204.672	62
204.352	205.344	65
204.544	204.64	43
204.64	204.992	67
204.64	204.992	77
204.64	204.992	79
204.64	205.408	59
204.64	205.44	43
204.992	205.056	70
204.992	205.12	61
204.992	205.12	67
204.992	205.12	77
204.992	205.12	79
205.12	205.344	71
205.12	205.408	79
205.12	205.44	67
205.12	205.44	77
205.12	205.696	62
205.408	205.44	60
205.408	205.472	84
205.408	205.952	91
205.408	206.016	79
205.408	206.976	87
205.536	206.464	43
205.664	205.984	48
205.664	206.08	60
205.792	207.712	51
205.952	206.496	55
206.08	206.336	60
206.208	207.712	63
206.336	206.496	60
206.336	207.712	67
206.464	206.976	72
206.496	206.976	60
206.592	207.712	75
206.72	207.04	79
206.848	207.68	84
206.976	207.68	43
206.976	207.712	60
206.976	207.712	87
207.808	208.192	63
207.808	208.192	67
207.808	208.256	69
207.808	208.32	60
208.192	208.32	63
208.192	208.384	70
208.192	208.608	67
208.192	208.64	58
208.32	208.608	63
208.32	209.024	60
208.32	209.44	57
208.608	209.376	63
208.608	209.376	67
208.608	209.376	72
208.608	209.92	75
209.376	209.792	67
209.376	209.792	69
209.376	209.856	72
209.376	210.24	63
209.792	209.92	67
209.792	209.92	69
209.792	209.952	74
209.792	210.24	62
209.92	210.208	60
209.92	210.208	67
209.92	210.208	69
209.92	210.208	75
210.208	211.328	60
210.208	211.328	67
210.208	211.36	69
210.208	212.128	75
211.328	211.808	57
211.328	211.84	67
211.328	212.128	60
211.328	212.128	63
211.712	212.128	69
211.84	212.128	67
212.128	212.544	50
212.128	212.96	58
212.128	213.024	62
212.128	213.376	67
212.512	212.608	49
212.608	212.896	50
212.896	213.536	50
213.312	213.44	62
213.44	213.76	62
213.696	213.888	57
213.696	214.016	55
213.696	214.176	50
213.696	214.176	60
213.696	214.208	63
214.112	214.496	67
214.112	214.528	49
214.24	214.496	50
214.24	214.528	69
214.496	215.072	72
214.496	215.296	50
214.496	215.296	67
214.496	215.328	63
214.88	215.136	74
215.008	215.296	75
215.296	215.808	50
215.296	216.128	58
215.296	216.128	67
215.296	216.16	62
215.68	215.904	49
215.808	216.192	50
216.096	216.896	51
216.096	216.96	61
216.128	216.992	67
216.128	217.344	58
216.512	217.312	72
216.64	216.928	70
216.896	217.664	68
216.896	217.696	44
216.896	217.728	60
216.896	217.792	51
217.312	217.76	72
217.44	217.664	67
217.6	217.728	66
217.664	218.208	67
217.728	218.272	50
217.728	218.272	66
217.728	218.656	60
218.144	218.624	64
218.272	218.592	50
218.272	218.624	66
218.592	219.136	50
218.592	219.392	67
218.592	219.488	58
218.592	219.84	43
219.008	219.392	51
219.136	219.424	50
219.424	219.776	62
219.424	220.192	50
219.424	220.224	57
219.456	219.776	60
219.776	219.968	60
219.776	220.256	62
219.968	220.224	60
220.192	220.704	50
220.192	221.024	58
220.192	221.024	67
220.192	221.056	43
220.576	220.928	51
220.704	220.992	50
220.992	221.056	51
220.992	221.6	70
220.992	221.696	66
220.992	221.76	50
221.472	221.76	69
221.76	222.272	50
221.76	222.272	67
221.76	222.528	62
221.76	222.944	43
222.144	222.464	51
222.272	222.528	50
222.272	222.592	67
222.528	222.88	62
222.528	222.912	60
222.528	223.2	57
222.528	223.296	50
222.88	223.072	62
222.912	223.072	60
223.072	223.296	62
223.072	223.36	60
223.296	223.488	62
223.296	223.808	50
223.296	223.808	58
223.296	224.064	67
223.296	224.16	43
223.68	224.0	51
223.808	224.032	69
223.808	224.096	50
224.096	224.16	51
224.096	224.864	70
224.096	224.96	50
224.096	224.992	60
224.096	224.992	66
224.64	224.992	69
224.928	225.28	43
224.928	225.632	58
224.96	225.312	67
224.96	225.408	50
224.96	226.304	62
225.216	225.664	42
225.216	225.728	54
225.344	225.792	43
225.376	225.568	55
225.504	225.952	57
225.504	225.952	69
225.632	226.048	58
225.664	225.92	46
225.76	225.952	49
225.76	226.016	61
225.888	226.4	50
226.016	226.4	57
226.048	226.24	45
226.176	226.368	46
226.176	226.784	58
226.272	226.56	49
226.272	226.56	61
226.4	226.912	50
226.528	226.752	66
226.528	226.784	54
226.656	226.784	55
226.656	226.816	67
226.784	227.072	49
226.912	227.552	62
226.912	227.808	50
227.04	227.456	66
227.04	227.52	54
227.168	227.456	55
227.168	227.456	67
227.296	227.52	57
227.296	227.52	69
227.392	227.904	58
227.424	227.552	70
227.52	228.224	66
227.52	228.256	54
227.648	228.16	67
227.648	228.224	55
227.776	228.224	69
227.776	228.256	57
227.904	228.192	70
227.904	228.256	58
228.0	228.256	61
228.032	228.224	73
228.16	228.288	62
228.16	228.288	74
228.256	228.672	69
228.256	228.8	57
228.384	228.64	58
228.384	228.96	70
228.512	228.768	73
228.512	228.992	61
228.64	228.896	74
228.64	228.96	58
228.64	229.024	62
228.736	228.928	78
228.736	228.96	66
228.864	229.056	67
228.864	229.056	79
228.992	229.504	61
229.12	229.376	74
229.12	229.728	62
229.216	229.664	78
229.216	229.696	66
229.344	229.664	67
229.376	229.504	79
229.472	229.696	81
229.472	229.728	69
229.6	229.76	82
229.6	230.08	70
229.696	230.24	78
229.696	230.336	66
229.824	230.144	79
229.824	230.208	67
229.952	230.336	81
229.952	230.368	69
230.08	230.464	70
230.176	230.4	73
230.176	230.4	85
230.304	230.432	86
230.304	230.464	74
230.4	230.944	69
230.4	230.976	81
230.528	230.944	82
230.528	230.976	70
230.656	230.944	73
230.656	230.944	85
230.784	230.976	74
230.784	230.976	86
230.912	231.712	91
230.912	231.84	79
231.68	232.416	81
231.68	232.448	38
231.68	232.448	72
231.68	232.448	78
231.68	232.48	50
231.68	232.512	86
232.448	233.216	43
232.448	233.216	82
232.448	233.248	55
232.448	233.536	70
232.448	234.144	79
233.184	233.984	38
233.184	233.984	72
233.184	234.624	50
233.216	233.952	78
233.952	233.984	27
233.952	234.816	70
233.952	235.424	31
233.952	235.424	67
233.952	236.768	43
235.456	235.488	103
235.456	236.896	91
235.456	237.12	62
235.488	235.552	55
235.488	236.032	67
235.488	236.544	79
235.488	236.96	86
