0.512	1.312	58
0.512	1.312	70
1.312	1.6	65
1.312	1.728	53
1.696	2.464	62
1.696	2.496	50
2.432	2.848	65
2.464	2.848	53
2.848	3.616	70
2.848	3.648	58
3.616	4.032	62
4.0	4.768	77
4.0	4.8	65
4.736	5.12	82
4.928	5.12	74
5.088	5.312	77
5.088	5.536	63
5.12	5.184	53
5.184	5.824	53
5.28	5.504	75
5.472	5.664	74
5.632	5.856	72
5.824	6.016	70
5.984	6.208	69
6.176	6.4	67
6.368	6.56	65
6.528	6.72	64
6.72	6.944	65
6.912	7.104	67
7.072	7.296	69
7.296	7.392	70
7.296	7.456	58
7.296	7.648	62
7.424	7.552	70
7.52	7.68	69
7.616	7.744	70
7.808	7.904	72
8.0	8.096	74
8.16	8.256	75
8.352	8.544	76
8.544	8.704	77
8.736	8.896	79
8.896	9.12	77
9.088	9.44	82
9.312	9.504	74
9.472	9.696	77
9.472	10.24	53
9.472	10.432	63
9.664	9.888	75
9.856	10.08	74
10.048	10.24	72
10.208	10.432	70
10.4	10.624	69
10.592	10.816	67
10.784	10.976	65
10.944	11.136	64
11.104	11.36	65
11.328	11.552	67
11.52	11.744	69
11.712	11.84	62
11.712	11.84	70
11.744	11.84	58
12.032	12.192	70
12.064	12.192	58
12.064	12.192	62
12.48	12.576	58
12.48	12.576	74
12.48	12.608	65
12.896	13.28	58
12.896	13.28	62
12.896	13.28	70
13.536	13.664	70
13.632	13.76	72
13.792	14.016	69
13.856	14.048	70
13.984	14.176	79
14.368	14.752	55
14.368	14.752	58
14.368	14.784	51
14.656	14.752	70
14.752	14.88	72
14.816	15.008	70
14.912	15.04	69
15.008	15.168	70
15.136	15.552	77
15.488	15.84	53
15.488	15.872	50
15.488	15.872	58
15.776	15.872	70
15.872	16.0	72
15.936	16.064	70
16.032	16.16	69
16.128	16.288	70
16.256	16.64	72
16.256	17.408	57
16.288	16.736	65
16.608	17.024	77
16.992	17.408	75
17.376	17.792	58
17.376	17.792	73
17.76	17.952	74
18.048	18.176	70
18.144	18.272	72
18.208	18.336	70
18.336	18.432	69
18.4	18.56	70
18.496	18.688	79
18.88	19.264	55
18.88	19.296	51
18.88	19.296	58
19.168	19.264	70
19.264	19.392	72
19.328	19.52	70
19.456	19.552	69
19.52	19.68	70
19.648	20.064	77
20.0	20.384	53
20.0	20.384	58
20.0	20.416	50
20.288	20.384	70
20.384	20.512	72
20.448	20.576	70
20.576	20.672	69
20.64	20.8	70
20.768	21.696	72
20.768	21.856	57
20.768	21.952	53
21.152	21.824	75
21.248	21.856	60
21.504	21.952	69
21.504	21.984	63
21.92	22.336	70
22.976	23.2	55
22.976	23.2	70
22.976	23.264	79
23.36	23.584	67
23.36	23.808	43
24.128	24.256	69
24.128	24.288	50
24.128	24.288	66
24.128	24.288	74
24.512	24.768	38
24.512	24.8	62
25.28	25.632	55
25.28	25.984	63
25.28	26.4	51
25.632	25.984	55
25.856	25.984	58
26.08	26.304	63
26.112	26.368	58
26.304	26.464	63
26.432	27.52	50
26.56	26.912	58
26.72	26.88	56
26.72	27.104	70
26.912	27.296	58
27.104	27.392	56
27.104	27.52	70
27.296	27.744	58
27.52	27.776	70
27.584	27.776	55
27.584	28.032	51
27.744	27.904	58
27.744	27.936	75
27.872	28.192	55
28.032	28.256	58
28.096	28.256	73
28.32	28.576	72
28.416	28.512	55
28.448	28.64	58
28.48	28.64	71
28.64	29.792	50
28.8	29.184	58
28.928	29.376	56
29.184	29.568	58
29.376	29.792	56
29.568	29.792	58
29.76	29.856	55
29.76	30.496	63
29.792	30.88	51
29.92	30.272	58
30.112	30.528	55
30.272	30.56	58
30.528	30.752	55
30.592	30.752	63
30.688	30.912	58
30.752	30.848	62
30.752	30.944	63
30.912	31.232	53
30.912	31.296	72
30.912	32.064	50
31.072	31.232	71
31.232	31.616	53
31.232	31.616	71
31.424	31.744	56
31.616	32.032	53
31.616	32.128	71
31.744	32.096	56
32.064	32.32	55
32.064	32.32	72
32.064	32.736	51
32.224	32.48	79
32.416	32.736	55
32.416	32.736	75
32.608	32.8	60
32.608	32.8	74
32.736	33.216	55
32.768	33.184	72
32.96	33.184	70
33.056	34.304	51
33.152	33.92	69
33.184	33.344	53
33.312	33.76	60
33.472	33.888	53
33.76	34.016	60
33.888	34.272	53
34.016	34.304	60
34.272	34.656	53
34.272	34.688	70
34.272	35.424	50
34.4	34.56	60
34.464	35.04	86
34.656	34.976	82
34.656	35.008	53
34.784	35.04	60
34.816	35.04	81
35.008	35.424	53
35.008	35.424	79
35.2	35.424	77
35.2	35.616	60
35.392	35.744	55
35.392	36.448	76
35.584	35.936	58
35.744	36.128	55
35.936	36.32	58
36.128	36.544	55
36.32	36.576	58
36.512	36.736	77
36.512	36.864	53
36.512	37.28	50
36.704	36.896	81
36.864	37.216	77
36.864	37.28	53
37.056	37.472	76
37.28	37.664	53
37.28	37.664	74
37.28	37.696	50
37.44	37.664	72
37.632	38.72	55
37.632	38.72	71
37.856	38.176	65
38.016	38.4	62
38.176	38.528	65
38.4	38.752	62
38.528	38.816	65
38.784	38.976	64
38.784	39.04	60
38.944	39.104	71
39.168	39.264	74
39.2	39.36	72
39.328	39.488	71
39.424	39.552	72
39.52	39.808	70
39.584	39.808	72
39.712	39.84	76
39.808	39.968	72
39.904	40.192	69
39.968	40.16	72
40.064	40.288	77
40.16	40.288	72
40.256	40.576	64
40.352	40.512	72
40.448	40.64	82
40.512	40.704	72
40.64	40.96	65
40.704	40.896	72
40.8	40.992	81
40.896	41.056	72
41.024	41.344	79
41.024	41.408	60
41.12	41.344	76
41.216	41.344	74
41.28	41.408	72
41.376	41.504	71
41.472	41.6	72
41.568	41.696	74
41.664	41.792	72
41.76	42.08	70
41.856	42.048	72
41.952	42.08	76
42.048	42.24	72
42.144	42.464	69
42.24	42.432	72
42.336	42.56	77
42.432	42.56	72
42.528	42.848	64
42.624	42.784	72
42.72	42.88	82
42.784	42.976	72
42.912	43.2	65
42.976	43.168	72
43.072	43.264	81
43.168	43.328	72
43.264	43.456	79
43.264	44.064	60
43.392	43.744	84
43.456	43.744	79
43.552	43.808	76
43.648	43.904	72
43.744	44.16	79
43.808	44.352	76
43.904	44.128	72
44.032	44.192	67
44.128	44.352	60
44.128	44.352	72
44.192	44.384	55
44.192	44.416	67
44.32	44.448	52
44.32	44.448	64
44.416	44.672	48
44.416	44.672	60
44.8	45.28	60
44.8	45.28	64
44.8	45.28	67
44.8	45.312	72
44.8	45.344	36
45.728	46.464	53
46.464	46.88	48
46.464	46.88	60
46.848	47.616	45
46.848	47.616	57
47.584	48.064	48
47.584	48.064	60
48.032	48.736	53
48.192	48.352	84
48.352	48.544	84
48.544	48.736	84
48.736	48.928	84
48.736	49.184	57
48.928	49.184	84
49.152	49.376	86
49.152	49.536	60
49.344	49.536	84
49.568	49.728	82
49.728	49.92	81
49.888	50.112	79
50.08	50.208	77
50.304	50.528	79
50.304	51.072	58
50.496	50.656	76
50.656	51.072	76
51.072	51.488	55
51.456	52.224	52
52.192	52.608	55
52.608	53.248	58
52.96	53.12	82
53.12	53.312	82
53.312	53.504	82
53.344	53.472	64
53.504	53.76	82
53.728	53.952	84
53.728	54.144	67
53.92	54.144	82
54.144	54.304	81
54.304	54.464	79
54.496	54.656	77
54.688	54.88	76
54.88	55.2	69
54.88	55.52	77
55.2	55.648	69
55.424	55.648	81
55.616	55.936	79
55.84	55.968	77
56.0	56.48	76
56.32	57.024	70
56.544	56.8	86
56.768	57.024	84
56.928	57.152	76
57.12	57.504	77
57.408	57.888	69
57.664	57.856	81
57.824	58.144	79
58.048	58.208	77
58.208	58.624	76
58.592	58.88	70
58.752	59.008	86
58.88	59.264	70
58.976	59.296	84
59.136	59.36	76
59.328	59.584	77
59.616	59.84	69
59.872	60.032	84
60.032	60.416	69
60.064	60.352	81
60.224	60.448	79
60.416	60.736	69
60.416	61.024	78
60.512	61.184	62
60.736	61.152	69
60.96	61.152	87
61.152	61.632	86
61.152	61.824	69
61.344	61.856	78
61.536	61.76	81
61.536	61.92	67
61.696	61.888	79
61.92	62.176	84
62.08	62.272	83
62.304	62.496	82
62.336	62.656	65
62.464	62.688	81
62.656	63.04	79
62.656	63.072	58
62.944	63.072	81
63.04	63.456	77
63.04	63.488	69
63.104	63.68	60
63.424	63.808	76
63.424	63.84	67
63.456	63.84	77
63.84	64.16	65
63.872	64.032	72
63.936	64.096	71
64.032	64.192	72
64.192	64.288	74
64.224	64.352	72
64.32	64.48	71
64.32	64.576	57
64.416	64.608	72
64.512	64.736	55
64.544	64.64	70
64.608	64.736	72
64.704	64.896	69
64.704	64.928	53
64.8	64.928	72
64.896	65.28	67
64.896	65.344	52
65.056	65.248	71
65.152	65.312	72
65.312	65.376	74
65.344	65.472	72
65.44	65.568	71
65.472	65.664	62
65.536	65.632	72
65.632	65.888	60
65.696	65.888	72
65.824	66.016	52
65.888	66.016	72
66.016	66.208	81
66.016	66.368	53
66.08	66.272	72
66.176	66.336	71
66.272	66.4	72
66.4	66.496	74
66.464	66.592	72
66.56	66.688	71
66.56	66.784	57
66.656	66.784	72
66.752	66.88	70
66.752	66.944	55
66.816	66.912	72
66.944	67.104	53
66.944	67.104	69
67.008	67.136	72
67.136	67.424	52
67.136	67.488	67
67.296	67.456	71
67.392	67.52	72
67.424	67.52	52
67.52	67.584	74
67.584	67.68	72
67.68	67.776	71
67.712	67.872	62
67.744	67.84	72
67.872	68.096	60
67.936	68.032	72
68.064	68.256	52
68.128	68.256	72
68.224	68.576	53
68.256	68.352	81
68.32	68.512	72
68.416	68.544	71
68.512	68.608	72
68.64	68.672	74
68.672	68.768	72
68.768	68.896	71
68.864	68.96	72
68.864	68.992	60
68.992	69.088	75
68.992	69.28	57
69.056	69.184	72
69.152	69.312	70
69.152	69.344	55
69.248	69.376	72
69.344	69.76	54
69.376	69.696	69
69.536	69.728	73
69.728	69.856	76
69.824	69.952	74
69.92	70.048	73
69.92	70.144	63
70.016	70.144	74
70.112	70.272	84
70.112	70.304	62
70.208	70.304	74
70.272	70.496	84
70.272	70.592	54
70.368	70.528	74
70.464	70.88	55
70.464	70.88	83
70.656	70.88	59
70.848	71.168	52
70.848	71.264	82
70.944	71.264	61
71.04	71.232	55
71.2	71.552	53
71.2	71.552	81
71.456	71.616	57
71.456	71.616	60
71.584	71.84	79
71.68	71.936	58
71.68	71.936	86
71.776	71.904	82
71.84	72.0	79
71.968	72.224	77
72.0	72.384	57
72.064	72.288	84
72.16	72.32	81
72.224	72.384	77
72.352	72.448	55
72.352	72.608	76
72.416	72.736	82
72.448	72.768	55
72.512	72.768	79
72.608	72.768	76
72.736	72.928	77
72.736	73.056	53
72.8	73.024	81
72.928	73.088	84
72.992	73.12	82
73.088	73.408	81
73.184	73.408	79
73.28	73.44	77
73.376	73.504	76
73.472	73.76	74
73.504	73.856	57
73.568	73.792	72
73.568	73.888	60
73.664	73.824	70
73.76	73.952	69
73.856	74.112	67
73.92	74.208	62
73.92	74.208	70
73.92	74.24	58
74.048	74.176	74
74.144	74.24	72
74.208	74.528	70
74.304	74.528	69
74.4	74.56	67
74.496	74.624	65
74.592	74.72	64
74.688	74.944	62
74.784	74.912	60
74.848	75.04	59
74.944	75.456	60
74.976	75.04	48
75.04	75.2	48
75.072	75.136	57
75.136	75.36	53
75.136	75.424	57
75.136	75.488	72
75.328	75.648	77
75.328	76.096	48
75.424	75.584	57
75.424	75.744	69
75.52	75.808	53
75.52	75.968	81
75.584	75.904	57
75.712	75.776	41
75.712	76.0	84
75.872	76.0	53
75.872	76.0	89
75.904	75.968	57
75.968	76.416	57
76.096	76.448	48
76.192	76.416	58
76.288	76.416	52
76.448	76.768	48
76.544	76.576	81
76.544	76.736	58
76.672	76.8	52
76.736	76.832	58
76.864	77.184	48
76.928	77.152	58
77.056	77.184	52
77.152	77.28	58
77.184	77.248	79
77.248	77.344	77
77.248	77.472	53
77.472	77.696	57
77.696	77.856	60
77.92	78.08	65
78.08	78.208	64
78.24	78.496	63
78.464	78.816	82
78.496	78.816	63
78.848	78.944	84
78.944	79.136	60
78.944	79.2	84
79.232	79.552	86
79.36	79.552	58
79.616	80.224	84
79.648	80.128	57
80.192	80.32	86
80.256	80.448	84
80.384	80.576	82
80.48	80.768	81
80.576	80.736	79
80.704	80.832	77
80.768	81.504	81
80.896	81.568	60
81.344	81.536	69
81.44	81.472	82
81.536	81.888	79
81.632	81.984	60
81.952	82.112	77
82.208	82.368	65
82.368	82.496	64
82.528	82.72	63
82.784	82.912	62
82.912	83.136	61
83.104	83.456	70
83.104	83.488	62
83.328	83.456	82
83.488	83.84	72
83.552	83.84	60
83.712	83.84	84
83.872	84.256	74
83.872	84.288	59
84.064	84.288	68
84.064	84.288	86
84.256	84.48	84
84.256	84.768	57
84.416	84.832	86
84.544	84.704	88
84.64	84.736	89
84.704	84.864	65
84.704	84.864	88
84.832	85.056	86
84.928	85.152	84
85.056	85.216	82
85.12	85.408	81
85.152	85.44	69
85.216	85.408	79
85.344	85.44	77
85.408	86.144	60
85.408	86.144	81
85.6	85.952	69
85.824	86.176	65
85.952	86.208	69
86.016	86.208	82
86.176	86.656	79
86.208	86.496	60
86.4	86.72	70
86.592	86.944	77
86.688	87.008	53
86.784	86.944	57
86.88	87.008	60
86.976	87.328	65
87.072	87.264	84
87.168	87.296	86
87.264	87.584	84
87.36	87.552	82
87.36	87.712	64
87.36	87.744	60
87.456	87.712	81
87.552	87.712	82
87.68	87.808	79
87.776	88.288	77
87.872	88.48	41
87.968	88.064	45
88.064	88.288	48
88.16	88.448	53
88.256	88.576	72
88.352	88.512	74
88.544	88.64	48
88.544	88.736	70
88.544	88.768	60
88.544	88.992	52
88.64	88.928	69
88.64	88.992	48
88.736	88.992	70
88.864	88.992	67
88.96	89.44	53
88.96	89.568	65
89.408	89.856	72
89.408	89.92	69
89.408	89.92	77
89.408	89.952	41
90.304	91.104	58
90.304	91.104	70
91.072	91.52	53
91.104	91.2	65
91.488	92.256	62
91.488	92.288	50
92.224	92.64	65
92.224	92.672	53
92.64	93.408	70
92.64	93.44	58
93.408	93.728	74
93.408	93.792	62
93.792	94.56	77
93.792	94.624	65
94.496	94.912	82
94.72	94.912	74
94.88	95.104	77
94.88	95.296	63
94.912	95.52	53
95.072	95.296	75
95.264	95.456	74
95.424	95.648	72
95.616	95.808	70
95.776	96.0	69
95.968	96.192	67
96.16	96.352	65
96.32	96.512	64
96.48	96.736	65
96.704	96.896	67
96.864	97.088	69
97.088	97.184	70
97.088	97.248	58
97.088	97.44	62
97.216	97.344	70
97.312	97.472	69
97.408	97.536	70
97.6	97.696	72
97.792	97.888	74
97.984	98.08	75
98.176	98.336	76
98.336	98.496	77
98.528	98.688	79
98.72	98.912	77
98.88	99.296	82
99.104	99.296	74
99.264	100.64	63
99.296	99.488	77
99.296	100.064	53
99.456	99.68	75
99.648	99.872	74
99.84	100.032	72
100.0	100.224	70
100.192	100.416	69
100.384	100.608	67
100.576	100.768	65
100.736	100.928	64
100.928	101.152	65
101.12	101.344	67
101.312	101.536	69
101.504	101.632	62
101.504	101.632	70
101.536	101.632	58
101.856	101.984	58
101.856	101.984	62
101.856	101.984	70
102.272	102.368	58
102.272	102.368	74
102.272	102.4	65
102.688	103.072	58
102.688	103.072	62
102.688	103.072	70
103.328	103.456	70
103.424	103.552	72
103.488	103.616	70
103.616	103.776	69
103.68	103.84	70
103.808	103.936	79
104.16	104.256	51
104.16	104.544	55
104.16	104.544	58
104.448	104.576	70
104.544	104.672	72
104.608	104.736	70
104.736	104.832	69
104.8	104.96	70
104.928	105.088	77
105.28	105.664	50
105.28	105.664	53
105.28	105.664	58
105.568	105.696	70
105.664	105.792	72
105.728	105.856	70
105.856	105.952	69
105.92	106.08	70
106.048	106.432	72
106.08	107.2	57
106.4	106.816	77
106.784	107.2	75
107.168	107.584	58
107.168	107.584	73
107.552	107.744	74
107.84	107.968	70
107.936	108.064	72
108.0	108.128	70
108.128	108.256	69
108.192	108.352	70
108.32	108.512	79
108.672	109.088	51
108.704	109.088	55
108.704	109.088	58
108.96	109.056	70
109.056	109.184	72
109.12	109.28	70
109.248	109.344	69
109.312	109.472	70
109.44	109.6	77
109.792	110.176	53
109.792	110.176	58
109.792	110.208	50
110.08	110.176	70
110.176	110.304	72
110.24	110.368	70
110.368	110.464	69
110.432	110.624	70
110.592	111.552	72
110.592	111.68	57
110.592	111.744	53
110.944	111.68	75
111.04	111.712	60
111.296	111.744	69
111.296	111.776	63
111.712	112.128	70
112.768	112.992	70
112.768	113.024	79
112.8	112.832	67
112.8	112.992	55
112.8	112.992	74
113.184	113.376	67
113.184	113.536	43
113.92	114.08	50
113.92	114.08	62
113.92	114.08	66
113.92	114.08	74
114.304	114.368	57
114.304	114.56	38
114.304	114.592	62
115.072	115.424	55
115.072	115.456	51
115.072	115.776	63
115.424	115.776	55
115.456	115.744	51
115.648	115.808	58
115.744	116.224	51
115.904	116.096	63
115.904	116.192	58
116.096	116.224	63
116.224	117.312	50
116.352	116.736	58
116.512	116.672	56
116.544	116.896	70
116.736	117.12	58
116.896	117.184	56
116.896	117.312	70
117.12	117.44	58
117.312	117.632	70
117.376	117.568	55
117.376	117.792	51
117.536	117.696	58
117.536	117.824	75
117.664	117.984	55
117.792	117.888	74
117.856	118.048	58
117.92	118.08	73
118.112	118.4	72
118.144	118.4	55
118.272	118.432	58
118.272	118.432	71
118.464	119.584	50
118.496	119.168	70
118.592	118.944	58
118.72	119.136	56
118.944	119.328	58
119.136	119.584	56
119.328	119.584	58
119.552	120.064	63
119.584	119.68	55
119.584	120.704	51
119.712	120.064	58
119.904	120.32	55
120.064	120.288	63
120.064	120.32	58
120.32	120.608	55
120.384	120.576	63
120.48	120.704	58
120.544	120.704	62
120.576	120.736	63
120.704	121.088	72
120.704	121.856	50
120.864	121.024	71
120.992	121.184	53
121.024	121.408	71
121.216	121.568	56
121.408	121.792	53
121.408	121.888	71
121.568	121.888	56
121.856	122.144	55
121.856	122.24	72
121.856	122.592	51
122.016	122.496	79
122.208	122.528	55
122.208	122.56	75
122.4	122.592	60
122.4	122.592	74
122.528	123.008	55
122.56	123.008	72
122.784	123.008	70
122.88	124.096	51
122.944	124.0	69
122.976	123.072	53
123.104	123.552	60
123.264	123.712	53
123.552	123.808	60
123.712	124.064	53
123.808	124.096	60
124.064	124.448	53
124.064	124.48	70
124.064	125.216	50
124.256	124.768	86
124.448	124.768	82
124.448	124.8	53
124.576	124.64	60
124.64	124.832	60
124.64	124.832	81
124.8	125.216	53
124.8	125.216	79
124.992	125.216	77
124.992	125.408	60
125.184	125.44	55
125.216	126.304	76
125.376	125.696	58
125.568	125.92	55
125.696	126.112	58
125.92	126.336	55
126.112	126.368	58
126.304	126.592	77
126.304	126.656	53
126.304	127.456	50
126.496	126.72	81
126.656	127.008	77
126.656	127.072	53
126.88	127.296	76
127.072	127.392	74
127.072	127.456	53
127.264	127.488	72
127.424	128.512	55
127.424	128.512	71
127.648	127.968	65
127.84	128.192	62
127.968	128.352	65
128.192	128.544	62
128.352	128.64	65
128.576	128.704	64
128.576	128.864	60
128.736	128.896	71
128.96	129.088	74
129.12	129.28	71
129.216	129.376	72
129.312	129.632	70
129.376	129.6	72
129.504	129.632	76
129.6	129.696	72
129.696	129.888	69
129.76	129.952	72
129.888	130.048	77
129.952	130.08	72
130.048	130.336	64
130.144	130.304	72
130.24	130.432	82
130.304	130.432	72
130.432	130.72	65
130.496	130.688	72
130.592	130.784	81
130.688	130.848	72
130.816	131.04	79
130.816	131.104	60
130.912	131.104	76
131.008	131.136	74
131.072	131.168	72
131.104	131.168	60
131.168	131.296	71
131.264	131.392	72
131.36	131.488	74
131.456	131.584	72
131.552	131.808	70
131.648	131.84	72
131.744	131.872	76
131.84	131.936	72
131.936	132.224	69
132.032	132.224	72
132.128	132.32	77
132.224	132.352	72
132.32	132.64	64
132.384	132.576	72
132.512	132.704	82
132.576	132.704	72
132.704	132.992	65
132.768	132.96	72
132.864	133.024	81
132.96	133.088	72
133.056	133.248	79
133.056	133.856	60
133.184	133.472	84
133.248	133.536	79
133.344	133.6	76
133.44	133.696	72
133.536	133.952	79
133.6	134.112	76
133.696	133.92	72
133.824	134.016	67
133.92	134.144	60
133.92	134.144	72
134.016	134.144	55
134.016	134.144	67
134.112	134.24	52
134.112	134.24	64
134.208	134.464	48
134.208	134.464	60
134.592	135.072	60
134.592	135.072	64
134.592	135.072	67
134.592	135.104	72
134.592	135.168	36
135.52	136.256	53
136.256	136.672	48
136.256	136.672	60
136.64	137.408	45
137.376	137.856	48
137.408	137.856	60
137.824	138.528	53
137.984	138.144	84
138.144	138.336	84
138.336	138.528	84
138.528	138.72	84
138.528	138.976	57
138.72	138.976	84
138.944	139.168	86
138.944	139.328	60
139.136	139.296	84
139.36	139.488	82
139.52	139.712	81
139.68	139.904	79
139.872	139.968	77
140.032	140.192	77
140.096	140.224	79
140.096	140.864	58
140.192	140.352	77
140.448	140.864	76
140.832	141.28	55
141.248	142.016	52
141.984	142.432	55
142.4	143.04	58
142.592	142.624	82
142.752	142.912	82
142.912	143.136	82
143.136	143.296	82
143.136	143.36	64
143.296	143.552	82
143.52	143.744	84
143.52	143.936	67
143.712	143.904	82
143.904	144.096	81
144.096	144.288	79
144.288	144.448	77
144.48	144.672	76
144.64	145.312	77
144.672	145.024	69
145.024	145.696	69
145.216	145.44	81
145.408	145.76	79
145.6	145.76	77
145.792	146.176	76
146.144	146.464	70
146.336	146.752	86
146.464	146.848	70
146.56	146.752	84
146.72	146.912	76
146.912	147.232	77
146.944	147.008	69
147.2	147.648	69
147.456	147.648	81
147.616	147.936	79
147.84	147.968	77
148.0	148.416	76
148.384	148.672	70
148.544	148.8	86
148.672	149.056	70
148.768	149.056	84
148.928	149.152	76
149.152	149.216	69
149.152	149.696	77
149.408	149.696	69
149.664	149.824	84
149.824	150.208	69
149.856	150.176	81
150.016	150.24	79
150.208	150.528	69
150.208	150.88	78
150.304	150.976	62
150.528	150.944	69
150.752	150.976	87
150.944	151.392	86
150.944	151.552	69
151.136	151.648	78
151.328	151.616	81
151.328	151.712	67
151.392	151.712	70
151.52	151.648	79
151.712	152.032	84
151.872	152.064	83
152.064	152.288	82
152.128	152.384	65
152.224	152.48	81
152.448	152.832	79
152.448	152.864	58
152.736	152.864	81
152.8	153.248	77
152.832	152.928	69
153.216	153.568	76
153.216	153.6	67
153.248	153.536	77
153.536	153.76	77
153.632	153.92	65
153.664	153.824	72
153.728	153.888	71
153.824	153.984	72
153.952	154.08	74
154.016	154.144	72
154.112	154.272	71
154.112	154.432	57
154.208	154.368	72
154.304	154.432	70
154.304	154.496	55
154.4	154.528	72
154.496	154.688	69
154.496	154.72	53
154.56	154.72	72
154.688	155.04	67
154.688	155.072	52
154.784	154.944	72
154.848	155.04	71
154.944	155.072	72
155.072	155.168	74
155.136	155.264	72
155.232	155.36	71
155.264	155.456	62
155.296	155.424	72
155.456	155.744	60
155.488	155.68	72
155.616	155.808	52
155.68	155.808	72
155.808	156.0	81
155.808	156.16	53
155.872	156.064	72
155.968	156.128	71
156.064	156.192	72
156.192	156.256	74
156.224	156.352	72
156.352	156.48	71
156.352	156.576	57
156.416	156.544	72
156.544	156.672	70
156.544	156.736	55
156.608	156.704	72
156.704	156.896	53
156.704	156.896	69
156.8	156.928	72
156.928	157.248	52
156.928	157.28	67
157.088	157.248	71
157.152	157.312	72
157.248	157.344	52
157.312	157.408	74
157.376	157.472	72
157.44	157.568	71
157.504	157.664	62
157.536	157.632	72
157.664	157.728	60
157.728	157.824	72
157.728	157.856	60
157.856	158.016	52
157.888	158.016	72
158.016	158.368	53
158.048	158.144	81
158.08	158.24	72
158.176	158.368	71
158.304	158.464	72
158.464	158.56	72
158.56	158.688	71
158.592	158.656	60
158.656	158.752	72
158.656	158.784	60
158.752	159.072	57
158.784	158.88	75
158.848	158.976	72
158.944	159.136	55
158.944	159.136	70
159.04	159.168	72
159.136	159.52	54
159.168	159.328	69
159.328	159.488	73
159.52	159.648	76
159.712	159.936	63
159.712	159.936	73
159.904	160.064	84
159.904	160.256	62
160.064	160.288	84
160.064	160.384	54
160.16	160.288	74
160.256	160.576	55
160.256	160.672	83
160.448	160.672	59
160.64	160.96	52
160.64	161.024	82
160.736	161.024	61
160.832	161.024	55
160.992	161.312	53
160.992	161.344	81
161.216	161.408	57
161.248	161.408	60
161.376	161.632	79
161.472	161.728	58
161.472	161.728	86
161.568	161.696	82
161.632	161.792	79
161.76	162.016	77
161.76	162.144	57
161.856	162.112	84
161.952	162.144	81
162.016	162.144	77
162.112	162.208	55
162.144	162.4	76
162.208	162.528	82
162.208	162.56	55
162.304	162.528	79
162.4	162.56	76
162.528	162.752	77
162.528	162.848	53
162.592	162.88	81
162.72	162.848	84
162.784	162.912	82
162.88	163.2	81
162.976	163.2	79
163.072	163.232	77
163.168	163.296	76
163.264	163.552	74
163.264	163.68	57
163.36	163.584	72
163.36	163.616	60
163.456	163.616	70
163.552	163.744	69
163.648	163.872	67
163.712	164.0	62
163.712	164.0	70
163.712	164.032	58
163.84	163.968	74
163.904	164.032	72
164.0	164.32	70
164.096	164.32	69
164.192	164.352	67
164.288	164.416	65
164.384	164.512	64
164.48	164.768	62
164.576	164.736	60
164.64	164.8	59
164.736	165.792	60
164.768	164.992	48
164.864	165.44	57
164.928	165.312	53
164.928	165.312	72
165.12	165.504	48
165.12	165.6	77
165.312	165.664	53
165.312	165.728	81
165.504	165.792	84
165.504	165.824	48
165.664	165.792	53
165.664	165.792	89
165.76	166.176	57
165.888	166.24	48
165.984	166.208	58
166.08	166.208	52
166.24	166.56	48
166.336	166.368	81
166.336	166.528	58
166.464	166.56	52
166.528	166.656	58
166.624	166.848	60
166.624	166.944	48
166.72	166.944	58
166.848	166.976	52
166.944	167.04	79
166.944	167.072	58
167.04	167.232	53
167.264	167.488	57
167.488	167.648	60
167.712	167.872	65
167.872	168.0	64
168.032	168.64	63
168.256	168.608	82
168.64	168.992	84
168.736	168.96	60
169.024	169.344	86
169.152	169.344	58
169.408	170.016	84
169.44	169.92	57
169.984	170.112	86
170.048	170.24	84
170.176	170.304	82
170.272	170.528	81
170.368	170.528	79
170.496	170.624	77
170.592	171.296	81
170.688	171.296	60
171.04	171.296	65
171.104	171.296	69
171.2	171.232	82
171.36	171.648	79
171.456	171.712	60
171.744	171.936	77
172.0	172.16	65
172.192	172.288	64
172.32	172.512	63
172.576	172.736	62
172.704	172.928	61
172.896	173.248	70
172.896	173.28	62
173.12	173.216	82
173.28	173.632	72
173.344	173.632	60
173.504	173.632	84
173.664	174.08	59
173.664	174.08	74
173.856	174.08	68
173.856	174.112	86
174.048	174.368	84
174.08	174.432	57
174.24	174.624	86
174.336	174.496	88
174.432	174.56	89
174.496	174.656	88
174.624	174.848	86
174.72	174.88	84
174.848	175.04	82
174.944	175.2	81
174.976	175.232	69
175.008	175.2	79
175.136	175.232	77
175.2	175.904	81
175.232	175.904	60
175.392	175.744	69
175.616	175.968	65
175.744	176.0	69
175.808	176.032	82
176.0	176.32	60
176.0	176.448	79
176.192	176.448	70
176.384	176.736	77
176.48	176.8	53
176.576	176.736	57
176.672	176.8	60
176.768	177.088	65
176.864	177.056	84
176.96	177.088	86
177.056	177.408	84
177.152	177.344	82
177.152	177.504	64
177.152	177.536	60
177.248	177.472	81
177.344	177.504	82
177.44	177.6	79
177.568	178.048	77
177.664	178.272	41
177.76	177.856	45
177.856	178.272	48
177.952	178.208	53
178.048	178.24	72
178.144	178.272	74
178.24	178.368	72
178.336	178.432	48
178.336	178.528	70
178.336	178.784	52
178.432	178.688	69
178.432	178.784	48
178.528	178.784	70
178.656	178.784	67
178.752	179.232	53
178.752	179.232	65
179.2	179.648	72
179.2	179.68	41
179.2	179.68	77
180.064	180.992	51
180.096	180.576	66
180.576	181.056	66
180.576	181.088	68
180.576	181.088	78
180.576	181.152	39
181.056	181.12	56
181.536	181.92	53
181.536	182.208	61
181.536	182.24	49
181.92	182.24	53
182.304	182.592	63
182.368	182.592	61
182.464	182.624	56
182.56	182.592	60
182.592	182.72	61
182.72	182.816	54
182.72	183.04	70
182.784	183.008	56
182.944	183.136	54
183.008	183.392	68
183.168	183.392	56
183.36	183.744	54
183.392	183.776	68
183.584	183.744	56
183.776	184.128	49
183.776	184.128	68
183.936	184.096	56
184.032	184.224	73
184.096	184.256	53
184.224	184.384	72
184.288	184.48	56
184.384	184.544	71
184.512	184.704	53
184.608	184.8	70
184.672	184.864	56
184.768	184.896	69
184.928	185.152	54
184.96	185.184	48
184.96	185.984	68
185.12	185.376	56
185.216	185.6	54
185.376	185.696	56
185.6	186.016	54
185.792	185.984	56
186.048	186.688	49
186.048	186.72	61
186.208	186.496	56
186.368	186.72	53
186.496	186.72	56
186.784	187.04	63
186.88	187.04	61
186.88	187.072	56
187.04	187.232	61
187.2	187.52	51
187.2	187.52	70
187.36	187.52	54
187.36	187.52	69
187.52	187.904	51
187.52	187.904	69
187.68	188.032	54
187.904	188.352	51
187.904	188.352	69
188.032	188.352	54
188.32	188.64	53
188.32	188.64	70
188.32	188.704	49
188.48	188.704	77
188.64	188.928	53
188.672	188.928	73
188.864	189.088	72
188.864	189.248	58
189.056	189.408	53
189.056	189.408	70
189.248	189.44	58
189.248	189.472	68
189.44	189.728	58
189.44	190.592	67
189.632	189.92	61
189.728	190.144	58
189.92	190.272	61
190.144	190.304	58
190.272	190.592	61
190.304	190.592	58
190.56	190.848	56
190.56	190.944	68
190.56	191.328	53
190.752	190.944	80
190.912	191.296	56
190.912	191.328	77
191.104	191.328	75
191.296	191.392	56
191.296	191.712	74
191.488	191.712	72
191.68	192.8	55
191.68	192.8	71
192.096	192.384	62
192.384	192.832	62
192.8	193.152	60
192.8	193.184	72
192.8	193.216	56
192.96	193.184	87
192.992	193.184	63
193.152	193.408	60
193.152	193.504	84
193.28	193.344	63
193.344	193.504	82
193.344	193.568	63
193.536	193.792	80
193.536	193.856	60
193.696	193.92	79
193.696	193.952	63
193.92	194.944	57
193.92	195.008	78
194.272	194.624	60
194.624	194.976	60
195.04	195.232	79
195.04	195.392	62
195.232	195.392	79
195.232	195.744	82
195.392	195.776	62
195.392	195.808	79
195.584	195.808	77
195.776	196.16	62
195.776	196.192	75
195.968	196.16	67
195.968	196.16	74
196.16	196.512	67
196.16	196.896	73
196.16	197.28	63
196.416	196.672	69
196.512	196.864	67
196.672	197.056	69
196.864	197.312	67
197.056	197.28	69
197.28	197.664	66
197.312	197.696	62
197.472	197.6	73
197.664	197.792	76
197.76	197.888	74
197.856	197.952	73
197.92	198.08	74
198.048	198.24	72
198.112	198.304	74
198.208	198.368	78
198.304	198.432	74
198.432	198.496	70
198.496	198.656	74
198.496	198.72	70
198.592	198.752	79
198.656	198.816	74
198.784	199.136	66
198.848	199.04	74
198.976	199.136	84
199.04	199.2	74
199.136	199.488	67
199.232	199.424	74
199.328	199.488	82
199.424	199.584	74
199.52	199.872	81
199.552	199.936	62
199.616	199.904	78
199.712	199.872	76
199.808	199.936	74
199.904	200.032	73
200.0	200.128	74
200.096	200.192	76
200.192	200.352	74
200.288	200.608	72
200.352	200.544	74
200.48	200.64	78
200.544	200.704	74
200.672	200.992	70
200.736	200.928	74
200.832	201.024	79
200.928	201.056	74
201.056	201.408	66
201.12	201.312	74
201.248	201.376	84
201.312	201.44	74
201.408	201.76	67
201.504	201.696	74
201.6	201.856	82
201.696	201.888	74
201.792	201.952	81
201.792	202.656	62
201.888	202.304	86
201.952	202.24	81
202.08	202.336	78
202.176	202.432	74
202.24	202.912	81
202.336	202.88	78
202.432	202.944	74
202.528	202.72	69
202.656	202.912	62
202.72	202.912	69
202.72	202.944	57
202.816	202.912	66
202.816	202.976	54
202.912	203.072	66
202.912	203.168	62
202.912	203.2	50
203.328	203.808	38
203.328	203.808	74
203.328	203.84	66
204.224	204.992	55
204.96	205.408	50
205.376	206.144	47
205.408	205.44	59
206.112	206.56	50
206.528	206.976	55
206.688	206.848	86
206.88	207.008	86
207.04	207.168	86
207.232	207.328	86
207.232	207.68	59
207.424	207.52	86
207.648	207.84	87
207.68	208.064	62
207.84	207.968	86
208.064	208.16	84
208.224	208.352	83
208.416	208.608	80
208.608	208.704	79
208.768	209.568	55
208.8	208.896	79
208.896	209.024	79
208.992	209.088	77
209.152	209.28	77
209.536	209.984	50
209.952	210.72	47
210.688	211.136	50
211.104	211.68	55
211.296	211.392	77
211.456	211.584	77
211.648	211.776	77
211.808	211.968	77
211.808	212.192	59
212.032	212.16	77
212.256	212.448	79
212.256	212.64	62
212.416	212.64	77
212.64	212.832	75
212.832	212.992	74
213.024	213.216	72
213.184	213.408	71
213.376	214.176	72
214.144	214.56	67
214.56	215.328	63
215.296	215.712	67
215.712	215.968	72
215.872	215.968	55
216.032	216.16	55
216.224	216.32	55
216.416	216.512	55
216.416	216.704	75
216.608	216.736	55
216.832	217.056	56
216.832	217.216	79
217.024	217.248	55
217.216	217.408	53
217.376	217.6	51
217.568	217.792	50
217.76	217.856	48
217.952	218.176	48
217.952	218.528	76
218.144	218.336	46
218.336	218.752	46
218.72	219.136	72
219.136	219.904	67
219.872	220.288	72
220.256	220.832	76
220.48	220.608	58
220.8	220.896	58
220.992	221.12	58
220.992	221.28	79
221.184	221.28	58
221.408	221.632	60
221.408	221.824	82
221.6	221.824	58
221.792	222.016	56
221.984	222.176	55
222.144	222.336	53
222.336	222.56	52
222.528	223.296	53
222.72	222.88	80
222.88	223.072	80
223.072	223.232	80
223.232	223.36	80
223.424	223.552	80
223.712	223.872	82
223.712	224.096	65
223.712	224.448	58
223.84	224.096	80
224.064	224.288	79
224.064	224.448	63
224.064	224.448	67
224.224	224.352	77
224.416	224.64	75
224.48	224.8	69
224.512	224.832	65
224.64	224.8	74
224.832	225.184	63
224.832	225.184	67
224.992	225.152	79
225.152	225.28	79
225.312	225.44	79
225.504	225.632	79
225.696	225.792	79
225.92	225.984	60
225.92	226.112	80
225.92	226.336	63
225.92	226.592	56
226.112	226.336	79
226.304	226.528	77
226.336	226.688	65
226.496	226.72	75
226.688	227.072	63
226.688	227.072	67
226.88	227.072	72
226.912	226.976	56
227.104	227.424	65
227.232	227.36	77
227.392	227.52	77
227.584	227.68	77
227.776	227.872	77
227.968	228.064	77
228.192	228.384	79
228.224	228.512	59
228.224	228.608	62
228.224	228.992	55
228.384	228.576	77
228.576	228.8	75
228.576	228.928	63
228.768	228.992	74
228.96	229.152	72
228.96	229.344	65
229.12	229.344	71
229.312	229.504	77
229.312	229.728	63
229.472	229.728	75
229.696	229.888	74
229.888	230.08	72
230.048	230.272	70
230.048	230.368	53
230.048	230.496	63
230.24	230.464	69
230.432	230.56	55
230.432	230.848	84
230.464	230.848	62
230.624	230.848	82
230.816	231.008	81
230.976	231.2	79
231.168	231.296	77
231.168	231.584	63
231.168	231.584	67
231.36	231.552	76
231.552	232.0	77
231.744	231.904	65
231.904	232.032	65
232.096	232.192	65
232.288	232.48	65
232.288	232.608	69
232.288	232.704	75
232.48	232.672	65
232.704	232.832	66
232.704	233.088	73
232.704	233.12	70
232.896	233.12	65
233.088	233.28	63
233.248	233.472	61
233.44	233.664	60
233.44	233.664	73
233.44	233.792	82
233.632	233.856	58
233.824	234.208	81
234.016	234.176	53
234.176	234.304	53
234.368	234.464	53
234.56	234.944	69
234.56	234.976	63
234.752	234.912	53
234.976	235.168	54
234.976	235.328	61
234.976	235.36	70
235.168	235.36	53
235.328	235.552	51
235.52	235.744	49
235.712	235.904	48
235.712	236.128	58
235.712	236.128	61
235.904	236.16	46
236.128	236.32	60
236.128	236.352	57
236.128	236.512	41
236.32	236.416	65
236.32	236.48	60
236.48	236.608	65
236.672	236.768	65
236.832	236.928	77
236.832	236.96	65
237.056	237.184	65
237.248	237.728	63
237.28	237.44	64
237.28	237.472	53
237.28	237.824	57
237.44	237.664	65
237.664	237.856	67
237.824	238.048	65
238.048	238.336	70
238.24	238.656	69
238.432	238.656	74
238.624	238.848	72
238.816	239.04	75
239.008	239.232	74
239.232	239.456	79
239.424	239.584	77
239.584	240.288	77
240.288	240.48	76
240.48	240.704	75
240.736	240.96	72
240.928	241.696	70
240.928	241.728	58
241.696	242.016	65
241.696	242.144	53
242.112	242.848	62
242.112	242.88	50
242.848	243.264	53
242.848	243.264	65
243.264	244.032	58
243.264	244.032	70
244.0	244.384	62
244.384	245.152	77
244.384	245.184	65
245.12	245.504	82
245.312	245.504	74
245.504	245.696	77
245.504	245.888	63
245.504	246.112	53
245.664	245.888	75
245.856	246.08	74
246.048	246.24	72
246.208	246.432	70
246.4	246.624	69
246.592	246.784	67
246.752	246.976	65
246.944	247.136	64
247.104	247.328	65
247.296	247.52	67
247.488	247.712	69
247.712	247.808	70
247.712	247.872	58
247.712	248.064	62
247.84	248.032	70
247.936	248.096	69
248.032	248.16	70
248.224	248.32	72
248.416	248.512	74
248.576	248.672	75
248.768	248.96	76
248.96	249.152	77
249.152	249.312	79
249.312	249.472	77
249.504	249.888	82
249.696	249.888	74
249.888	250.112	77
249.888	250.336	63
249.888	250.656	53
250.08	250.304	75
250.272	250.496	74
250.464	250.656	72
250.624	250.848	70
250.816	251.04	69
251.008	251.2	67
251.168	251.392	65
251.36	251.552	64
251.52	251.776	65
251.744	251.968	67
251.936	252.128	69
252.128	252.224	58
252.128	252.256	62
252.128	252.256	70
252.48	252.576	62
252.48	252.608	58
252.48	252.608	70
252.864	252.992	58
252.864	252.992	65
252.864	252.992	74
253.312	253.696	58
253.312	253.696	62
253.312	253.696	70
253.952	254.08	70
254.048	254.176	72
254.24	254.432	69
254.272	254.464	70
254.4	254.56	79
254.784	255.2	51
254.784	255.2	55
254.784	255.2	58
255.072	255.168	70
255.168	255.296	72
255.232	255.392	70
255.328	255.456	69
255.392	255.584	70
255.52	255.968	77
255.904	256.256	53
255.904	256.288	50
255.904	256.288	58
256.192	256.288	70
256.288	256.416	72
256.352	256.48	70
256.448	256.576	69
256.544	256.704	70
256.672	257.056	72
256.672	257.824	57
256.704	257.824	65
257.024	257.44	77
257.408	257.824	75
257.792	258.208	58
257.792	258.208	73
258.176	258.368	74
258.464	258.592	70
258.56	258.688	72
258.624	258.752	70
258.752	258.848	69
258.816	258.976	70
258.912	259.296	79
259.296	259.712	51
259.296	259.712	55
259.296	259.712	58
259.584	259.68	70
259.68	259.808	72
259.744	259.936	70
259.872	259.968	69
259.936	260.096	70
260.064	260.48	77
260.416	260.8	53
260.416	260.8	58
260.416	260.832	50
260.704	260.8	70
260.8	260.928	72
260.864	260.992	70
260.992	261.088	69
261.056	261.216	70
261.184	262.176	72
261.184	262.336	53
261.184	262.336	57
261.536	262.24	75
261.664	262.304	60
261.92	262.336	69
261.92	262.4	63
262.304	262.72	70
262.496	262.528	58
263.392	263.616	55
263.392	263.616	70
263.392	263.648	79
263.776	263.968	67
263.776	264.224	43
264.512	264.704	50
264.544	264.672	69
264.544	264.704	66
264.544	264.704	74
264.928	265.152	38
264.928	265.184	62
265.696	266.016	55
265.696	266.4	63
265.696	266.816	51
266.016	266.4	55
266.208	266.4	58
266.496	266.72	63
266.592	266.784	58
266.72	266.848	63
266.848	267.936	50
266.976	267.328	58
267.136	267.296	56
267.168	267.52	70
267.328	267.712	58
267.488	267.776	56
267.52	268.192	70
267.712	268.0	58
267.968	268.192	55
267.968	268.384	51
268.096	268.32	58
268.16	268.352	75
268.288	268.608	55
268.448	268.512	58
268.512	268.672	58
268.512	268.672	73
268.736	268.992	55
268.736	268.992	72
268.832	269.024	58
268.896	269.024	71
269.056	270.176	50
269.088	269.248	70
269.216	269.568	58
269.344	269.76	56
269.568	269.952	58
269.76	270.144	56
269.952	270.208	58
270.176	270.432	55
270.176	270.88	63
270.176	271.296	51
270.336	270.688	58
270.496	270.88	55
270.688	270.912	58
270.944	271.008	56
270.976	271.168	63
271.072	271.328	58
271.168	271.264	62
271.168	271.36	63
271.296	272.48	50
271.328	271.648	53
271.328	271.712	72
271.488	271.648	71
271.648	272.032	53
271.648	272.032	71
271.84	272.16	56
272.032	272.48	53
272.032	272.544	71
272.16	272.48	56
272.448	272.736	55
272.448	272.768	72
272.448	273.248	51
272.608	273.152	79
272.832	273.184	55
272.832	273.184	75
272.992	273.216	60
272.992	273.216	74
273.184	273.6	55
273.184	273.6	72
273.376	273.568	60
273.376	273.6	70
273.568	273.696	60
273.568	273.76	54
273.568	274.112	69
273.728	274.08	63
273.856	274.24	60
274.08	274.464	63
274.24	274.72	60
274.464	274.72	63
274.688	275.04	58
274.688	275.072	70
274.848	274.976	86
275.04	275.264	82
275.04	275.424	58
275.232	275.456	81
275.424	275.648	79
275.424	275.776	58
275.616	275.744	77
275.808	276.16	67
275.808	276.192	76
276.032	276.288	70
276.16	276.512	67
276.288	276.544	70
276.512	276.704	67
276.672	276.864	70
276.704	276.896	67
276.928	277.056	69
276.928	277.216	65
277.024	277.184	77
277.088	277.216	76
277.184	277.344	77
277.312	277.44	79
277.376	277.504	77
277.472	277.6	76
277.568	277.76	77
277.696	277.792	75
277.76	277.952	77
277.856	277.984	81
277.952	278.112	77
278.048	278.272	74
278.112	278.336	77
278.24	278.368	82
278.336	278.464	77
278.432	278.688	69
278.528	278.688	77
278.592	278.784	87
278.688	278.88	77
278.816	279.008	70
278.88	279.072	77
278.976	279.2	86
279.072	279.392	77
279.168	279.392	84
279.168	279.52	65
279.264	279.52	81
279.36	279.552	79
279.456	279.648	77
279.552	279.648	76
279.648	279.776	77
279.744	279.872	79
279.808	279.968	77
279.936	280.224	75
280.0	280.192	77
280.128	280.256	81
280.192	280.384	77
280.32	280.544	74
280.384	280.576	77
280.512	280.64	82
280.576	280.672	77
280.672	280.992	69
280.768	280.96	77
280.864	281.056	87
280.96	281.12	77
281.056	281.344	70
281.12	281.344	77
281.248	281.472	86
281.344	281.792	77
281.44	281.6	84
281.44	281.696	65
281.536	281.728	89
281.6	281.888	84
281.728	281.984	81
281.792	282.08	77
281.888	282.208	84
281.984	282.592	81
282.08	282.272	77
282.176	282.336	72
282.272	282.56	65
282.272	282.72	77
282.336	282.592	72
282.368	282.592	60
282.464	282.56	57
282.464	282.784	69
282.56	282.816	53
282.56	282.816	57
282.56	282.816	65
282.976	283.456	69
282.976	283.456	72
282.976	283.488	41
282.976	283.488	77
283.872	284.672	58
284.64	285.376	53
285.024	285.824	50
285.76	286.208	53
286.176	286.848	58
286.368	286.464	77
286.528	286.72	77
286.72	286.88	77
286.88	287.008	77
286.976	287.328	62
287.104	287.36	77
287.328	287.52	79
287.328	287.712	65
287.488	287.712	77
287.68	287.936	75
287.904	288.096	74
288.096	288.256	72
288.416	289.216	51
288.448	288.672	70
288.64	288.8	69
288.8	289.216	69
289.184	289.632	48
289.6	290.368	45
290.336	290.784	48
290.368	290.784	60
290.752	291.552	51
290.944	291.104	75
291.104	291.232	75
291.296	291.488	75
291.488	291.584	75
291.488	291.904	57
291.648	291.776	75
291.904	292.096	77
291.904	292.32	60
292.064	292.32	75
292.288	292.48	74
292.48	292.672	72
292.64	292.864	70
292.832	293.056	69
293.024	293.696	70
293.056	293.376	62
293.376	293.728	62
293.6	293.728	74
293.792	294.08	72
293.824	294.144	62
294.016	294.176	70
294.144	294.496	63
294.144	294.656	69
294.496	294.688	63
294.688	294.816	63
294.688	295.168	79
294.816	295.296	63
294.88	295.2	77
295.072	295.2	65
295.072	295.296	69
295.264	295.936	70
295.392	295.744	65
295.648	295.968	62
295.744	296.0	65
295.84	295.872	74
295.968	296.416	62
296.032	296.416	72
296.16	296.192	53
296.224	296.416	70
296.352	296.704	63
296.352	296.736	69
296.544	296.832	65
296.704	296.928	63
296.896	297.152	78
296.928	297.12	63
297.12	297.312	77
297.12	297.472	63
297.28	297.44	65
297.28	297.472	69
297.472	297.76	61
297.472	298.048	70
297.632	298.016	65
297.76	298.176	61
298.016	298.208	65
298.016	298.272	77
298.176	298.496	61
298.24	298.4	73
298.4	298.56	65
298.4	298.592	72
298.56	299.328	71
298.56	299.648	55
298.656	298.912	62
298.72	299.136	65
298.912	299.136	62
299.136	299.328	62
299.136	299.328	65
299.136	299.328	80
299.328	299.712	62
299.328	299.712	79
299.488	299.712	71
299.488	299.744	65
299.712	300.032	60
299.712	300.064	74
299.712	300.096	63
299.872	300.096	72
300.064	300.256	77
300.064	300.384	65
300.064	300.544	57
300.224	300.448	76
300.448	300.768	75
300.512	301.12	58
300.64	300.832	74
300.8	301.12	51
300.8	301.152	72
300.8	301.216	63
301.088	301.216	74
301.12	301.216	51
301.184	301.6	53
301.184	301.632	70
301.216	301.28	62
301.28	301.792	62
301.536	301.696	69
301.6	301.92	60
301.632	301.76	70
301.696	301.952	69
301.76	301.92	70
301.888	301.952	67
301.92	302.272	70
301.952	302.016	58
302.016	302.176	65
302.016	302.336	58
302.112	302.304	64
302.176	302.336	65
302.304	302.496	67
302.4	302.528	65
302.464	302.784	50
302.496	302.592	64
302.56	302.72	65
302.656	302.816	63
302.688	302.752	48
302.752	302.88	65
302.752	302.912	48
302.848	303.072	46
302.848	303.072	62
302.944	303.136	65
303.04	303.328	60
303.136	303.296	65
303.232	303.36	64
303.296	303.424	65
303.424	303.584	67
303.488	303.648	65
303.616	303.744	64
303.616	303.776	55
303.68	303.808	65
303.776	303.968	53
303.872	304.0	65
303.968	304.192	45
303.968	304.192	57
303.968	304.192	75
304.064	304.192	65
304.16	304.448	46
304.192	304.288	74
304.256	304.416	77
304.352	304.448	76
304.416	304.544	77
304.512	304.672	79
304.608	304.8	77
304.736	304.8	76
304.736	304.928	62
304.8	304.96	77
304.928	305.024	75
304.928	305.152	60
304.96	305.088	77
305.088	305.216	74
305.088	305.312	58
305.152	305.312	77
305.28	305.664	57
305.376	305.536	77
305.472	305.536	76
305.536	305.664	77
305.632	305.76	79
305.728	305.824	77
305.856	305.952	76
305.856	306.048	67
305.92	306.048	77
306.016	306.208	65
306.08	306.208	77
306.176	306.208	87
306.176	306.272	57
306.272	306.4	77
306.272	306.432	57
306.4	306.752	58
306.464	306.592	77
306.56	306.688	76
306.656	306.784	77
306.752	306.88	79
306.848	307.04	77
306.944	307.04	76
306.944	307.104	65
307.04	307.168	77
307.136	307.232	80
307.136	307.36	62
307.2	307.36	77
307.328	307.52	60
307.328	307.52	75
307.392	307.552	77
307.488	307.936	59
307.616	307.776	79
307.68	307.808	78
307.776	307.904	79
307.872	308.0	81
307.968	308.096	79
308.064	308.192	78
308.064	308.224	68
308.128	308.288	79
308.256	308.352	89
308.256	308.544	67
308.352	308.448	79
308.416	308.48	55
308.416	308.576	89
308.416	308.672	59
308.512	308.672	79
308.608	308.928	88
308.736	308.928	67
308.864	308.96	64
308.992	309.344	87
308.992	309.376	57
309.28	309.344	60
309.376	309.632	86
309.376	309.76	58
309.6	309.792	65
309.728	309.856	86
309.76	310.048	63
309.856	309.92	84
309.856	310.112	51
309.92	310.016	84
309.92	310.112	87
310.016	310.144	84
310.144	310.464	84
310.176	310.24	53
310.24	310.432	53
310.304	310.624	86
310.4	310.784	82
310.592	310.752	81
310.592	310.816	58
310.688	310.912	84
310.752	310.976	81
310.88	311.2	50
310.976	311.232	86
311.04	311.264	89
311.136	311.296	87
311.232	311.552	86
311.36	311.584	84
311.456	311.584	82
311.552	311.68	81
311.616	312.0	79
311.712	311.968	77
311.712	312.0	65
311.84	312.0	75
311.936	312.064	74
312.032	312.288	72
312.032	312.416	63
312.032	312.416	67
312.096	312.384	75
312.192	312.416	79
312.288	312.416	77
312.384	312.64	75
312.48	312.672	74
312.576	312.704	72
312.672	312.8	70
312.768	312.928	69
312.832	313.056	67
312.928	313.088	65
313.024	313.152	64
313.12	313.344	65
313.12	313.376	53
313.312	313.696	58
313.312	313.728	70
313.376	313.6	62
313.504	313.792	74
313.504	313.856	53
313.6	313.792	62
313.696	313.92	77
313.696	314.048	58
313.792	313.984	62
313.856	314.08	82
313.856	314.208	53
313.984	314.176	62
314.048	314.208	86
314.048	314.304	58
314.176	314.56	62
314.24	314.592	53
314.336	314.496	63
314.432	314.592	57
314.496	314.656	63
314.656	314.912	53
314.688	314.912	63
314.816	314.976	57
314.912	315.008	63
315.008	315.296	53
315.072	315.264	63
315.104	315.136	72
315.2	315.424	57
315.264	315.424	63
315.392	315.84	70
315.424	315.648	58
315.84	316.032	65
316.0	316.288	70
316.256	316.416	69
316.416	316.64	68
316.608	316.96	75
316.64	316.96	67
316.992	317.28	77
317.12	317.344	65
317.376	317.792	79
317.408	317.696	63
317.76	318.272	77
318.336	318.464	79
318.432	318.592	77
318.56	318.784	55
318.56	318.784	75
318.656	318.88	74
318.752	318.88	72
318.752	318.944	63
318.848	319.008	70
318.976	319.52	74
318.976	319.616	53
319.456	319.648	58
319.552	319.776	75
319.744	320.096	53
319.744	320.096	72
319.936	320.16	63
320.128	320.512	70
320.32	320.512	58
320.512	320.704	57
320.672	320.896	56
320.896	321.024	55
321.056	321.28	54
321.248	321.472	63
321.248	321.6	55
321.472	321.568	75
321.472	321.664	63
321.664	321.952	53
321.664	321.952	65
321.888	322.048	77
321.888	322.08	57
322.048	322.336	52
322.048	322.432	67
322.24	322.432	61
322.24	322.432	79
322.4	322.624	77
322.4	322.912	50
322.592	322.784	79
322.72	322.88	81
322.816	322.944	82
322.816	323.168	58
322.88	323.04	81
322.976	323.136	79
323.104	323.232	77
323.2	323.52	53
323.2	323.52	75
323.296	323.52	74
323.392	323.52	72
323.488	323.648	70
323.584	324.288	53
323.584	324.288	74
323.712	324.16	62
323.968	324.384	58
324.16	324.384	62
324.16	324.416	75
324.352	324.864	53
324.352	324.896	72
324.544	325.024	63
324.736	325.12	70
324.832	325.216	58
324.928	325.472	62
325.056	325.44	65
325.12	325.472	70
325.216	325.408	77
325.312	325.504	79
325.408	325.856	77
325.504	325.6	57
325.504	325.696	75
325.504	325.888	53
325.6	325.856	74
325.6	325.952	57
325.696	325.888	75
325.824	326.016	72
325.92	326.336	70
326.016	326.304	46
326.112	326.368	50
326.208	326.368	53
326.336	326.688	58
326.432	326.592	65
326.528	326.656	67
326.592	326.752	65
326.72	326.88	63
326.816	327.136	62
326.88	327.136	63
327.008	327.136	60
327.104	327.552	58
327.136	327.584	46
327.552	327.648	77
327.552	328.0	58
327.552	328.064	82
328.448	328.96	66
328.448	329.376	51
328.96	329.44	66
328.96	329.472	68
328.96	329.472	78
328.96	329.536	39
329.92	330.304	53
329.92	330.592	61
329.92	330.624	49
330.304	330.624	53
330.688	330.944	63
330.72	330.976	61
330.816	330.976	56
330.912	330.976	60
330.976	331.072	61
331.072	331.136	42
331.072	331.264	54
331.104	331.392	70
331.168	331.36	56
331.232	331.392	68
331.328	331.488	54
331.456	331.744	68
331.552	331.776	56
331.744	332.128	54
331.744	332.512	68
331.936	332.128	56
332.16	332.512	49
332.288	332.48	56
332.384	332.544	73
332.48	332.672	53
332.576	332.768	72
332.672	332.864	56
332.736	332.896	71
332.864	333.184	53
333.024	333.184	70
333.088	333.248	56
333.152	333.312	69
333.28	333.408	54
333.312	334.368	68
333.568	333.952	54
333.76	334.016	56
333.952	334.368	54
334.176	334.368	56
334.4	334.528	53
334.4	335.072	49
334.4	335.104	61
334.56	334.88	56
334.752	335.104	53
334.88	335.104	56
335.168	335.456	63
335.232	335.424	61
335.264	335.488	56
335.424	335.488	60
335.424	335.744	61
335.552	335.84	51
335.552	335.904	70
335.744	335.904	54
335.744	335.904	69
335.84	336.256	51
335.904	336.256	69
336.032	336.384	54
336.256	336.704	51
336.256	336.736	69
336.384	336.704	54
336.672	337.184	49
336.704	337.024	53
336.704	337.024	70
336.864	337.056	77
337.024	337.312	53
337.056	337.312	73
337.248	337.472	72
337.248	337.504	58
337.44	337.76	53
337.44	337.76	70
337.6	337.824	58
337.6	337.856	68
337.824	338.048	58
337.824	338.944	67
337.984	338.304	61
338.112	338.496	58
338.304	338.656	61
338.496	338.656	58
338.656	338.944	58
338.656	338.944	61
338.912	339.136	56
338.912	339.328	68
338.912	339.36	53
339.104	339.296	80
339.296	339.648	56
339.296	339.68	77
339.488	339.68	75
339.648	339.904	56
339.648	339.904	74
339.84	340.064	72
340.032	340.384	62
340.032	341.184	55
340.032	341.184	71
340.384	340.768	62
340.768	340.992	62
340.992	341.184	62
340.992	341.184	65
341.152	341.344	60
341.152	341.568	72
341.152	341.664	56
341.344	341.536	60
341.344	341.696	87
341.536	341.92	60
341.536	341.92	84
341.728	341.92	82
341.728	341.984	63
341.888	342.208	80
341.92	342.208	60
342.08	342.304	63
342.08	342.304	79
342.272	342.56	60
342.272	343.008	78
342.272	343.328	57
342.496	342.816	62
342.624	343.008	60
342.816	343.424	62
343.008	343.424	60
343.424	343.68	79
343.424	343.808	62
343.584	343.968	82
343.616	343.904	67
343.776	344.16	79
343.808	344.16	62
343.904	344.192	67
343.968	344.192	77
344.16	344.544	62
344.16	344.576	75
344.32	344.512	67
344.352	344.512	74
344.512	344.864	67
344.544	345.6	63
344.544	345.6	73
344.736	344.896	69
344.864	345.216	67
345.088	345.44	69
345.216	345.696	67
345.568	345.664	69
345.664	346.048	66
345.696	346.08	62
345.824	346.048	73
346.048	346.176	76
346.24	346.368	73
346.336	346.432	74
346.4	346.624	72
346.496	346.688	74
346.592	346.752	78
346.688	346.816	74
346.784	347.104	70
346.848	347.04	74
346.976	347.104	79
347.04	347.168	74
347.136	347.52	66
347.232	347.424	74
347.328	347.52	84
347.424	347.552	74
347.52	347.872	67
347.584	347.776	74
347.712	347.872	82
347.776	347.936	74
347.904	348.064	81
347.904	348.32	62
348.0	348.288	78
348.096	348.224	76
348.192	348.32	74
348.288	348.416	73
348.352	348.48	74
348.448	348.576	76
348.544	348.704	74
348.672	348.864	72
348.736	348.928	74
348.832	348.992	78
348.928	349.056	74
349.056	349.344	70
349.12	349.312	74
349.216	349.376	79
349.312	349.472	74
349.408	349.792	66
349.472	349.696	74
349.6	349.76	84
349.696	349.824	74
349.792	350.144	67
349.856	350.048	74
349.952	350.176	82
350.048	350.24	74
350.176	350.336	81
350.176	351.04	62
350.24	350.656	86
350.336	350.624	81
350.432	350.688	78
350.528	350.816	74
350.624	351.264	81
350.688	351.232	78
350.816	351.008	74
350.912	351.104	69
351.008	351.296	74
351.04	351.296	62
351.104	351.296	69
351.104	351.328	57
351.2	351.36	54
351.2	351.392	66
351.296	351.584	50
351.296	351.584	62
351.712	352.16	74
351.712	352.192	38
351.712	352.192	66
351.712	352.224	69
352.608	353.344	55
353.344	353.792	50
353.76	354.528	47
353.792	353.856	59
354.496	354.944	50
354.912	355.328	55
355.072	355.2	86
355.232	355.392	86
355.424	355.552	86
355.616	355.712	86
355.616	356.064	59
355.776	355.872	86
356.032	356.192	87
356.064	356.448	62
356.192	356.32	86
356.416	356.544	84
356.608	356.736	83
356.768	356.864	80
356.96	357.088	79
357.152	357.216	79
357.152	357.952	55
357.216	357.248	80
357.28	357.408	79
357.344	357.44	77
357.504	357.632	77
357.92	358.368	50
358.336	359.104	47
359.072	359.52	50
359.488	360.064	55
359.68	359.776	77
359.84	359.968	77
360.032	360.128	77
360.192	360.352	77
360.192	360.576	59
360.384	360.544	77
360.64	360.832	79
360.64	360.992	62
360.8	361.024	77
360.992	361.216	75
361.216	361.376	74
361.408	361.568	72
361.568	361.792	71
361.76	362.528	72
362.528	362.944	67
362.912	363.712	63
363.68	364.096	67
364.096	364.352	72
364.256	364.352	55
364.416	364.544	55
364.608	364.704	55
364.8	364.896	55
364.8	365.088	75
364.96	365.12	55
365.216	365.408	56
365.216	365.408	79
365.376	365.6	55
365.568	365.792	53
365.76	365.984	51
365.92	366.176	50
366.144	366.24	48
366.336	366.56	48
366.336	367.104	76
366.496	366.688	46
366.688	367.136	46
367.104	367.52	72
367.488	368.288	67
368.256	368.64	72
368.64	369.216	76
368.832	368.928	58
369.152	369.28	58
369.376	369.472	58
369.376	369.696	79
369.536	369.664	58
369.792	369.984	60
369.792	370.144	82
369.952	370.208	58
370.176	370.368	56
370.336	370.56	55
370.528	370.72	53
370.688	370.912	52
370.912	371.648	53
371.104	371.264	80
371.264	371.424	80
371.424	371.616	80
371.616	371.744	80
371.808	371.904	80
372.096	372.256	82
372.096	372.448	65
372.096	372.8	58
372.224	372.448	80
372.448	372.672	79
372.448	372.8	63
372.448	372.8	67
372.608	372.736	77
372.8	373.024	75
372.864	373.216	65
372.864	373.248	69
373.024	373.12	74
373.216	373.536	63
373.216	373.536	67
373.344	373.536	79
373.536	373.664	79
373.696	373.824	79
373.888	373.984	79
374.08	374.176	79
374.304	374.4	60
374.304	374.496	80
374.304	374.72	63
374.304	375.104	56
374.496	374.688	79
374.688	374.848	77
374.72	375.04	65
374.88	375.072	75
375.072	375.424	67
375.072	375.456	63
375.264	375.456	72
375.456	375.744	65
375.616	375.712	77
375.776	375.872	77
375.968	376.064	77
376.128	376.256	77
376.352	376.448	77
376.544	376.704	79
376.576	376.896	59
376.576	376.96	62
376.576	377.344	55
376.736	376.96	77
376.928	377.344	63
376.96	377.28	75
377.12	377.376	74
377.344	377.504	72
377.344	377.696	65
377.376	377.696	62
377.504	377.728	71
377.696	377.856	77
377.696	378.08	63
377.856	378.112	75
378.08	378.272	74
378.272	378.464	72
378.432	378.656	70
378.432	378.752	53
378.432	378.848	63
378.624	378.816	69
378.816	378.944	55
378.816	379.2	84
378.848	379.264	62
379.008	379.2	82
379.168	379.392	81
379.36	379.584	79
379.552	379.68	77
379.552	379.936	63
379.552	379.968	67
379.744	379.936	76
379.904	380.288	77
380.128	380.256	65
380.288	380.384	65
380.288	380.384	77
380.48	380.576	65
380.672	380.8	65
380.672	380.992	69
380.672	381.088	75
380.864	381.024	65
381.088	381.248	66
381.088	381.44	73
381.088	381.472	70
381.28	381.472	65
381.44	381.664	63
381.632	381.856	61
381.824	382.048	60
381.824	382.048	73
381.824	382.048	82
382.016	382.24	58
382.208	382.368	81
382.4	382.496	53
382.56	382.656	53
382.752	382.848	53
382.944	383.328	69
382.944	383.36	63
383.104	383.232	53
383.36	383.552	54
383.36	383.744	61
383.36	383.744	70
383.52	383.744	53
383.712	383.936	51
383.904	384.128	49
384.096	384.512	58
384.096	384.512	61
384.288	384.512	46
384.48	384.736	57
384.48	384.768	60
384.48	384.896	41
384.704	384.8	65
384.864	384.96	65
385.024	385.152	65
385.216	385.344	65
385.408	385.536	65
385.632	385.856	64
385.632	386.08	57
385.632	386.08	63
385.664	385.76	53
385.824	386.048	65
386.016	386.208	67
386.176	386.432	65
386.4	386.688	70
386.592	387.04	69
386.816	387.04	74
387.008	387.232	72
387.2	387.424	75
387.392	387.616	74
387.584	387.84	79
387.776	387.968	77
387.968	388.672	77
388.64	388.864	76
388.864	389.088	75
389.088	389.312	72
389.312	390.08	58
389.312	390.08	70
390.08	390.272	65
390.08	390.496	53
390.464	391.232	50
390.464	391.232	62
391.2	391.616	53
391.2	391.616	65
391.616	392.384	70
391.616	392.416	58
392.384	392.768	62
392.736	393.504	77
392.736	393.536	65
393.504	393.888	82
393.696	393.888	74
393.856	394.048	53
393.856	394.08	77
393.856	394.272	63
394.048	394.272	75
394.048	394.624	53
394.24	394.432	74
394.432	394.624	72
394.592	394.816	70
394.784	395.008	69
394.944	395.168	67
395.136	395.328	65
395.296	395.456	64
395.488	395.712	65
395.68	395.904	67
395.872	396.064	69
396.064	396.224	70
396.064	396.256	58
396.064	396.416	62
396.224	396.416	70
396.32	396.448	69
396.416	396.512	70
396.576	396.672	72
396.768	396.864	74
396.96	397.056	75
397.152	397.344	76
397.344	397.536	77
397.504	397.664	79
397.696	397.92	77
397.888	398.272	82
398.08	398.272	74
398.272	398.496	77
398.272	399.04	53
398.272	399.264	63
398.432	398.656	75
398.624	398.848	74
398.816	399.04	72
399.008	399.232	70
399.168	399.392	69
399.36	399.584	67
399.552	399.744	65
399.712	399.936	64
399.904	400.128	65
400.096	400.32	67
400.288	400.512	69
400.512	400.608	58
400.512	400.608	62
400.512	400.64	70
400.832	400.96	58
400.832	400.96	62
400.832	400.96	70
401.248	401.376	58
401.248	401.376	65
401.248	401.376	74
401.696	402.048	70
401.696	402.08	58
401.696	402.08	62
402.336	402.432	70
402.432	402.528	72
402.592	402.784	69
402.656	402.816	70
402.784	402.944	79
403.136	403.584	51
403.168	403.552	55
403.168	403.552	58
403.456	403.552	70
403.552	403.648	72
403.584	403.776	70
403.712	403.84	69
403.776	403.936	70
403.904	404.352	77
404.256	404.672	50
404.288	404.64	53
404.288	404.672	58
404.544	404.64	70
404.672	404.768	72
404.704	404.832	70
404.832	404.96	69
404.896	405.088	70
405.056	405.408	72
405.056	405.536	65
405.056	406.208	57
405.376	405.792	77
405.792	406.208	75
406.176	406.56	73
406.176	406.592	58
406.528	406.72	74
406.848	406.976	70
406.944	407.072	72
407.04	407.136	70
407.104	407.264	69
407.232	407.36	70
407.296	407.488	79
407.68	408.064	55
407.68	408.096	51
407.68	408.096	58
407.968	408.064	70
408.064	408.192	72
408.128	408.288	70
408.224	408.352	69
408.288	408.48	70
408.416	408.864	77
408.8	409.152	53
408.8	409.184	50
408.8	409.184	58
409.088	409.184	70
409.184	409.28	72
409.216	409.376	70
409.344	409.472	69
409.408	409.6	70
409.568	410.496	72
409.568	410.656	57
409.568	410.72	53
409.92	410.592	75
410.016	410.656	60
410.304	410.72	69
410.304	410.752	63
410.688	411.104	70
411.776	411.968	70
411.776	412.0	55
411.776	412.032	79
411.808	411.968	74
412.16	412.352	67
412.16	412.512	43
412.896	413.056	50
412.896	413.056	66
412.896	413.056	69
412.896	413.056	74
413.28	413.536	38
413.28	413.568	62
414.048	414.4	55
414.048	414.752	63
414.048	415.2	51
414.4	414.752	55
414.592	414.784	58
414.88	415.104	63
414.976	415.168	58
415.104	415.264	63
415.232	416.32	50
415.328	415.712	58
415.52	415.648	56
415.52	415.904	70
415.712	416.096	58
415.872	416.224	56
415.904	416.384	70
416.096	416.512	58
416.32	416.544	55
416.32	416.992	51
416.512	416.736	58
416.512	416.736	75
416.672	416.992	55
416.768	416.8	74
416.8	416.896	58
416.896	417.056	58
416.896	417.088	73
417.088	417.408	72
417.12	417.376	55
417.248	417.408	58
417.248	417.408	71
417.44	418.56	50
417.6	417.952	58
417.728	418.112	56
417.952	418.336	58
418.112	418.592	56
418.336	418.592	58
418.56	418.656	55
418.56	419.264	63
418.56	419.68	51
418.72	419.072	58
418.88	419.296	55
419.072	419.296	58
419.296	419.584	55
419.36	419.552	63
419.456	419.68	58
419.52	419.712	62
419.552	419.712	63
419.68	419.968	53
419.68	420.096	72
419.68	420.864	50
419.872	420.032	71
419.968	420.384	53
420.032	420.384	71
420.192	420.608	56
420.384	420.8	53
420.384	420.896	71
420.608	420.864	56
420.832	421.12	55
420.832	421.152	72
420.832	421.6	51
420.992	421.248	79
421.184	421.568	55
421.184	421.568	75
421.376	421.6	60
421.376	421.6	74
421.568	421.888	72
421.568	421.984	55
421.76	421.984	60
421.76	421.984	70
421.952	422.88	54
421.952	422.912	69
422.112	422.432	63
422.432	422.88	63
422.656	423.104	60
422.88	423.104	63
423.072	423.232	58
423.072	423.264	55
423.072	423.456	70
423.232	423.36	86
423.232	423.424	58
423.424	423.584	82
423.424	423.808	58
423.616	423.84	81
423.808	424.032	79
423.808	424.224	58
424.0	424.128	77
424.192	424.544	67
424.192	424.704	76
424.416	424.672	70
424.544	424.896	67
424.672	424.992	70
424.896	425.088	67
425.056	425.28	70
425.088	425.312	67
425.312	425.6	65
425.312	425.6	69
425.376	425.568	77
425.504	425.6	76
425.568	425.696	77
425.664	425.824	79
425.76	425.888	77
425.856	425.984	76
425.952	426.144	77
426.08	426.176	75
426.144	426.336	77
426.24	426.4	81
426.336	426.496	77
426.432	426.656	74
426.496	426.72	77
426.624	426.752	82
426.72	426.88	77
426.816	427.072	69
426.88	427.072	77
426.976	427.168	87
427.072	427.232	77
427.168	427.392	70
427.232	427.456	77
427.36	427.584	86
427.456	427.776	77
427.552	427.68	65
427.552	427.904	84
427.648	427.936	81
427.744	427.936	79
427.84	427.968	77
427.904	428.032	76
428.0	428.128	77
428.096	428.256	79
428.192	428.32	77
428.32	428.608	75
428.384	428.576	77
428.48	428.64	81
428.576	428.704	77
428.672	428.896	74
428.768	428.96	77
428.864	429.024	82
428.96	429.088	77
429.056	429.344	69
429.152	429.312	77
429.216	429.44	87
429.312	429.504	77
429.44	429.728	70
429.504	429.728	77
429.6	429.856	86
429.728	430.176	77
429.792	429.984	84
429.792	430.016	65
429.888	430.112	89
429.984	430.272	84
430.08	430.368	81
430.176	430.464	77
430.272	430.496	84
430.368	430.784	81
430.464	430.656	77
430.56	430.72	72
430.656	430.944	65
430.656	431.008	77
430.72	430.88	72
430.752	430.976	60
430.848	431.136	69
430.848	431.168	57
430.944	431.136	65
430.944	431.2	53
431.136	431.2	65
431.328	431.872	41
431.36	431.808	72
431.36	431.84	69
431.36	431.872	77
432.288	433.056	58
433.024	433.472	53
433.408	434.176	50
434.144	434.592	53
434.56	435.2	58
434.752	434.848	77
434.912	435.04	77
435.104	435.2	77
435.264	435.392	77
435.328	435.712	62
435.456	435.744	77
435.712	435.936	79
435.712	436.096	65
435.872	436.096	77
436.064	436.288	75
436.256	436.48	74
436.448	436.608	72
436.8	437.6	51
436.992	437.184	69
437.184	437.6	69
437.568	437.984	48
437.952	438.752	45
438.72	439.168	48
439.136	439.904	51
439.328	439.488	75
439.488	439.584	75
439.648	439.776	75
439.84	440.288	57
439.872	439.936	75
440.032	440.16	75
440.288	440.48	77
440.288	440.672	60
440.448	440.672	75
440.672	440.864	74
440.864	441.024	72
441.024	441.248	70
441.216	441.44	69
441.408	442.048	70
441.44	441.728	62
441.728	442.176	62
441.984	442.144	74
442.176	442.56	62
442.176	442.56	72
442.4	442.56	70
442.528	442.88	63
442.528	443.008	69
442.88	443.264	63
443.072	443.264	65
443.072	443.552	79
443.264	443.552	77
443.264	443.584	63
443.456	443.584	65
443.456	443.68	69
443.648	444.32	70
443.808	444.352	65
444.032	444.32	62
444.192	444.32	74
444.32	444.768	62
444.384	444.768	72
444.512	444.768	65
444.608	444.768	70
444.736	445.088	63
444.736	445.248	69
444.896	445.216	65
445.088	445.472	63
445.28	445.504	78
445.472	445.696	77
445.472	445.888	63
445.664	445.888	69
445.856	446.144	61
445.856	446.432	70
445.984	446.4	65
446.144	446.528	61
446.4	446.56	65
446.4	446.624	77
446.528	446.88	61
446.624	446.784	73
446.784	446.944	65
446.784	446.976	72
446.944	447.712	55
446.944	447.712	71
447.04	447.296	62
447.104	447.52	65
447.296	447.712	62
447.488	447.712	80
447.52	447.712	65
447.712	447.904	79
447.712	448.032	62
447.872	448.096	71
447.872	448.192	65
448.096	448.416	60
448.096	448.416	74
448.096	448.48	63
448.256	448.512	72
448.448	448.64	77
448.448	448.768	65
448.448	448.864	57
448.608	448.832	76
448.832	449.152	75
448.896	449.504	58
448.992	449.216	74
449.184	449.504	72
449.184	449.6	51
449.472	449.6	74
449.568	449.952	53
449.568	450.016	70
449.664	450.272	62
449.92	450.336	69
449.952	450.336	60
450.016	450.08	70
450.08	450.304	70
450.24	450.336	67
450.304	450.56	70
450.336	450.4	58
450.4	450.56	65
450.4	450.72	58
450.496	450.624	64
450.56	450.72	65
450.688	450.912	67
450.784	450.912	65
450.88	450.976	64
450.88	451.136	50
450.944	451.136	65
451.04	451.168	63
451.072	451.36	48
451.136	451.264	65
451.232	451.456	46
451.232	451.456	62
451.328	451.52	65
451.424	451.808	45
451.456	451.616	57
451.456	451.712	60
451.52	451.68	65
451.616	451.712	64
451.68	451.808	65
451.68	451.904	57
451.808	451.936	67
451.872	452.032	65
452.0	452.096	64
452.0	452.128	55
452.064	452.192	65
452.16	452.352	53
452.192	452.288	75
452.256	452.384	65
452.352	452.48	45
452.352	452.544	75
452.384	452.576	57
452.416	452.576	65
452.544	452.8	46
452.576	452.672	74
452.64	452.8	77
452.704	452.832	76
452.8	452.928	77
452.896	453.024	79
452.992	453.088	77
453.12	453.184	76
453.12	453.312	62
453.152	453.312	77
453.28	453.536	60
453.312	453.408	75
453.344	453.472	77
453.472	453.568	70
453.472	453.6	74
453.472	453.696	58
453.536	453.664	77
453.664	454.016	57
453.696	453.824	72
453.728	453.92	77
453.824	453.952	76
453.92	454.048	77
454.016	454.144	79
454.112	454.208	77
454.208	454.304	76
454.272	454.432	67
454.272	454.432	77
454.4	454.432	87
454.4	454.56	65
454.496	454.592	77
454.56	454.592	87
454.56	454.656	57
454.656	454.784	77
454.656	454.816	57
454.784	454.88	86
454.784	455.104	58
454.848	454.976	77
454.944	455.072	76
455.04	455.168	77
455.136	455.264	79
455.232	455.392	77
455.328	455.392	65
455.328	455.424	76
455.392	455.488	65
455.392	455.552	77
455.52	455.616	80
455.52	455.744	62
455.584	455.776	77
455.712	455.904	60
455.712	455.904	75
455.776	455.936	77
455.872	456.32	59
455.968	456.128	79
456.064	456.192	78
456.128	456.288	79
456.256	456.384	81
456.32	456.448	79
456.448	456.576	78
456.448	456.608	68
456.512	456.64	79
456.608	456.736	89
456.64	456.704	67
456.704	456.832	67
456.704	456.832	79
456.8	456.992	89
456.8	457.056	59
456.896	457.024	79
456.992	457.312	88
457.024	457.248	60
457.12	457.28	67
457.216	457.312	64
457.28	457.408	67
457.376	457.728	57
457.376	457.728	87
457.6	457.728	60
457.76	458.016	86
457.76	458.112	58
457.984	458.144	65
458.112	458.272	86
458.144	458.432	63
458.24	458.4	84
458.24	458.496	51
458.304	458.464	87
458.4	458.528	84
458.528	458.816	84
458.56	458.72	53
458.688	458.88	86
458.784	459.168	82
458.976	459.136	81
458.976	459.168	60
459.072	459.2	84
459.136	459.296	81
459.264	459.36	82
459.264	459.584	50
459.328	459.584	58
459.328	459.616	86
459.424	459.648	89
459.52	459.648	87
459.616	459.936	86
459.712	460.0	84
459.808	459.968	82
459.904	460.032	81
460.0	460.128	79
460.096	460.352	77
460.096	460.384	65
460.192	460.352	75
460.288	460.416	74
460.416	460.672	72
460.416	460.768	63
460.416	460.768	67
460.544	460.768	79
460.672	460.768	77
460.736	460.992	75
460.864	461.056	74
460.96	461.088	72
461.056	461.184	70
461.152	461.248	69
461.216	461.44	67
461.312	461.472	65
461.408	461.536	64
461.504	461.76	53
461.504	461.76	65
461.696	462.048	58
461.696	462.08	70
461.728	461.952	62
461.856	462.24	53
461.888	462.08	74
461.952	462.56	62
462.048	462.304	77
462.048	462.432	58
462.24	462.528	82
462.24	462.592	53
462.432	462.624	86
462.432	462.944	58
462.56	462.944	62
462.592	462.944	53
462.72	462.88	63
462.816	462.976	57
462.88	463.008	63
463.008	463.296	53
463.072	463.264	63
463.2	463.36	57
463.264	463.392	63
463.36	463.648	53
463.456	463.68	63
463.584	463.808	57
463.68	463.808	63
463.744	464.192	70
463.808	464.032	58
464.224	464.416	65
464.384	464.672	70
464.64	464.768	69
464.8	465.024	68
464.992	465.344	75
465.024	465.344	67
465.376	465.6	77
465.504	465.696	65
465.76	466.176	79
465.792	466.08	63
466.144	466.656	77
466.72	466.848	79
466.816	466.976	77
466.944	467.168	75
466.944	467.264	55
467.008	467.232	74
467.136	467.264	72
467.168	467.296	63
467.232	467.392	70
467.36	467.968	74
467.36	468.0	53
467.936	468.16	75
468.128	468.48	53
468.128	468.48	72
468.352	468.544	63
468.512	468.928	70
468.704	468.928	58
468.896	469.088	57
469.056	469.28	56
469.28	469.408	55
469.44	469.664	54
469.632	469.856	63
469.632	469.984	55
469.856	470.048	63
470.048	470.336	65
470.048	470.4	53
470.24	470.432	77
470.24	470.464	57
470.4	470.752	52
470.432	470.816	67
470.592	470.784	79
470.592	470.816	61
470.784	471.008	77
470.784	471.296	50
470.976	471.2	79
471.072	471.264	81
471.2	471.328	82
471.264	471.52	58
471.264	471.52	81
471.36	471.52	79
471.456	471.616	77
471.584	471.904	53
471.584	471.904	75
471.68	471.872	74
471.712	471.776	62
471.776	471.904	62
471.776	471.904	72
471.872	472.032	70
471.968	472.672	74
471.968	472.736	53
472.16	472.576	62
472.352	472.768	58
472.544	472.8	75
472.576	472.8	62
472.736	473.184	53
472.736	473.248	72
472.928	473.376	63
473.12	473.504	70
473.216	473.856	58
473.344	473.568	62
473.44	473.888	65
473.504	473.92	70
473.6	473.792	77
473.696	473.888	79
473.792	474.112	77
473.888	473.984	57
473.888	474.08	75
473.888	474.272	53
473.984	474.24	74
473.984	474.336	57
474.08	474.24	75
474.208	474.432	72
474.304	474.72	70
474.4	474.72	46
474.496	474.752	50
474.592	474.752	53
474.688	475.104	58
474.816	474.976	65
474.912	475.072	67
474.976	475.136	65
475.104	475.296	63
475.104	475.52	41
475.2	475.552	62
475.296	475.584	63
475.424	475.552	60
475.52	476.064	58
475.552	476.064	46
476.032	476.064	31
476.032	476.096	77
476.032	476.608	34
476.032	476.608	82
