0.512	1.472	44
0.512	1.504	49
0.512	1.504	53
0.512	1.504	56
0.512	1.536	37
1.408	1.696	54
1.408	1.696	58
1.664	2.144	37
1.664	2.144	44
1.664	2.144	49
1.664	2.144	53
1.664	2.176	56
2.304	3.968	49
2.304	4.064	44
2.304	4.128	53
2.432	4.096	56
2.592	3.424	61
2.752	3.968	65
2.88	4.032	68
3.04	4.0	73
3.168	4.064	77
3.328	3.936	80
3.424	4.096	61
4.096	5.088	56
4.096	5.088	65
4.096	5.12	49
4.096	5.12	61
4.128	5.024	68
4.992	5.28	66
4.992	5.28	70
5.248	5.76	49
5.248	5.76	65
5.248	5.824	68
5.248	5.856	56
5.888	7.648	65
5.888	7.776	56
5.888	8.864	49
5.888	8.96	68
6.336	7.04	77
6.464	7.616	80
6.624	6.688	85
6.912	7.104	92
7.04	7.776	77
7.712	8.864	44
7.712	8.864	54
7.712	8.864	63
7.712	9.088	48
8.864	9.472	54
8.864	10.048	63
8.864	13.024	44
9.344	9.536	51
9.344	9.792	60
9.472	11.072	54
9.536	9.952	51
9.664	10.112	80
9.792	10.656	60
9.824	10.112	78
9.952	10.112	75
9.952	11.264	51
10.08	11.072	72
10.208	10.944	68
10.368	10.72	66
10.496	11.264	63
10.656	11.328	60
10.784	11.2	56
10.944	11.168	55
11.072	11.296	54
11.264	11.328	41
11.264	12.384	49
11.264	12.384	61
11.264	14.336	37
12.384	12.992	49
12.384	13.76	61
12.992	14.144	49
13.024	13.376	56
13.024	14.048	53
13.024	14.304	44
13.216	13.952	77
13.344	13.568	73
13.472	14.688	68
13.632	14.784	65
13.76	14.624	61
13.92	14.848	56
14.048	14.912	53
14.144	14.88	49
14.304	14.88	44
14.496	14.848	41
14.656	14.816	37
14.848	15.744	56
14.848	15.776	41
14.848	15.776	50
15.648	15.936	59
15.936	16.576	56
15.936	16.896	58
15.936	17.216	41
15.936	17.376	50
16.512	17.6	54
16.512	17.632	51
16.544	16.576	42
16.896	17.6	58
17.056	17.6	63
17.184	17.376	66
17.344	17.408	42
17.344	17.664	70
17.44	17.632	66
17.6	18.24	58
17.6	18.272	54
17.6	18.272	63
17.6	18.272	75
18.24	19.104	70
18.24	19.168	68
18.24	19.2	53
18.24	19.2	58
18.24	19.296	62
19.04	19.328	71
19.296	19.808	70
19.296	19.872	58
19.296	19.936	68
19.296	20.128	62
19.296	20.192	53
19.872	20.0	63
19.872	20.16	66
19.872	20.96	58
19.872	21.408	51
20.0	20.416	63
20.16	21.536	66
20.288	20.544	70
20.416	20.672	63
20.448	20.704	75
20.544	20.8	78
20.672	20.96	63
20.672	21.568	82
20.8	21.408	78
20.96	21.376	58
20.96	21.44	87
20.96	21.536	54
20.96	21.568	63
20.96	21.6	75
21.376	21.568	85
21.376	21.6	58
21.536	21.856	44
21.536	22.048	84
21.536	22.56	32
21.664	22.4	92
21.792	22.144	90
21.92	22.368	87
21.952	21.984	99
22.048	22.4	84
22.208	22.624	80
22.304	22.592	78
22.464	22.624	75
22.592	22.752	66
22.592	22.88	60
22.592	22.88	72
22.592	23.04	56
22.72	23.072	68
22.848	23.168	66
22.976	23.168	63
23.104	23.296	60
23.136	23.584	32
23.232	23.52	56
23.392	23.712	55
23.52	23.808	56
23.648	23.968	58
23.808	24.0	56
23.936	24.128	55
24.064	24.736	56
24.224	24.768	44
24.224	24.8	65
24.224	24.864	48
24.672	24.864	54
24.672	24.864	63
24.832	25.248	61
24.832	25.76	49
24.832	27.2	37
24.96	27.168	44
24.96	27.2	53
25.088	25.888	56
25.248	25.888	61
25.344	27.2	65
25.472	26.048	68
25.632	25.888	73
25.728	27.04	77
25.888	26.08	80
25.888	26.176	56
25.888	26.496	61
26.016	26.496	85
26.176	26.464	56
26.176	27.2	89
26.304	27.168	92
26.464	27.232	56
26.496	27.2	85
26.496	27.232	61
27.776	28.32	61
27.808	27.904	73
28.256	28.416	65
28.416	28.704	51
28.416	28.992	65
28.416	29.568	39
28.704	28.96	51
28.96	29.28	51
28.96	29.536	55
28.96	29.536	61
29.248	29.792	63
29.28	29.536	51
29.408	29.568	65
29.536	29.824	51
29.536	29.92	55
29.536	29.92	61
29.568	29.664	67
29.696	29.888	68
29.824	30.08	51
29.856	30.048	70
29.984	30.208	72
30.144	30.4	51
30.144	30.656	73
30.144	31.296	39
30.4	31.008	51
30.688	31.264	55
30.688	31.264	61
30.848	31.136	75
30.88	31.264	77
31.008	31.136	74
31.008	31.584	51
31.136	31.584	75
31.264	31.488	77
31.264	31.84	61
31.264	31.872	55
31.424	31.712	79
31.584	31.936	51
31.584	31.968	80
31.616	31.872	63
31.712	31.968	79
31.712	31.968	82
31.904	32.832	32
31.904	32.96	84
31.904	33.12	44
32.192	32.8	51
32.512	32.864	60
32.512	33.024	56
32.8	33.088	82
32.8	33.408	51
32.928	33.312	80
33.088	33.408	79
33.088	33.44	56
33.088	33.696	60
33.248	33.568	82
33.248	33.632	44
33.376	34.4	80
33.408	33.952	51
33.536	33.728	77
33.696	34.528	75
33.696	34.56	32
33.696	34.56	44
33.952	34.56	51
34.24	34.624	56
34.56	35.072	51
34.88	35.2	56
34.88	35.328	75
34.88	35.36	72
34.88	35.392	60
35.136	35.456	51
35.328	35.456	73
35.328	35.456	77
35.456	35.712	77
35.456	36.352	51
35.456	36.352	73
35.456	37.248	39
35.744	36.576	67
36.032	36.608	55
36.032	36.608	61
36.352	36.64	51
36.352	36.64	77
36.352	37.216	73
36.608	37.216	55
36.608	37.792	61
36.64	36.896	51
36.64	37.504	67
36.896	37.216	51
36.896	37.216	77
37.216	37.376	55
37.216	37.824	77
37.216	38.08	51
37.216	38.08	73
37.248	37.856	39
37.504	37.856	67
37.792	38.112	55
37.792	38.176	61
38.08	38.432	65
38.08	38.432	73
38.08	38.464	51
38.4	38.72	55
38.4	38.72	63
38.4	38.72	72
38.688	39.04	61
38.688	39.04	70
38.688	39.264	51
38.976	39.552	60
38.976	40.16	32
38.976	40.704	44
39.104	39.936	72
39.264	39.84	51
39.552	39.776	56
39.552	41.856	60
39.84	40.416	51
39.872	40.16	70
40.0	40.16	68
40.128	40.384	56
40.128	40.576	67
40.288	40.736	70
40.416	40.992	51
40.416	41.76	68
40.544	40.608	65
40.704	41.792	44
40.704	41.856	63
40.736	41.664	32
40.992	41.568	51
41.28	41.76	56
41.568	42.016	51
41.856	42.208	56
41.856	42.336	60
41.856	42.368	63
42.176	42.464	51
42.304	43.072	65
42.464	42.784	51
42.464	43.648	39
42.784	43.072	51
43.04	43.616	55
43.04	43.616	61
43.072	43.328	51
43.328	43.872	63
43.328	43.904	51
43.456	43.648	65
43.616	44.0	55
43.616	44.0	61
43.648	43.84	67
43.776	43.968	68
43.904	44.224	51
43.936	44.096	70
44.064	44.288	72
44.224	44.448	73
44.224	44.48	51
44.224	45.44	39
44.48	45.056	51
44.768	45.344	55
44.768	45.344	61
44.928	45.216	75
44.96	45.28	77
45.056	45.312	74
45.056	45.344	51
45.216	45.792	75
45.344	45.632	77
45.344	45.664	51
45.344	45.92	61
45.344	45.984	55
45.504	46.016	79
45.664	46.016	51
45.664	46.08	80
45.792	46.016	82
45.952	46.88	32
45.952	46.912	84
45.952	47.2	44
46.272	46.88	51
46.56	46.976	56
46.592	46.848	60
46.88	47.168	60
46.88	47.2	82
46.88	47.456	51
47.008	47.456	80
47.168	47.52	56
47.168	47.52	79
47.168	47.68	60
47.296	47.648	82
47.456	48.064	51
47.456	48.672	80
47.616	47.936	77
47.776	48.64	44
47.776	48.736	75
47.808	48.576	32
48.064	48.672	51
48.352	48.704	56
48.384	48.8	60
48.672	49.088	51
48.96	49.312	56
48.96	49.44	75
48.96	49.472	72
48.96	49.504	60
49.248	49.568	51
49.408	49.568	73
49.408	49.568	77
49.568	49.888	77
49.568	50.112	73
49.568	50.144	51
49.568	51.328	39
49.856	50.496	67
50.144	50.464	51
50.144	50.464	55
50.144	50.72	61
50.464	50.72	51
50.464	50.72	55
50.464	50.752	77
50.464	51.04	73
50.72	51.008	51
50.72	51.36	55
50.72	51.36	61
50.752	51.36	67
51.008	51.072	58
51.008	51.328	51
51.008	51.328	77
51.04	51.328	73
51.328	51.584	51
51.328	51.936	39
51.328	51.936	63
51.328	51.936	77
51.328	52.192	73
51.584	51.936	67
51.584	52.192	51
51.872	52.384	61
51.904	52.224	55
52.192	52.384	65
52.192	52.448	73
52.192	52.672	51
52.48	52.704	72
52.48	52.8	63
52.48	52.96	55
52.768	53.024	61
52.768	53.024	70
52.768	53.12	51
53.088	53.28	44
53.088	53.312	56
53.088	53.664	60
53.088	53.856	68
53.376	53.728	51
53.664	54.016	56
53.664	54.016	60
53.824	54.016	63
53.952	54.336	51
53.952	54.464	68
54.144	54.336	72
54.272	54.464	75
54.272	54.592	56
54.272	54.624	60
54.432	54.88	80
54.56	54.88	84
54.56	54.912	51
54.72	54.912	87
54.848	55.488	56
54.88	55.296	92
54.88	55.488	60
55.008	55.168	80
55.168	55.488	80
55.296	55.456	92
55.456	55.904	92
55.584	55.744	80
55.744	55.936	80
55.904	56.032	92
56.032	56.288	92
56.192	56.32	80
56.32	56.768	80
56.48	56.704	73
56.48	57.536	61
56.576	57.536	65
56.608	57.6	68
56.768	56.928	80
56.928	57.344	80
57.056	57.184	92
57.184	57.536	92
57.344	57.504	80
57.504	57.792	70
57.504	57.92	80
57.6	57.728	92
57.76	58.272	65
57.76	58.304	61
57.76	58.368	68
58.208	60.096	56
58.304	59.904	61
58.368	60.0	65
58.816	58.976	92
58.976	59.424	92
59.424	59.968	92
59.968	60.576	92
59.968	61.088	61
60.064	61.088	65
60.16	61.152	68
60.32	60.48	80
60.48	60.768	80
60.576	60.736	92
60.736	61.056	92
60.896	61.056	80
61.024	61.312	70
61.056	61.216	80
61.312	61.76	61
61.312	61.824	65
61.312	61.92	68
61.472	61.664	80
61.664	61.952	80
61.76	62.656	56
61.824	63.456	61
61.92	62.24	68
61.92	63.488	65
62.048	62.208	80
62.208	62.656	80
62.336	62.528	92
62.528	62.912	92
62.656	63.2	80
62.656	64.64	56
62.912	63.072	92
63.072	63.52	92
63.2	63.392	80
63.392	63.84	80
63.456	64.064	66
63.552	64.64	68
63.616	64.576	72
63.68	64.832	75
63.84	64.288	80
64.064	64.224	82
64.064	64.544	66
64.288	64.896	80
64.32	64.672	82
64.544	65.28	66
64.64	65.024	68
64.736	65.312	72
64.832	65.504	75
64.896	65.088	80
65.088	65.44	80
65.152	65.312	82
65.216	65.472	63
65.28	67.04	66
65.376	65.6	68
65.472	65.6	63
65.472	66.304	72
65.6	66.144	63
65.6	67.04	68
65.856	65.92	82
66.048	66.464	80
66.144	66.368	63
66.144	66.656	82
66.368	67.04	63
66.464	66.656	80
66.656	67.072	80
66.752	67.072	82
67.008	68.16	65
67.104	68.256	68
67.2	68.352	73
67.456	67.584	82
67.488	67.776	80
67.776	68.288	80
67.904	68.0	82
68.0	68.32	82
68.16	68.896	65
68.256	68.96	68
68.352	70.24	73
68.48	68.544	80
68.512	68.672	82
68.544	68.704	80
68.672	69.024	82
68.704	69.408	80
68.832	70.304	61
68.896	70.528	65
68.96	70.432	68
69.088	69.344	82
69.344	69.76	82
69.408	69.856	80
69.856	69.952	80
69.888	70.176	82
69.952	70.656	80
70.176	70.432	82
70.464	71.552	61
70.528	71.552	65
70.592	71.648	68
70.752	70.912	80
70.912	71.328	80
71.04	71.2	92
71.2	71.52	92
71.328	71.488	80
71.488	71.808	70
71.488	71.808	80
71.616	71.744	92
71.776	72.32	61
71.776	72.384	65
71.776	73.12	68
71.936	72.096	80
72.096	72.544	80
72.224	73.12	56
72.32	73.92	61
72.384	74.048	65
72.544	73.088	80
72.832	73.376	92
73.088	73.28	80
73.12	73.536	56
73.28	73.696	80
73.376	73.536	92
73.536	73.984	92
73.536	74.144	56
73.696	73.824	80
73.824	74.08	80
73.984	74.592	92
73.984	75.104	61
74.048	75.104	65
74.176	75.168	68
74.304	74.464	80
74.464	74.784	80
74.592	74.752	92
74.752	75.072	92
74.88	75.2	80
75.04	75.328	70
75.168	75.328	92
75.296	75.776	61
75.296	75.776	65
75.296	75.904	68
75.456	75.648	80
75.648	75.936	80
75.744	77.312	56
75.776	76.352	92
75.84	77.408	61
75.936	76.256	68
75.936	77.472	65
76.064	76.224	80
76.224	76.64	80
76.352	76.512	92
76.512	76.928	92
76.64	76.8	80
76.8	77.088	80
76.928	77.088	92
77.088	77.472	92
77.216	77.376	80
77.376	77.536	80
77.408	78.592	56
77.536	78.656	60
77.6	78.624	63
77.664	78.304	66
78.112	78.368	80
78.304	78.624	66
78.368	78.528	80
78.464	78.624	82
78.528	78.72	80
78.592	79.104	56
78.624	78.912	82
78.688	79.136	61
78.784	79.232	65
78.912	78.976	80
78.912	79.04	82
78.976	79.136	80
79.04	79.232	82
79.136	79.296	80
79.232	79.488	82
79.232	80.256	56
79.296	79.424	80
79.296	80.32	60
79.36	80.128	63
79.424	79.584	80
79.488	79.616	82
79.584	79.712	80
79.616	79.744	82
79.712	80.032	80
79.744	79.904	82
79.904	80.032	82
80.032	80.224	80
80.032	80.256	82
80.224	80.64	80
80.224	80.864	53
80.288	80.8	59
80.384	80.864	62
80.448	80.896	65
80.608	80.736	82
80.64	80.96	80
80.736	80.928	82
80.832	81.888	56
80.928	81.376	63
80.928	82.016	60
81.024	81.472	66
81.056	81.632	80
81.152	81.376	82
81.344	81.376	75
81.344	81.6	84
81.472	81.6	66
81.472	81.632	85
81.6	81.76	66
81.6	81.792	87
81.76	81.984	89
81.76	82.048	66
81.888	82.048	56
81.888	82.048	90
82.048	82.176	66
82.048	82.304	56
82.048	82.304	92
82.176	82.336	94
82.176	82.816	66
82.304	82.752	56
82.304	82.848	92
82.464	82.624	90
82.592	82.752	89
82.72	82.912	87
82.88	83.04	85
83.008	83.168	84
83.136	83.328	82
83.264	83.424	80
83.392	83.584	78
83.552	83.712	77
83.68	83.872	75
83.84	84.0	73
83.968	84.128	72
84.096	84.256	70
84.224	84.384	68
84.352	84.512	66
84.48	84.672	65
84.608	84.8	63
84.768	84.928	61
84.896	85.056	60
85.024	85.184	58
85.152	85.312	56
85.28	85.44	54
85.408	85.568	53
85.504	85.696	51
85.632	85.792	49
85.76	85.824	60
85.76	85.92	48
85.856	86.016	46
85.984	87.296	32
85.984	87.296	44
87.84	88.768	68
88.736	89.12	70
88.992	91.392	68
89.696	91.456	54
89.696	91.52	51
89.696	91.552	44
91.392	92.384	68
92.288	92.672	70
92.576	93.28	68
93.184	94.944	44
93.216	94.944	56
93.216	94.976	61
93.216	95.008	53
94.912	95.936	68
95.84	96.192	70
96.096	96.768	68
96.736	98.016	44
96.736	98.016	47
96.736	98.048	53
96.736	98.048	56
96.736	98.048	62
98.016	98.688	48
98.016	98.752	44
98.016	99.264	54
98.016	99.36	63
98.752	102.08	66
98.752	102.144	44
98.752	102.144	68
98.752	102.176	51
98.752	102.176	56
98.752	102.176	60
102.144	102.272	44
102.784	103.712	68
102.784	103.744	65
102.784	103.776	49
102.784	103.776	56
103.648	103.968	66
103.68	103.968	70
103.936	104.384	68
103.936	104.416	65
103.936	104.448	49
103.936	104.576	56
104.384	104.608	68
104.576	106.144	49
104.576	106.176	56
104.576	106.176	61
104.576	106.176	65
106.144	106.176	43
106.336	107.264	68
106.336	107.328	56
106.336	107.328	65
106.336	107.36	49
106.336	107.36	61
107.232	107.552	66
107.264	107.648	70
107.52	107.936	56
107.52	107.968	65
107.52	108.0	49
107.52	108.16	68
107.936	108.128	56
108.128	109.984	56
108.128	110.016	49
108.128	110.016	61
108.128	110.016	65
109.984	111.008	60
109.984	111.008	75
109.984	111.072	56
109.984	111.136	66
111.136	111.648	60
111.136	111.68	75
111.136	111.744	56
111.136	111.744	66
111.616	111.776	63
111.616	111.776	72
111.744	113.568	56
111.744	113.6	66
111.776	113.568	63
111.776	113.664	72
113.536	114.464	61
113.536	114.496	49
113.536	114.528	65
113.536	114.528	73
114.496	114.528	43
114.688	115.136	61
114.688	115.2	49
114.688	115.2	73
114.688	115.232	65
115.168	115.328	68
115.296	117.12	65
115.328	116.96	61
115.328	117.12	49
115.328	117.12	68
117.088	118.112	54
117.088	118.112	61
117.088	118.144	66
117.088	118.176	70
118.272	118.784	54
118.272	118.88	61
118.272	118.88	70
118.272	118.944	66
118.88	119.84	54
118.88	119.872	61
118.88	119.904	70
119.776	120.064	68
119.776	120.064	72
120.032	120.672	66
120.032	120.704	70
120.032	120.736	54
120.032	121.696	61
120.672	121.632	68
120.672	121.664	49
120.672	121.664	65
121.536	121.824	66
121.536	121.856	70
121.824	122.304	65
121.824	122.432	49
121.824	122.464	68
122.432	124.192	61
122.432	124.224	49
122.432	124.224	65
122.432	124.256	56
124.192	125.248	61
124.224	125.216	66
124.224	125.248	54
124.224	125.312	70
125.216	125.28	66
125.376	125.856	66
125.376	126.016	54
125.376	126.016	61
125.376	126.016	70
125.856	126.08	66
126.016	126.976	54
126.016	127.008	61
126.016	127.008	70
126.912	127.2	68
126.912	127.2	72
127.168	127.808	66
127.168	127.808	70
127.168	127.84	54
127.168	129.312	61
127.776	128.736	68
127.776	128.768	49
127.776	128.768	65
128.64	128.928	66
128.64	128.96	70
128.928	129.536	49
128.928	129.536	65
128.928	129.536	68
129.536	131.296	56
129.536	131.328	49
129.536	131.328	61
129.536	131.328	65
131.296	132.48	56
131.296	132.48	66
131.328	132.352	60
131.328	132.352	75
132.48	133.12	56
132.48	133.12	60
132.48	133.12	66
132.48	134.016	75
133.12	134.272	56
133.12	134.272	66
133.12	134.336	60
134.016	134.976	75
134.272	134.944	56
134.272	135.168	63
134.272	136.8	66
134.304	134.976	72
134.944	136.864	56
134.944	136.896	73
134.944	138.08	49
134.944	138.08	65
136.864	138.08	68
136.864	138.08	77
136.864	138.144	56
138.592	139.616	65
138.624	139.584	73
138.624	139.616	61
138.624	139.648	49
138.624	139.68	56
139.488	140.32	68
139.776	140.256	65
139.776	140.416	49
139.776	140.416	56
139.776	140.48	61
140.384	141.408	65
140.384	141.472	44
140.416	141.44	60
140.416	141.536	68
140.416	141.632	56
141.28	141.44	63
141.28	141.632	66
141.568	142.336	54
141.568	142.368	60
141.568	142.56	63
142.272	143.264	49
142.272	143.264	56
142.272	143.264	65
142.272	143.264	68
143.424	143.552	65
143.424	143.84	56
143.424	144.096	49
143.424	144.128	68
143.712	144.128	65
144.064	144.96	56
144.064	145.248	44
144.064	145.248	60
144.064	145.28	51
144.064	145.76	66
144.928	145.92	68
144.96	145.856	56
145.216	145.856	54
145.248	145.888	44
145.248	145.888	60
145.248	145.888	63
145.504	145.888	65
145.824	146.4	49
145.824	146.4	53
145.824	148.224	61
146.4	147.008	44
146.4	147.008	49
146.4	147.008	53
147.008	147.616	37
147.008	147.616	44
147.008	147.616	49
147.008	148.992	53
147.616	148.992	49
147.616	149.024	44
147.616	149.056	37
147.648	148.992	56
149.536	150.368	56
149.536	151.328	49
149.824	150.304	68
149.824	150.368	61
149.824	150.368	65
150.368	150.72	56
150.368	150.944	61
150.368	150.944	65
150.368	150.944	68
150.432	150.752	58
150.72	150.944	56
150.944	151.552	61
150.944	151.552	65
150.944	151.552	68
150.944	152.192	56
151.328	152.992	49
151.328	153.152	53
151.552	152.16	61
151.552	152.16	65
151.552	152.16	68
152.16	152.736	61
152.16	152.736	65
152.16	152.736	68
152.736	153.344	61
152.736	153.344	65
152.736	153.344	68
153.12	154.624	49
153.152	153.344	56
153.344	153.952	61
153.344	153.952	65
153.344	153.952	68
153.344	154.304	56
153.952	154.528	61
153.952	154.528	65
153.952	154.528	68
154.016	154.592	58
154.304	154.528	56
154.528	155.168	65
154.528	155.168	68
154.528	155.2	56
154.528	155.744	61
154.912	156.352	49
154.912	156.736	53
155.168	155.712	65
155.168	155.712	68
155.712	156.32	65
155.712	156.32	68
155.744	156.32	61
156.32	156.896	68
156.32	156.96	65
156.32	157.376	61
156.704	157.472	63
156.704	159.392	44
156.896	157.472	68
156.96	157.056	66
157.472	157.824	66
157.472	157.856	63
157.472	158.528	68
157.856	158.848	63
158.08	158.592	66
158.336	158.496	60
158.496	158.688	60
158.688	159.264	66
158.688	159.264	68
158.688	160.352	60
159.264	159.84	66
159.264	159.872	68
159.84	161.12	66
159.872	160.32	68
160.288	161.44	61
160.288	162.08	49
160.48	161.056	68
160.544	160.896	65
161.056	161.664	65
161.056	161.664	68
161.44	162.944	61
161.664	162.272	65
161.664	162.272	68
161.92	162.08	56
162.08	163.552	49
162.08	163.904	56
162.272	162.848	65
162.272	162.848	68
162.848	163.456	65
162.848	163.456	68
163.456	164.704	68
163.456	165.216	65
163.84	164.096	58
164.096	164.64	66
164.096	164.672	58
164.64	165.024	61
164.64	165.216	66
164.672	165.024	58
165.024	165.248	58
165.216	165.632	61
165.216	165.856	66
165.248	166.816	58
165.632	167.2	61
165.856	166.464	66
166.464	167.04	66
166.528	167.456	60
166.816	167.072	58
167.04	167.488	66
167.072	167.136	70
167.072	167.52	58
167.424	167.712	56
167.424	169.216	49
167.712	168.224	68
167.712	168.448	61
167.712	168.608	56
167.712	169.248	65
168.224	168.832	68
168.288	169.248	58
168.608	168.832	56
168.832	169.248	61
168.832	169.408	68
168.832	169.44	56
169.216	169.44	53
169.216	171.04	49
169.408	170.016	68
169.44	169.984	61
169.44	171.04	53
170.016	170.624	68
170.048	170.624	61
170.048	170.624	65
170.624	171.104	61
170.624	171.232	65
170.624	172.448	68
170.976	171.808	58
171.232	171.744	61
171.232	171.776	66
171.776	172.352	66
171.808	172.16	58
171.808	172.384	61
172.16	172.384	58
172.352	172.8	66
172.384	172.768	61
172.384	173.952	58
172.768	172.864	54
172.768	173.696	61
173.024	173.6	66
173.6	174.208	66
173.632	174.624	60
173.952	174.208	58
174.208	174.24	70
174.208	174.624	66
174.208	174.656	58
174.56	174.848	56
174.56	176.0	49
174.848	175.392	61
174.848	175.392	68
174.848	175.744	56
174.848	176.384	65
175.392	175.712	61
175.392	176.544	68
175.456	176.384	58
175.744	175.968	56
175.968	176.448	61
175.968	176.576	56
176.352	176.576	53
176.352	177.76	49
176.544	177.152	68
176.576	177.184	61
176.576	178.176	53
177.152	177.728	68
177.184	177.76	61
177.184	177.76	65
177.728	178.368	68
177.76	178.176	61
177.76	178.176	65
178.144	178.944	63
178.144	179.552	44
178.368	178.944	68
178.4	178.592	66
178.944	179.296	63
178.944	179.552	66
178.944	179.552	68
179.296	179.552	63
179.552	179.904	66
179.552	179.936	68
179.552	180.8	63
179.904	181.376	66
179.904	181.696	32
179.904	181.824	44
180.192	180.8	68
180.192	181.088	60
180.8	181.344	68
180.8	181.376	63
181.088	181.344	60
181.344	181.76	68
181.344	181.824	60
181.376	181.728	63
181.376	181.728	66
181.696	183.424	61
181.696	183.488	49
181.728	183.488	37
181.984	182.56	65
181.984	182.56	68
182.56	183.136	65
182.56	183.136	68
183.136	183.488	65
183.136	183.776	68
183.168	183.456	73
183.488	185.088	65
183.488	185.12	49
183.488	185.312	37
183.776	184.32	68
183.808	184.352	77
184.32	184.928	68
184.352	184.928	77
184.928	185.6	68
184.928	186.208	77
185.312	186.208	61
185.312	187.136	37
185.312	187.2	49
185.568	187.168	65
185.6	186.208	68
186.208	186.752	68
186.208	187.136	56
186.208	187.584	61
186.496	187.264	53
186.752	187.328	68
187.136	187.936	32
187.136	188.576	56
187.136	188.96	44
187.328	187.936	68
187.328	188.064	65
187.936	188.992	68
187.968	188.032	63
188.0	188.896	54
188.32	188.992	51
188.576	188.864	66
188.576	188.96	56
188.928	192.192	49
189.216	189.824	65
189.248	189.824	61
189.824	190.464	56
189.824	190.464	61
189.824	190.464	65
190.464	191.328	65
190.464	192.16	56
190.464	192.192	61
190.848	192.704	37
192.128	192.672	65
192.64	193.568	61
192.672	192.736	58
192.672	193.856	65
192.96	194.112	53
193.28	193.568	58
193.568	193.824	58
193.568	193.952	66
193.568	194.464	61
193.824	194.464	58
193.856	194.528	65
194.112	194.496	53
194.464	195.04	58
194.464	195.04	61
194.464	195.04	73
194.72	195.04	65
195.008	195.264	57
195.008	195.584	63
195.008	195.584	72
195.264	195.584	57
195.264	195.84	65
195.552	195.936	49
195.552	196.128	70
195.552	196.288	58
195.552	196.64	61
195.84	196.224	65
196.064	196.448	63
196.096	196.16	42
196.128	196.352	53
196.128	196.96	41
196.128	198.56	70
196.352	197.504	53
196.672	197.216	57
196.96	197.216	69
196.96	197.696	63
196.96	197.824	41
197.216	198.336	57
197.216	199.328	69
197.504	198.016	53
197.504	198.016	72
197.696	197.92	63
197.792	198.944	65
197.824	199.36	41
198.016	199.2	53
198.336	198.912	57
198.624	198.944	63
198.912	199.52	57
198.944	199.52	65
199.2	199.744	53
199.456	199.808	61
199.52	199.744	58
199.52	200.64	65
199.744	200.896	53
200.096	200.608	58
200.352	200.672	61
200.352	200.672	66
200.608	201.248	58
200.64	201.28	65
200.896	201.28	53
201.248	201.504	58
201.248	201.792	61
201.248	201.824	73
201.504	201.824	58
201.504	201.824	65
201.792	202.336	57
201.792	202.368	63
201.792	202.368	72
202.048	202.368	65
202.336	202.688	49
202.336	202.752	61
202.336	202.848	70
202.336	202.912	58
202.624	202.944	65
202.848	203.264	63
202.912	203.136	53
202.912	204.576	41
202.912	205.696	70
203.136	204.288	53
203.456	204.0	57
203.744	204.0	69
203.744	204.48	63
204.0	205.12	57
204.0	205.216	69
204.288	204.576	53
204.288	204.608	72
204.48	205.408	63
204.576	204.8	53
204.576	205.728	65
204.576	207.2	41
204.8	205.984	53
205.12	205.728	57
205.408	205.952	63
205.728	206.304	65
205.728	206.336	57
205.984	206.432	53
206.304	206.496	46
206.304	207.2	65
206.56	207.712	53
206.88	207.168	58
207.168	207.424	58
207.168	207.552	61
207.168	208.064	66
207.424	208.032	65
207.424	208.064	58
207.712	208.16	53
208.032	208.512	49
208.032	208.608	37
208.032	208.608	65
208.032	208.608	77
208.32	208.608	70
208.32	208.608	73
208.576	209.184	63
208.576	209.184	75
208.864	209.152	69
208.864	209.184	72
209.12	209.44	73
209.12	209.664	61
209.152	209.184	58
209.408	209.664	65
209.408	209.664	70
209.536	209.728	63
209.632	210.752	66
209.696	209.952	51
209.696	210.624	72
209.696	211.456	39
209.952	211.104	51
210.24	210.816	54
210.56	210.88	73
210.816	211.392	72
210.816	211.488	54
211.104	211.488	51
211.136	211.456	66
211.424	211.68	63
211.424	211.936	48
211.424	211.968	75
211.68	211.936	60
211.68	212.032	63
211.68	212.032	72
211.68	212.192	66
211.968	212.096	49
211.968	212.544	37
211.968	212.576	61
211.968	212.576	73
212.256	212.576	65
212.256	212.576	70
212.512	212.832	72
212.512	213.024	39
212.512	213.088	51
212.512	213.152	60
212.8	213.088	66
212.8	213.12	63
212.896	213.184	58
212.96	213.184	61
213.024	213.28	65
213.152	213.28	53
213.152	214.24	70
213.152	214.912	41
213.344	214.272	53
213.696	214.24	58
213.952	214.176	61
214.24	214.688	58
214.24	214.848	70
214.528	214.848	53
214.688	214.912	58
214.752	214.88	64
214.848	214.976	54
214.848	215.072	42
214.848	215.84	70
215.072	216.0	42
215.072	216.288	54
215.424	216.192	60
215.712	216.576	72
215.712	216.608	64
215.84	216.288	70
216.0	216.608	58
216.0	216.608	69
216.288	216.576	42
216.288	216.608	54
216.288	216.64	70
216.576	216.672	53
216.576	217.12	41
216.576	217.184	72
216.8	217.728	53
217.12	217.696	41
217.12	217.696	57
217.12	217.696	65
217.44	218.304	60
217.696	218.272	41
217.696	218.272	65
217.696	218.912	57
217.984	218.528	53
218.272	218.88	41
218.272	218.88	65
218.528	219.136	53
218.848	219.552	63
218.88	219.488	41
218.88	219.488	60
218.88	219.488	65
219.136	219.744	53
219.456	220.16	57
219.488	220.096	65
219.488	220.352	60
219.488	221.792	41
219.744	220.128	53
220.096	220.992	65
220.32	221.248	53
220.672	220.96	58
220.96	221.216	58
220.96	221.28	61
220.96	221.408	66
221.216	221.824	58
221.216	221.856	65
221.504	221.856	53
221.824	222.4	58
221.824	222.4	61
221.824	222.4	73
222.112	222.432	65
222.368	222.528	48
222.368	222.944	63
222.368	222.944	72
222.656	222.944	65
222.912	223.328	49
222.912	223.488	61
222.912	223.488	70
222.912	223.584	58
223.2	223.552	65
223.424	223.552	63
223.488	226.272	70
223.488	226.304	41
223.712	224.384	53
224.032	224.608	57
224.32	224.608	69
224.32	225.184	63
224.608	225.696	57
224.608	225.792	69
224.864	225.376	53
224.896	225.152	72
225.088	225.216	61
225.152	226.304	65
225.376	227.008	53
225.696	226.304	57
225.984	226.336	63
226.304	226.88	65
226.304	226.912	57
226.304	227.712	41
226.88	228.032	65
227.104	228.288	53
227.456	227.744	58
227.744	228.0	58
227.744	228.032	61
227.744	228.192	66
228.0	228.608	58
228.032	228.608	61
228.032	228.64	65
228.288	228.672	53
228.608	229.184	58
228.608	229.184	61
228.608	229.184	73
228.896	229.184	65
229.152	229.408	48
229.152	229.728	63
229.152	229.728	72
229.44	229.728	65
229.696	230.208	61
229.696	230.272	70
229.696	230.336	58
229.728	230.144	49
230.016	230.304	65
230.208	230.4	61
230.272	231.136	68
230.304	230.528	51
230.528	231.68	51
230.816	231.36	55
231.104	231.392	67
231.104	231.872	61
231.36	232.48	55
231.392	233.696	67
231.68	231.744	70
231.68	232.192	51
231.872	232.8	61
231.936	233.504	63
231.936	233.696	39
232.192	233.408	51
232.48	233.696	55
232.8	233.728	61
233.12	233.664	75
233.12	233.696	73
233.408	233.952	51
233.664	234.784	75
233.664	234.816	72
233.664	236.0	44
233.952	235.968	51
234.272	235.328	56
234.528	235.424	77
234.528	235.904	60
234.784	235.296	75
234.784	235.936	63
235.072	235.936	68
235.296	236.0	75
235.36	236.512	80
236.48	237.152	79
237.056	237.888	49
237.056	238.08	77
237.056	238.688	73
237.312	238.016	53
237.6	239.2	58
237.888	238.208	79
237.888	239.264	61
238.144	238.656	77
238.176	238.784	65
238.464	239.232	70
238.656	239.264	77
238.752	239.872	82
239.84	240.352	80
240.256	240.448	70
240.352	240.48	73
240.416	240.64	51
240.416	241.92	79
240.416	242.112	39
240.64	241.856	51
240.928	241.312	55
241.248	241.568	77
241.248	242.08	61
241.536	241.92	55
241.536	242.144	75
241.856	242.112	51
241.952	242.144	63
242.016	243.04	67
242.112	242.368	51
242.112	243.168	73
242.112	243.808	39
242.368	243.552	51
242.656	243.2	55
242.976	243.84	72
242.976	243.904	61
243.2	243.904	55
243.264	243.904	70
243.552	244.992	51
243.712	243.904	68
243.808	244.0	71
243.872	245.312	44
243.872	245.6	77
244.096	245.248	59
244.416	244.928	62
244.768	245.248	65
244.928	245.344	62
245.248	245.6	59
245.568	245.92	56
245.568	246.624	75
245.856	246.176	60
246.144	246.464	63
246.432	246.72	68
246.72	247.328	73
246.72	247.328	75
246.72	247.36	67
247.008	247.36	63
247.328	248.448	75
247.328	248.96	72
247.328	250.08	44
247.616	249.6	51
247.904	248.448	56
248.16	249.056	77
248.192	249.536	60
248.448	248.928	75
248.448	249.536	63
248.704	249.632	68
248.928	249.568	75
249.024	250.144	80
250.112	250.752	79
250.688	251.552	49
250.688	251.808	77
250.688	252.288	73
250.944	251.616	53
251.264	252.864	58
251.552	251.84	79
251.552	252.32	61
251.808	252.288	77
251.808	252.416	65
252.096	252.896	70
252.288	252.928	77
252.384	253.504	82
253.472	253.984	80
253.92	254.08	70
253.984	254.08	73
254.048	254.272	51
254.048	255.52	79
254.048	257.408	39
254.272	255.488	51
254.592	255.136	55
254.912	255.232	77
254.912	255.552	61
255.136	255.616	55
255.2	255.808	75
255.488	255.744	51
255.616	255.776	63
255.68	256.64	67
255.744	256.0	51
255.744	256.768	73
256.0	256.608	51
256.288	256.832	55
256.608	256.896	51
256.608	257.536	61
256.608	257.568	72
256.832	257.536	55
256.896	257.216	51
256.896	257.536	70
257.216	258.08	51
257.504	258.08	68
257.504	258.656	56
257.504	259.84	60
257.76	259.648	72
257.76	259.808	63
258.08	258.656	75
258.08	259.808	68
258.336	258.944	80
258.656	259.616	84
258.656	259.808	56
258.656	259.84	75
258.944	259.84	87
258.944	259.872	80
259.264	259.872	92
261.152	262.08	68
262.048	262.4	70
262.336	264.704	68
262.976	264.736	54
262.976	264.832	51
263.008	264.864	44
264.704	265.696	68
265.6	265.984	70
265.888	268.128	68
266.528	268.256	44
266.528	268.288	61
266.528	268.32	53
268.224	269.216	68
269.152	269.504	70
269.408	270.048	68
270.048	271.328	44
270.048	271.328	47
270.048	271.36	56
270.048	271.36	62
270.048	271.392	53
271.328	272.032	48
271.328	272.576	63
271.328	275.584	54
271.328	275.712	44
272.064	273.12	66
272.064	275.616	68
272.064	275.648	51
272.064	275.648	56
272.064	275.648	60
276.192	276.576	65
276.288	277.152	68
276.288	278.08	49
276.288	278.432	37
276.544	277.728	53
276.864	277.408	56
277.152	277.408	67
277.184	277.888	61
277.248	277.568	68
277.408	277.568	56
277.408	278.336	67
277.568	277.856	68
277.568	278.016	56
277.728	278.304	53
277.76	277.92	70
277.856	278.944	68
278.08	278.944	65
278.08	279.68	49
278.304	279.52	53
278.656	279.136	56
278.976	279.296	61
279.136	279.552	56
279.232	279.296	78
279.328	279.904	77
279.456	279.52	75
279.52	280.096	53
279.648	279.904	72
279.776	279.904	70
279.776	280.352	65
279.872	280.832	68
279.872	281.664	49
280.096	281.344	53
280.448	280.864	56
280.736	281.024	67
280.768	281.056	61
280.864	281.12	68
280.992	281.504	56
281.024	282.4	67
281.184	281.472	68
281.344	281.888	53
281.376	281.664	70
281.472	283.552	68
281.664	283.072	49
281.664	283.264	65
281.888	283.136	53
282.24	282.752	56
282.56	282.944	61
282.752	283.392	56
282.848	282.944	78
282.944	283.52	77
283.04	283.488	75
283.136	283.584	53
283.168	283.552	73
283.232	284.352	72
283.456	283.712	56
283.488	284.48	75
283.712	284.832	56
284.064	284.608	60
284.352	284.832	74
284.352	285.376	66
284.48	285.664	75
284.608	285.92	60
284.64	285.312	78
284.8	285.664	77
284.96	285.28	56
285.12	285.92	73
285.28	285.504	56
285.28	287.104	72
285.312	287.008	44
285.504	286.304	56
285.92	286.368	60
286.08	287.104	66
286.368	286.688	56
286.368	287.104	60
286.464	286.88	80
286.56	287.04	78
286.656	287.104	77
286.752	287.072	75
286.752	287.104	56
286.912	288.064	73
287.072	288.0	49
287.328	288.544	53
287.648	288.096	56
287.936	288.576	72
287.968	289.76	61
288.064	288.384	73
288.192	289.12	56
288.384	288.672	73
288.544	289.088	53
288.544	289.888	77
288.672	290.304	73
288.864	290.56	49
288.896	290.272	68
289.088	290.336	53
289.44	289.952	56
289.76	291.584	61
289.888	290.144	82
289.952	290.368	56
290.048	290.272	78
290.112	290.624	77
290.24	290.624	75
290.336	290.72	53
290.368	290.784	73
290.464	290.72	72
290.592	290.816	66
290.688	291.008	42
290.688	291.648	70
290.976	292.16	58
291.264	292.704	60
291.552	292.032	69
291.552	292.256	66
291.648	291.968	70
291.84	292.192	72
291.872	292.928	61
291.968	292.928	70
292.16	292.288	58
292.16	292.928	69
292.288	292.736	58
292.448	294.272	54
292.48	292.512	42
292.48	292.576	73
292.736	293.728	58
292.928	292.96	92
292.992	293.056	90
293.056	293.568	61
293.28	294.208	66
293.568	293.6	80
293.568	294.304	61
293.632	293.856	78
293.728	293.952	58
293.728	294.24	77
293.856	294.272	75
293.952	294.112	73
293.952	294.336	58
294.048	294.336	72
294.176	294.368	70
294.24	294.88	49
294.272	294.72	68
294.56	295.264	56
294.88	295.264	61
294.88	296.064	49
295.136	295.424	67
295.136	295.584	65
295.264	295.552	68
295.392	295.808	61
295.424	296.672	67
295.552	295.872	68
295.744	296.192	56
295.744	296.224	70
295.872	296.864	68
296.064	296.864	65
296.064	297.888	49
296.256	296.352	56
296.352	296.992	56
296.576	296.672	61
296.672	297.152	61
296.864	297.536	68
296.864	297.76	65
296.96	297.024	78
297.024	297.664	77
297.152	297.184	75
297.152	297.888	61
297.248	297.28	73
297.344	297.824	72
297.44	297.824	70
297.536	297.888	56
297.536	297.888	68
297.632	297.888	66
297.76	297.888	65
297.856	298.496	42
297.856	299.392	54
297.888	298.848	70
298.176	299.36	58
298.464	299.488	60
298.752	299.232	66
298.752	299.36	69
298.848	299.168	70
299.04	299.52	72
299.072	299.456	61
299.168	299.488	70
299.36	299.904	58
299.36	300.0	69
299.488	299.936	70
299.648	299.712	42
299.648	301.504	54
299.68	299.744	73
299.904	301.152	58
300.064	300.128	92
300.192	300.288	90
300.256	300.736	61
300.352	300.384	87
300.448	300.48	85
300.48	301.472	66
300.736	300.832	80
300.736	301.504	61
300.832	301.184	78
300.928	301.152	77
301.056	301.312	75
301.152	301.504	73
301.152	301.536	58
301.248	301.504	72
301.376	301.536	70
301.44	303.264	49
301.472	301.824	68
301.76	302.56	56
302.08	302.528	61
302.336	302.592	67
302.336	302.624	65
302.464	302.784	68
302.592	303.296	61
302.592	304.576	67
302.784	303.072	68
302.944	303.264	56
302.976	303.296	70
303.072	303.808	68
303.264	303.456	49
303.264	303.456	56
303.264	304.064	65
303.456	304.16	56
303.456	304.64	49
303.84	304.352	61
304.064	304.16	65
304.16	304.448	56
304.16	305.12	65
304.352	304.48	80
304.352	305.12	61
304.448	304.896	78
304.512	305.024	77
304.64	305.088	75
304.736	305.088	73
304.768	305.152	56
304.832	305.056	72
304.992	305.088	66
305.056	305.984	72
305.088	305.312	75
305.28	306.112	56
305.664	306.08	60
305.952	306.208	74
305.952	306.784	66
306.08	306.176	60
306.08	306.368	75
306.176	307.456	60
306.24	306.912	77
306.368	306.688	75
306.56	306.912	74
306.56	307.968	56
306.688	307.872	75
306.784	307.456	66
306.88	307.84	78
306.912	307.712	32
307.456	307.68	66
307.456	308.672	60
307.68	308.544	66
307.776	307.84	80
307.84	308.448	78
307.936	308.48	77
308.032	308.608	75
308.224	308.608	72
308.352	308.608	70
308.384	308.896	56
308.448	308.608	68
308.544	308.704	66
308.672	309.472	65
308.672	310.176	49
308.896	310.144	56
309.28	309.792	61
309.472	310.464	65
309.536	310.144	72
309.664	309.984	73
309.792	310.816	61
309.856	310.72	75
309.984	310.272	73
310.144	310.656	56
310.144	311.072	72
310.272	310.88	73
310.464	311.008	49
310.464	311.104	77
310.464	311.904	65
310.464	312.256	37
310.656	311.2	56
310.752	310.816	90
310.976	311.008	87
311.04	311.328	61
311.2	311.232	84
311.328	311.552	61
311.328	311.968	56
311.36	311.584	80
311.456	311.872	78
311.52	311.84	77
311.552	312.192	61
311.616	312.224	75
311.776	311.872	73
311.84	312.32	72
311.968	312.224	70
311.968	312.288	56
312.032	312.192	68
312.16	312.352	66
312.256	313.728	49
312.256	314.112	37
312.544	313.792	53
312.896	313.408	56
313.216	313.664	68
313.216	314.176	61
313.408	315.392	56
313.472	314.176	65
313.792	314.304	53
314.144	314.496	60
314.144	315.136	68
314.496	316.064	44
314.496	316.096	60
314.752	314.816	48
315.072	316.064	66
315.072	316.096	51
315.36	315.936	63
315.36	316.064	54
315.776	316.096	56
315.968	316.288	77
316.032	317.632	49
316.256	317.184	56
316.672	317.152	61
316.96	317.472	80
316.96	317.504	65
317.088	317.76	77
317.152	317.632	61
317.376	317.856	68
317.504	317.856	65
317.536	318.144	56
317.632	317.92	61
317.824	318.784	66
317.856	318.464	70
318.208	319.712	44
318.464	319.424	48
318.752	319.712	51
318.784	319.616	68
319.04	319.648	54
319.04	319.648	63
319.36	319.648	65
319.488	320.128	56
319.68	320.224	49
319.68	320.256	53
319.712	320.096	61
319.808	320.192	65
320.096	320.96	61
320.224	321.472	49
320.256	322.24	53
320.288	321.504	65
320.448	322.208	68
320.736	321.504	77
320.832	321.44	56
320.96	321.504	61
321.408	321.44	92
321.44	322.272	56
321.504	322.24	65
321.504	322.304	61
322.208	322.784	68
322.88	323.456	68
323.552	323.872	60
323.552	324.8	63
323.552	324.8	68
323.552	325.408	44
323.552	326.464	32
323.872	324.192	56
323.872	324.192	60
324.192	324.48	60
324.448	325.28	66
324.48	324.736	60
324.512	324.736	70
324.736	325.44	60
324.8	325.312	68
325.088	325.376	56
325.312	326.176	68
325.408	326.432	78
325.408	327.328	44
325.44	326.048	60
325.728	325.888	56
326.048	327.264	60
326.176	326.464	68
326.304	326.688	67
326.464	326.752	68
326.656	327.232	70
326.752	327.04	68
326.912	327.2	67
326.912	327.232	56
327.04	327.2	68
327.2	328.384	68
327.2	328.992	49
327.456	328.544	56
327.808	328.384	61
328.128	328.96	65
328.128	329.024	70
328.384	328.96	68
328.384	329.216	61
328.704	329.248	56
328.96	329.92	65
328.96	330.848	68
328.992	329.664	49
328.992	329.76	77
329.312	330.176	56
329.632	330.176	61
329.664	330.72	49
329.76	330.816	77
329.92	330.528	75
329.92	330.784	65
330.08	330.368	73
330.176	330.848	61
330.208	330.848	72
330.368	330.624	73
330.528	330.816	56
330.528	330.848	75
330.624	330.976	73
330.816	331.2	78
330.816	332.512	32
330.816	332.576	44
331.04	331.328	56
331.136	331.232	80
331.2	331.392	78
331.296	332.512	77
331.392	332.288	78
331.424	331.904	60
331.648	332.512	66
331.712	332.608	80
331.904	333.152	60
332.0	332.576	82
332.288	332.384	56
332.288	332.832	78
332.512	332.576	66
332.576	332.992	75
332.576	333.184	66
332.576	333.728	32
332.576	334.432	44
332.864	333.44	56
332.864	333.44	77
332.992	333.152	75
333.056	333.12	74
333.152	333.472	60
333.152	334.368	75
333.184	333.44	66
333.44	334.4	77
333.44	334.72	66
333.472	333.696	60
333.696	333.76	60
333.76	334.336	78
333.76	335.264	60
334.048	334.4	56
334.048	334.56	72
334.304	334.336	65
334.368	335.52	75
334.368	335.744	49
334.656	335.808	56
334.976	335.264	61
335.104	335.296	73
335.232	335.488	72
335.232	336.032	65
335.392	335.648	73
335.488	336.032	61
335.488	336.032	72
335.648	335.936	73
335.808	336.128	56
335.808	336.128	77
335.936	336.16	73
336.096	337.92	49
336.128	337.92	37
336.128	338.08	68
336.416	337.6	56
336.736	337.312	61
336.992	338.848	65
337.312	337.92	73
337.312	337.952	61
337.6	338.016	56
337.888	338.016	71
337.92	339.136	73
337.92	339.296	49
337.92	341.536	37
338.176	339.456	56
338.528	339.072	61
338.848	340.16	65
338.848	341.344	75
339.072	340.128	61
339.136	340.928	73
339.456	339.776	56
339.712	341.312	49
339.744	341.504	80
340.032	341.216	56
340.352	340.864	61
340.608	341.504	65
340.864	341.44	61
340.928	342.464	73
341.216	341.568	56
341.472	342.432	66
341.536	342.592	70
341.536	342.912	49
341.536	345.152	37
341.856	342.752	58
342.112	342.592	61
342.432	344.224	66
342.432	344.544	75
342.688	343.968	61
342.752	345.12	73
343.04	343.36	58
343.264	343.296	69
343.328	344.864	78
343.328	345.152	49
343.616	345.12	57
343.968	345.216	61
344.224	345.216	66
344.512	345.184	77
344.864	345.184	56
345.152	345.312	37
345.152	345.472	49
345.152	346.464	75
345.28	346.464	78
345.44	346.72	81
345.568	346.24	84
345.696	346.464	87
345.728	346.144	63
345.728	346.432	57
345.728	346.432	66
345.728	346.752	60
345.856	346.08	90
345.984	346.208	93
346.144	346.464	63
346.144	346.624	96
346.272	346.464	99
346.432	346.496	102
346.432	346.752	90
346.432	346.944	68
346.464	346.784	63
346.56	346.816	99
346.688	346.944	96
346.848	347.04	93
347.008	347.36	90
347.136	347.424	87
347.296	347.616	84
347.424	347.712	49
347.424	348.48	54
347.424	348.48	81
347.584	348.32	78
347.712	348.48	75
347.872	348.48	72
348.0	348.384	69
348.16	348.448	66
348.288	348.544	63
348.416	348.608	60
348.576	348.896	61
348.704	349.056	65
348.864	349.28	56
349.024	349.344	61
349.152	349.568	53
349.28	350.208	56
349.44	349.888	49
349.568	350.4	53
349.728	350.528	44
349.888	350.56	49
350.048	350.496	41
350.208	350.816	56
350.336	351.04	37
350.976	351.328	68
351.328	351.392	68
351.648	351.968	68
351.968	352.064	68
352.288	353.312	49
352.288	353.312	56
352.288	353.312	61
352.288	353.312	68
352.288	353.344	65
353.184	353.504	70
353.472	354.048	49
353.472	354.048	56
353.472	354.144	65
353.472	355.328	68
354.144	355.328	56
354.144	355.616	65
354.144	355.872	49
354.144	355.872	61
354.72	355.008	77
354.72	355.776	80
355.008	355.328	77
355.328	355.616	68
355.328	355.84	56
355.328	355.904	77
355.36	355.808	73
355.616	355.872	65
355.616	355.936	68
355.968	357.024	49
355.968	357.024	56
355.968	357.024	65
355.968	357.024	68
355.968	357.152	73
356.0	357.024	61
356.864	357.184	70
357.152	357.696	56
357.152	357.728	73
357.152	357.76	49
357.152	357.76	65
357.152	358.976	68
357.76	358.976	56
357.76	359.264	65
357.76	359.488	49
357.792	359.488	61
358.368	358.688	77
358.368	358.688	80
358.688	358.976	77
358.688	359.072	80
358.976	359.264	68
358.976	359.264	73
358.976	359.424	56
358.976	359.52	77
359.264	359.488	65
359.264	359.52	68
359.584	360.64	49
359.584	360.64	56
359.584	360.64	65
359.584	360.64	68
359.584	360.672	73
359.616	360.64	61
360.48	360.8	70
360.768	361.312	65
360.768	361.408	49
360.768	361.408	56
360.768	361.44	68
360.8	361.408	73
361.408	362.368	65
361.408	362.432	49
361.408	362.432	56
361.408	362.432	61
361.408	362.432	73
362.272	362.624	66
362.592	363.072	49
362.592	363.104	56
362.592	363.104	61
362.592	363.104	65
363.232	364.096	49
363.232	364.672	61
363.232	365.44	65
363.232	365.696	56
363.584	364.064	44
363.744	364.0	41
364.0	364.608	41
364.096	364.384	49
364.384	364.672	49
364.384	365.568	53
364.512	365.568	44
364.672	365.248	49
364.992	365.632	61
365.248	365.536	49
365.536	373.344	49
365.568	365.824	53
365.568	367.744	44
365.824	369.92	53
366.464	367.36	61
367.168	367.968	56
367.36	373.312	61
367.552	367.904	68
367.648	369.76	65
367.904	368.864	68
367.936	368.192	77
367.936	369.152	73
368.192	368.544	77
368.544	368.832	77
368.832	369.152	77
368.864	370.176	68
369.152	369.472	77
369.152	369.824	73
369.472	369.76	80
369.472	371.04	77
369.76	373.696	80
369.888	369.92	89
370.144	372.64	85
370.176	373.248	89
370.272	370.624	92
370.624	373.536	92
374.272	375.456	32
374.272	375.488	44
374.272	375.488	61
375.232	375.52	46
375.232	375.904	34
375.488	375.552	41
375.488	376.192	61
375.488	376.192	65
375.488	376.608	44
376.192	377.248	65
376.192	377.536	56
376.192	377.568	41
376.192	377.568	61
377.568	378.464	65
377.568	378.496	41
377.568	381.152	61
378.464	380.32	65
378.464	384.032	37
