0.512	0.896	71
0.864	0.992	64
0.864	1.12	67
1.12	1.44	63
1.12	1.44	71
1.152	1.44	66
1.472	1.76	65
1.472	1.792	62
1.568	1.728	71
1.728	2.048	71
1.76	2.656	61
1.76	2.656	64
2.016	2.368	70
2.336	2.656	76
2.624	2.976	63
2.624	2.976	75
2.656	2.976	60
2.944	3.328	62
2.944	3.584	59
3.264	3.584	67
3.52	4.0	62
3.552	3.904	66
3.552	4.032	57
3.552	4.032	72
3.872	4.064	67
4.0	4.192	62
4.0	4.192	71
4.128	4.192	67
4.192	4.608	62
4.192	4.64	71
4.192	4.8	67
4.448	4.8	59
4.768	5.376	62
4.768	5.408	69
4.768	5.44	66
5.056	6.016	50
5.376	6.016	62
5.696	5.984	74
5.696	6.016	71
5.696	6.016	79
5.984	6.336	74
6.016	6.368	69
6.016	6.368	78
6.016	6.432	62
6.016	6.56	50
6.336	6.528	73
6.336	6.624	67
6.336	6.624	76
6.432	6.592	62
6.592	7.392	62
6.592	7.52	69
6.592	8.096	66
6.624	6.688	74
6.912	7.232	60
7.2	7.52	64
7.52	7.84	62
7.808	8.128	60
8.096	8.256	62
8.096	8.448	59
8.096	8.448	67
8.416	8.736	66
8.416	8.768	62
8.416	8.896	57
8.736	8.896	67
8.864	8.96	55
8.864	8.96	71
8.864	8.992	62
9.024	9.408	55
9.024	9.536	62
9.056	9.536	71
9.056	9.728	67
9.376	9.76	59
9.728	10.464	62
9.728	10.464	69
9.728	10.496	66
10.048	10.496	50
10.432	10.816	71
10.752	11.04	64
10.752	11.04	67
11.008	11.392	71
11.04	11.392	63
11.04	11.392	66
11.36	11.68	62
11.36	11.68	65
11.488	11.648	71
11.648	11.968	71
11.648	12.576	61
11.648	12.576	64
11.936	12.288	70
12.256	12.576	76
12.544	12.864	75
12.544	12.896	63
12.576	12.864	60
12.832	13.472	59
12.864	13.248	62
13.152	13.504	67
13.44	13.792	66
13.44	13.888	62
13.44	13.92	57
13.472	13.92	72
13.792	13.952	67
13.888	14.016	71
13.888	14.048	62
14.048	14.528	62
14.048	14.592	71
14.048	14.72	67
14.336	14.72	59
14.688	15.264	62
14.688	15.328	66
14.688	15.328	69
14.976	16.544	50
15.264	15.904	62
15.616	15.84	74
15.616	15.904	71
15.616	15.936	79
15.904	16.224	74
15.904	16.256	78
15.904	16.352	62
15.904	16.416	69
16.224	16.48	73
16.224	16.48	76
16.224	16.544	67
16.352	16.512	62
16.512	16.832	74
16.512	17.408	62
16.512	17.44	69
16.512	18.016	66
16.8	17.152	60
17.12	17.44	64
17.408	17.888	62
17.696	18.048	60
18.016	18.176	62
18.016	18.336	59
18.016	18.368	67
18.304	18.592	62
18.336	18.656	66
18.336	18.816	57
18.592	18.752	62
18.656	18.816	67
18.784	18.88	55
18.784	18.912	71
18.784	18.976	62
18.976	19.392	55
18.976	19.488	62
18.976	19.488	71
18.976	19.52	67
19.36	19.712	59
19.68	20.448	62
19.68	20.448	69
19.68	20.48	66
20.0	20.48	50
20.448	20.704	52
20.544	20.672	59
20.672	20.832	54
20.768	21.024	59
20.832	20.992	55
20.832	20.992	67
20.992	21.44	57
21.152	21.44	45
21.312	21.472	60
21.376	21.504	64
21.44	21.824	47
21.568	21.696	63
21.792	21.952	66
21.792	21.984	63
21.824	21.952	47
21.984	22.24	40
22.112	22.176	64
22.112	22.24	59
22.112	22.272	67
22.24	22.528	43
22.368	22.528	55
22.368	22.528	59
22.368	22.528	62
22.496	22.72	60
22.496	22.784	48
22.592	22.72	55
22.752	22.912	50
22.848	23.008	55
22.88	22.912	60
22.88	23.04	52
22.912	23.04	64
23.008	23.104	53
23.104	23.264	60
23.232	23.552	41
23.36	23.488	60
23.456	23.552	57
23.52	23.616	43
23.616	23.776	59
23.616	23.872	43
23.84	24.032	55
23.936	24.064	62
24.0	24.224	36
24.032	24.096	60
24.16	24.288	64
24.16	24.608	55
24.288	24.352	31
24.288	24.576	33
24.288	24.576	35
24.576	24.864	52
24.672	24.8	59
24.832	24.96	54
24.928	25.024	64
24.928	25.088	59
24.928	25.12	55
24.96	25.12	67
25.088	25.184	69
25.088	25.472	57
25.184	25.28	64
25.312	25.6	45
25.44	25.536	66
25.44	25.6	64
25.504	25.6	60
25.6	25.952	47
25.696	25.76	66
25.696	25.792	63
25.952	26.08	66
25.952	26.112	47
25.952	26.112	59
25.952	26.112	63
26.112	26.4	40
26.208	26.368	59
26.272	26.4	64
26.272	26.4	67
26.368	26.624	43
26.528	26.656	55
26.528	26.656	62
26.624	26.848	60
26.624	26.912	48
26.88	27.04	50
27.008	27.104	55
27.008	27.104	64
27.008	27.168	52
27.136	27.36	53
27.232	27.36	60
27.392	27.68	41
27.552	27.648	62
27.616	27.68	57
27.648	28.032	43
27.744	27.872	62
28.032	28.192	43
28.032	28.192	55
28.032	28.192	62
28.16	28.48	36
28.32	28.448	55
28.32	28.448	60
28.32	28.48	64
28.448	28.48	31
28.448	28.544	60
28.448	28.832	47
28.448	28.832	55
28.448	28.864	35
28.864	29.184	71
29.184	29.44	64
29.184	29.472	67
29.472	29.76	66
29.472	29.76	71
29.472	29.792	63
29.824	30.08	65
29.824	30.112	62
29.92	30.08	71
30.08	30.4	71
30.08	31.008	64
30.112	31.008	61
30.368	30.944	70
30.688	31.008	76
30.976	31.328	60
30.976	31.328	63
30.976	31.328	75
31.264	31.904	59
31.296	31.648	62
31.584	31.936	67
31.872	32.288	62
31.904	32.224	66
31.904	32.384	57
31.904	32.384	72
32.224	32.384	67
32.352	32.448	62
32.352	32.512	71
32.512	32.992	71
32.512	33.152	67
32.544	32.96	62
32.768	33.152	59
33.12	33.728	62
33.12	33.76	66
33.12	33.76	69
33.408	34.912	50
33.728	34.336	62
34.048	34.368	71
34.048	34.368	79
34.336	34.688	74
34.336	34.72	69
34.336	34.784	62
34.368	34.688	78
34.656	34.976	67
34.688	34.912	73
34.688	34.912	76
34.784	34.944	62
34.944	35.136	74
34.944	35.328	62
34.944	35.872	69
34.944	36.416	66
35.264	35.584	60
35.552	35.872	64
35.872	36.192	62
36.16	36.48	60
36.448	36.608	62
36.448	36.768	59
36.448	36.8	67
36.768	36.832	74
36.768	37.088	66
36.768	37.12	62
36.768	37.248	57
37.088	37.248	67
37.216	37.312	55
37.216	37.312	71
37.216	37.344	62
37.408	37.728	67
37.408	37.76	55
37.408	37.888	62
37.408	37.888	71
37.728	38.08	59
37.728	38.08	67
38.048	38.752	62
38.08	38.784	66
38.08	38.784	69
38.4	38.816	50
38.752	38.944	62
38.784	38.944	67
38.784	38.944	71
38.784	39.488	55
38.912	39.04	64
38.912	39.072	72
39.04	39.232	60
39.072	39.264	69
39.2	39.36	62
39.2	39.36	71
39.328	39.456	59
39.328	39.456	67
39.456	39.584	59
39.456	39.616	67
39.616	39.776	64
39.616	39.776	71
39.616	39.776	76
39.616	39.808	52
39.616	39.808	68
39.872	40.224	45
40.192	40.352	52
40.192	40.352	64
40.192	40.352	69
40.192	40.352	72
40.192	40.352	76
40.448	40.608	50
40.736	40.96	50
40.736	40.96	54
40.736	40.96	62
40.736	40.96	69
40.736	40.96	72
41.024	41.184	62
41.024	41.184	71
41.024	41.216	67
41.024	41.728	55
41.152	41.248	64
41.152	41.28	72
41.28	41.44	60
41.28	41.44	69
41.44	41.568	71
41.44	41.6	62
41.536	41.728	67
41.536	41.856	59
41.824	42.048	66
41.824	42.08	54
41.856	42.112	70
42.048	42.176	66
42.144	42.432	47
42.432	42.656	71
42.432	42.688	54
42.432	42.72	66
42.72	43.072	62
42.72	43.104	50
42.72	43.104	78
43.072	43.36	55
43.072	43.392	74
43.072	43.392	79
43.072	43.424	67
43.072	43.616	62
43.072	43.648	71
43.392	43.84	52
43.392	44.032	79
43.712	44.032	59
43.744	44.064	67
44.0	44.448	45
44.0	44.608	78
44.352	44.544	60
44.352	44.608	57
44.352	44.608	66
44.576	45.152	75
44.576	45.216	47
44.864	45.216	54
44.864	45.216	57
44.864	45.248	63
45.184	45.664	48
45.184	45.696	76
45.632	45.76	55
45.792	46.208	50
46.112	46.4	54
46.4	46.816	52
46.4	46.944	72
46.816	46.912	55
46.976	47.392	54
46.976	47.584	70
47.264	47.456	61
47.616	48.192	71
47.616	48.32	59
47.904	48.32	63
48.288	48.672	71
48.64	48.768	64
48.64	48.928	67
48.928	49.216	66
48.928	49.248	63
48.928	49.248	71
49.28	49.568	65
49.28	49.6	62
49.376	49.568	71
49.536	50.464	64
49.568	49.856	71
49.568	50.464	61
49.824	50.176	70
50.144	50.464	76
50.432	50.784	63
50.464	50.784	60
50.464	50.784	75
50.752	51.392	59
50.784	51.168	62
51.072	51.392	67
51.36	51.712	66
51.36	51.776	62
51.36	51.84	57
51.36	51.84	72
51.68	51.84	67
51.808	51.968	62
51.808	51.968	71
51.968	52.48	62
51.968	52.48	71
51.968	52.64	67
52.256	52.608	59
52.576	53.184	62
52.608	53.216	66
52.608	53.216	69
52.864	54.368	50
53.184	53.824	62
53.504	53.824	71
53.504	53.856	79
53.536	53.76	74
53.824	54.176	69
53.824	54.176	78
53.824	54.272	62
54.144	54.368	73
54.144	54.4	76
54.144	54.464	67
54.272	54.4	62
54.4	54.72	74
54.4	55.104	62
54.4	55.36	69
54.4	55.936	66
54.72	55.072	60
55.008	55.36	64
55.328	55.68	62
55.616	55.968	60
55.936	56.096	62
55.936	56.256	59
55.936	56.256	67
56.224	56.48	62
56.224	56.576	66
56.224	56.736	57
56.48	56.672	62
56.576	56.736	67
56.704	56.8	55
56.704	56.8	71
56.704	56.864	62
56.864	57.248	55
56.864	57.344	62
56.864	57.344	71
56.864	57.376	67
57.216	57.568	59
57.536	58.24	62
57.536	58.272	69
57.536	58.304	66
57.888	58.304	50
58.24	58.56	52
58.368	58.56	59
58.496	58.656	54
58.56	58.816	59
58.656	58.816	55
58.656	58.816	67
58.784	59.264	57
58.976	59.264	45
59.136	59.296	60
59.2	59.328	64
59.264	59.744	47
59.392	59.456	66
59.392	59.52	63
59.616	59.776	59
59.616	59.776	66
59.616	59.808	63
59.776	60.064	40
59.872	60.032	59
59.936	60.064	64
59.936	60.096	67
60.032	60.352	43
60.16	60.352	59
60.192	60.352	62
60.32	60.544	60
60.32	60.608	48
60.416	60.512	55
60.576	60.704	50
60.672	60.832	55
60.704	60.768	60
60.704	60.832	52
60.704	60.864	64
60.8	61.024	53
60.928	61.088	60
61.056	61.376	41
61.184	61.344	60
61.216	61.376	57
61.344	61.44	43
61.44	61.6	59
61.44	61.792	43
61.664	61.856	55
61.76	61.888	62
61.824	62.048	36
61.984	62.112	64
61.984	62.144	55
62.112	62.176	31
62.112	62.4	33
62.112	62.4	35
62.144	62.176	52
62.4	62.688	52
62.496	62.624	64
62.496	62.656	59
62.624	62.784	54
62.752	62.848	64
62.752	62.944	55
62.752	62.944	67
62.912	63.168	57
63.008	63.136	64
63.136	63.424	45
63.232	63.424	64
63.296	63.392	66
63.296	63.456	60
63.392	63.904	47
63.52	63.616	66
63.52	63.648	63
63.744	63.872	66
63.744	63.936	63
63.936	64.224	40
64.064	64.192	64
64.064	64.224	67
64.192	64.448	43
64.32	64.48	59
64.352	64.48	55
64.352	64.512	62
64.48	64.672	60
64.48	64.736	48
64.576	64.672	55
64.608	64.672	64
64.704	64.864	50
64.832	64.96	55
64.832	64.992	52
64.832	64.992	64
64.96	65.184	53
65.056	65.184	60
65.216	65.504	41
65.44	65.472	57
65.472	65.888	43
65.6	65.76	62
65.856	66.016	55
65.856	66.016	62
65.984	66.048	48
65.984	66.176	36
66.016	66.08	60
66.144	66.304	64
66.144	66.368	60
66.144	66.656	55
66.272	66.656	47
66.688	67.008	71
67.008	67.296	64
67.008	67.296	67
67.296	67.584	66
67.296	67.616	63
67.296	67.616	71
67.616	67.936	65
67.648	67.936	62
67.744	67.936	71
67.904	68.832	61
67.936	68.224	71
67.936	68.832	64
68.192	68.768	70
68.512	68.832	76
68.8	69.152	60
68.8	69.152	63
68.8	69.152	75
69.088	69.76	59
69.12	69.504	62
69.44	69.76	67
69.728	70.08	66
69.728	70.112	62
69.728	70.208	57
69.728	70.208	72
70.048	70.24	67
70.176	70.336	62
70.176	70.336	71
70.336	70.784	62
70.336	70.816	71
70.336	70.976	67
70.624	70.976	59
70.944	71.552	62
70.944	71.584	69
70.944	71.616	66
71.232	72.704	50
71.552	72.16	62
71.872	72.16	74
71.872	72.192	71
71.872	72.192	79
72.16	72.48	74
72.16	72.512	78
72.16	72.544	69
72.16	72.608	62
72.48	72.736	73
72.48	72.8	67
72.48	72.8	76
72.608	72.768	62
72.768	73.088	74
72.768	73.472	62
72.768	73.728	69
72.768	74.24	66
73.088	73.44	60
73.408	73.728	64
73.696	74.08	62
74.016	74.368	60
74.304	74.656	59
74.304	74.688	62
74.336	74.688	67
74.624	74.976	57
74.624	74.976	64
75.136	75.232	50
75.136	75.296	57
75.296	76.16	57
75.328	76.128	50
75.328	76.16	60
75.328	76.16	66
76.128	76.96	50
76.128	76.96	59
76.128	76.96	67
76.128	78.4	43
