0.512	1.376	55
0.512	1.504	51
0.512	1.504	58
0.512	1.504	63
1.504	2.528	46
1.504	2.528	53
1.504	2.624	58
1.504	2.656	62
2.496	3.584	41
2.496	3.584	57
2.496	3.584	60
2.528	3.552	53
3.552	4.384	46
3.552	4.576	58
3.552	4.576	62
3.552	4.608	53
4.576	5.632	51
4.576	5.632	55
4.576	5.632	58
4.608	5.664	39
5.632	6.56	56
5.632	6.656	44
5.632	6.688	51
5.632	6.72	60
6.656	7.776	41
6.656	7.776	62
6.656	7.808	56
7.744	8.672	46
7.744	8.768	67
7.744	8.8	39
7.744	8.832	55
7.744	8.896	63
8.8	11.36	39
8.864	9.152	46
9.024	11.36	51
9.12	9.728	55
9.216	10.688	58
9.28	9.664	63
9.408	9.76	67
9.472	9.632	70
9.632	9.824	70
9.664	11.072	63
9.76	10.272	67
9.824	11.296	70
9.92	11.36	75
10.016	11.36	79
10.08	11.328	82
10.176	11.36	87
10.272	10.432	91
10.272	11.424	67
10.368	10.496	94
10.464	11.328	99
11.456	12.32	48
11.456	12.48	60
11.456	12.48	63
11.456	12.512	55
12.48	13.504	44
12.48	13.504	56
12.48	13.536	63
12.48	13.664	60
13.504	14.56	43
13.504	14.56	51
13.504	14.56	58
14.56	14.592	34
14.56	15.616	46
14.56	15.616	50
14.56	15.616	53
14.56	15.616	58
15.584	16.576	55
15.584	16.608	67
15.584	16.672	51
15.584	16.832	39
16.64	17.728	55
16.64	17.76	49
16.64	17.76	58
16.672	16.736	37
16.672	17.728	40
17.696	18.624	41
17.696	18.784	56
17.696	18.816	53
18.24	18.816	44
18.784	20.0	51
18.784	20.128	55
18.784	20.672	48
19.808	20.032	36
20.0	22.432	51
20.128	21.344	55
20.224	22.336	60
20.288	21.312	63
20.416	20.768	67
20.512	20.64	72
20.64	22.336	72
20.768	22.336	67
20.928	22.112	75
21.024	21.792	79
21.088	21.632	84
21.184	22.336	87
21.248	21.472	91
21.312	21.952	96
21.408	21.504	99
21.472	21.504	103
21.472	22.4	91
22.464	23.232	48
22.464	23.328	51
22.464	23.392	55
22.464	23.424	67
22.976	23.392	46
23.328	23.52	51
23.52	24.16	56
23.52	24.512	44
23.52	24.512	60
23.52	24.576	51
24.352	24.512	56
24.512	25.376	41
24.512	25.6	50
24.512	25.6	56
24.512	25.632	60
25.568	26.624	43
25.568	26.624	58
25.568	26.656	51
26.592	27.2	47
26.592	27.68	53
26.592	27.712	62
26.592	27.904	56
27.648	27.712	43
27.648	28.704	48
27.648	28.704	51
27.648	28.736	55
27.648	28.736	63
28.704	29.824	41
28.704	29.824	51
28.704	29.824	60
28.704	29.856	57
29.792	30.752	46
29.792	31.008	58
29.792	33.184	50
30.848	33.184	46
30.912	33.152	53
31.008	33.152	58
31.168	33.152	62
31.232	32.576	65
31.328	32.064	70
31.424	31.776	74
31.488	31.68	77
31.616	31.936	82
31.68	31.84	77
31.776	33.088	74
31.84	33.152	77
31.936	33.152	82
32.032	32.736	86
32.128	32.96	89
32.256	32.96	94
33.216	34.048	48
33.216	34.272	63
33.216	34.336	60
33.216	34.88	55
34.24	35.296	43
34.24	35.328	58
34.24	35.328	62
35.264	36.352	51
35.264	36.384	44
35.264	36.384	60
35.296	36.352	56
36.32	37.472	58
36.352	37.408	51
36.352	37.408	55
36.352	37.44	39
37.376	38.496	40
37.408	37.472	49
37.408	37.792	67
37.408	38.496	55
38.432	39.008	53
38.432	39.008	56
38.464	38.976	41
38.464	39.296	48
38.976	39.392	41
38.976	39.52	55
39.488	39.552	44
39.488	40.608	50
39.488	40.608	53
40.576	41.6	39
40.576	41.632	43
40.576	41.792	51
41.6	44.16	39
41.696	44.064	46
41.792	43.264	51
41.92	42.4	55
42.016	42.688	58
42.08	42.464	63
42.208	42.464	67
42.272	42.432	70
42.432	42.624	70
42.464	43.264	63
42.56	44.192	67
42.624	44.16	70
42.72	44.192	75
42.784	44.192	79
42.88	44.128	82
42.976	44.192	87
43.04	43.328	91
43.168	43.296	94
43.264	44.128	99
43.264	44.192	51
43.264	44.192	63
45.216	45.728	67
45.728	45.92	67
45.888	46.592	43
45.92	46.24	55
45.92	46.816	67
46.24	46.496	59
46.24	46.56	62
46.24	46.592	55
46.496	46.688	59
46.56	46.784	62
46.592	46.72	55
46.784	46.976	66
46.88	47.264	62
46.912	47.36	55
46.944	47.136	67
47.104	47.296	69
47.264	47.584	62
47.264	47.584	71
47.424	47.808	70
47.584	47.904	55
47.584	48.0	71
47.584	48.064	62
47.776	48.0	72
47.968	48.608	55
47.968	49.376	74
47.968	49.696	43
48.224	48.608	59
48.32	48.608	62
48.608	48.96	62
48.608	48.992	55
48.608	49.28	59
48.96	49.312	62
48.992	49.664	55
49.28	49.344	59
49.312	49.664	62
49.344	49.632	59
49.344	49.888	67
49.632	49.888	59
49.664	50.08	55
49.664	50.112	62
49.888	50.048	67
49.888	50.08	59
50.048	50.688	48
50.048	50.752	67
50.08	50.432	36
50.08	50.656	60
50.4	50.72	63
50.432	50.72	55
50.72	50.848	55
50.72	51.104	63
50.752	50.976	67
50.944	51.296	66
51.072	51.52	55
51.104	51.264	67
51.104	51.424	63
51.264	51.456	71
51.264	51.488	67
51.424	51.744	63
51.424	51.776	72
51.584	52.16	71
51.744	52.16	55
51.744	52.192	60
51.744	52.448	63
51.776	52.192	72
51.968	52.256	74
52.128	53.088	48
52.128	53.504	75
52.448	52.8	55
52.448	52.8	63
52.8	53.12	55
52.8	53.12	63
53.12	53.248	60
53.12	53.504	55
53.12	53.504	63
53.504	53.856	55
53.504	53.856	63
53.504	54.048	72
53.504	54.24	60
53.856	54.24	55
53.856	54.272	63
54.048	54.272	72
54.24	54.624	34
54.24	54.912	46
54.24	55.008	70
54.592	54.88	56
54.592	54.912	62
54.624	54.88	58
54.88	55.008	56
54.88	55.264	58
54.912	55.264	62
55.104	55.552	69
55.264	55.392	56
55.264	55.584	58
55.264	55.584	62
55.264	55.648	70
55.424	55.68	72
55.584	55.872	56
55.584	55.904	58
55.584	55.904	62
55.584	55.936	74
55.776	55.936	73
55.872	56.32	56
55.904	56.352	58
55.904	56.352	62
55.936	56.32	74
56.096	56.32	75
56.288	56.96	46
56.288	57.184	77
56.64	56.96	56
56.64	56.96	58
56.64	56.96	62
56.96	57.312	56
56.96	57.312	58
56.96	57.312	62
57.152	57.632	76
57.312	57.664	56
57.312	57.664	62
57.312	57.76	77
57.312	57.984	58
57.504	57.824	79
57.664	57.984	56
57.664	57.984	62
57.664	57.984	80
57.824	58.336	79
57.984	58.176	58
57.984	58.272	80
57.984	58.336	56
57.984	58.336	62
58.144	58.336	81
58.176	58.336	58
58.336	58.656	58
58.336	58.656	82
58.336	58.848	56
58.336	59.04	62
58.496	58.688	81
58.656	59.04	58
58.656	59.04	82
58.816	58.976	84
58.848	59.04	56
59.008	59.264	86
59.168	59.424	85
59.328	59.68	86
59.488	59.776	87
59.584	60.256	53
59.648	60.0	56
59.68	60.0	89
59.68	60.32	62
59.84	60.032	88
60.0	60.32	56
60.0	60.352	89
60.16	60.32	91
60.256	61.6	53
60.32	60.672	92
60.32	61.184	56
60.32	61.632	62
60.512	60.608	91
60.672	61.536	92
60.832	60.896	93
60.992	61.248	94
61.152	61.344	93
61.184	61.504	56
61.312	61.536	94
61.504	61.664	96
61.6	62.272	53
61.664	62.08	56
61.696	61.792	98
61.696	62.048	62
61.856	61.952	99
62.016	62.08	89
62.016	62.368	101
62.176	62.208	91
62.176	62.208	103
62.272	64.224	53
62.336	62.688	56
62.336	62.688	62
62.528	62.848	89
62.528	63.296	101
62.688	62.816	98
62.688	63.456	56
62.688	63.968	62
62.848	63.04	94
63.008	63.84	92
63.104	63.392	89
63.232	63.744	58
63.232	63.776	86
63.328	63.968	82
63.456	64.096	80
63.552	64.128	77
63.68	64.096	74
63.744	63.968	70
63.84	64.256	68
63.904	64.096	65
63.968	65.6	62
64.064	65.664	58
64.16	64.32	56
64.224	65.632	53
64.32	65.728	50
64.512	65.632	34
65.984	66.08	56
65.984	66.08	68
65.984	66.464	63
66.08	66.432	56
66.08	66.496	47
66.08	66.496	53
66.08	66.496	68
66.432	66.496	56
66.816	67.68	53
66.816	67.68	68
66.816	67.712	62
66.816	68.192	56
68.16	68.288	75
68.16	68.288	77
68.16	68.288	80
68.288	68.672	65
68.288	68.704	59
68.288	68.704	68
68.288	68.704	75
68.288	68.704	77
68.288	68.736	80
68.992	69.76	58
68.992	69.76	68
68.992	69.792	80
68.992	69.856	77
68.992	70.464	74
69.76	70.368	96
69.76	70.944	58
69.76	71.2	68
70.592	70.752	94
70.688	71.2	92
70.816	70.944	89
70.912	71.264	86
70.944	71.328	58
71.008	71.232	82
71.136	71.36	81
71.232	71.872	82
71.328	72.0	80
71.424	71.936	77
71.552	72.0	74
71.648	72.0	70
71.744	72.288	68
71.84	72.256	65
71.968	72.288	62
72.064	72.288	58
73.28	73.856	59
73.376	73.888	51
74.208	76.832	54
74.208	76.864	60
74.208	76.896	44
74.208	76.896	51
76.832	76.928	50
76.832	79.424	58
76.832	79.456	41
76.832	79.456	53
76.832	79.456	56
76.832	79.456	62
79.424	79.488	55
79.424	80.0	58
79.424	80.32	39
79.424	80.352	63
79.424	80.704	51
79.712	80.416	55
80.0	80.608	58
80.352	81.248	63
80.608	81.92	58
80.992	81.568	55
81.312	81.92	51
81.568	82.336	55
81.92	82.464	58
81.92	83.104	51
82.208	83.136	63
82.464	83.328	58
82.784	83.392	55
83.104	84.896	51
83.104	86.688	39
83.392	84.576	55
83.712	84.224	58
84.0	85.76	63
84.224	85.504	58
84.576	85.152	55
84.896	86.688	51
85.152	86.336	55
85.504	85.984	58
85.76	86.72	63
85.984	87.264	58
86.336	86.752	55
86.688	87.616	70
86.688	87.904	67
86.688	88.48	39
86.688	90.304	51
86.944	87.904	55
87.264	87.808	58
87.552	88.256	68
87.552	88.48	63
87.584	88.192	72
87.808	87.872	58
87.872	88.512	70
87.872	89.088	58
87.904	88.48	67
88.16	88.576	55
88.48	89.312	63
88.48	90.304	67
88.768	89.952	55
89.088	89.6	58
89.312	90.304	63
89.6	90.336	58
89.952	90.336	55
90.304	91.2	70
90.304	91.488	67
90.304	91.52	39
90.304	92.096	51
90.56	91.776	55
90.848	91.488	58
91.168	91.744	56
91.168	91.872	68
91.168	92.096	63
91.488	92.096	67
91.488	92.128	70
91.488	92.32	58
91.776	92.192	55
92.096	92.96	63
92.096	93.504	67
92.096	93.824	51
92.384	93.504	55
92.704	93.216	58
92.96	93.856	63
93.216	94.496	58
93.568	94.88	55
93.76	94.144	65
93.824	95.04	68
93.92	94.24	77
94.176	95.04	56
94.496	95.04	58
94.816	96.0	62
95.04	95.36	56
95.04	95.68	68
95.04	95.744	58
95.04	95.776	77
95.36	95.52	56
95.52	95.68	74
95.52	95.968	56
95.68	97.088	68
95.68	97.312	74
95.68	97.344	46
95.968	97.184	56
96.288	96.8	58
96.64	97.536	62
96.8	97.536	58
97.184	97.536	56
97.312	98.336	63
97.44	98.624	67
97.504	98.656	39
97.504	98.656	51
97.792	98.656	55
98.08	98.624	58
98.336	99.264	63
98.624	99.232	67
98.624	99.872	58
98.624	101.12	75
98.88	99.328	55
99.072	101.12	70
99.232	101.376	67
99.232	102.848	51
99.552	100.736	55
99.872	100.384	58
100.16	101.184	63
100.384	101.152	58
100.736	101.12	55
101.088	101.312	56
101.088	102.08	68
101.088	102.656	72
101.088	102.816	44
101.312	102.496	56
101.696	102.208	60
101.92	102.848	63
102.208	102.848	60
102.208	102.848	68
102.496	102.848	56
102.72	103.968	72
102.816	104.544	44
102.816	104.544	75
103.104	103.616	56
103.392	103.968	60
103.68	104.576	70
103.68	104.608	63
103.968	104.544	60
103.968	104.544	68
103.968	104.544	72
104.256	104.608	56
104.576	105.44	70
104.576	105.6	39
104.576	105.728	67
104.576	108.192	51
104.864	105.472	55
105.152	105.728	58
105.408	106.048	72
105.408	106.112	68
105.408	106.304	63
105.728	106.304	67
105.728	106.4	58
105.728	106.496	70
106.016	106.432	55
106.304	107.136	63
106.304	108.064	67
106.624	107.776	55
106.912	107.392	58
107.136	108.128	63
107.392	108.128	58
107.776	108.096	55
108.096	108.32	56
108.096	109.216	68
108.096	109.216	72
108.096	109.248	44
108.32	109.504	56
108.704	109.216	60
108.96	109.856	63
109.216	109.76	72
109.216	109.856	68
109.216	109.888	60
109.504	109.92	56
109.76	109.824	44
109.76	109.824	72
109.824	110.72	72
109.824	110.752	75
109.824	111.584	44
110.112	110.688	56
110.4	110.976	60
110.688	111.552	70
110.688	111.616	63
110.976	111.552	68
110.976	111.584	60
111.008	111.552	72
111.296	111.616	56
111.584	112.544	70
111.584	112.736	39
111.584	112.736	67
111.584	113.344	51
111.872	112.736	55
112.16	112.736	58
112.448	113.248	68
112.448	113.344	63
112.448	113.376	72
112.736	113.312	67
112.736	113.44	58
112.736	113.472	70
113.024	113.376	55
113.312	114.976	67
113.344	114.144	63
113.344	114.72	51
113.632	114.784	55
113.92	114.432	58
114.144	115.04	63
114.432	115.136	58
114.784	115.424	55
114.944	115.84	65
115.04	116.8	70
115.136	115.2	77
115.136	115.712	58
115.392	116.576	56
115.712	116.256	58
116.032	117.472	62
116.256	117.44	58
116.256	117.44	77
116.576	117.152	56
116.704	117.184	68
116.8	117.696	70
116.864	117.664	80
116.864	118.368	46
117.152	118.016	56
117.44	117.952	58
117.728	118.56	77
117.728	118.592	62
117.952	118.656	58
118.016	118.336	56
118.016	118.4	74
118.336	118.656	56
118.528	120.384	67
118.624	120.416	39
118.624	120.448	51
118.656	120.416	75
118.912	120.064	55
119.2	119.712	58
119.488	120.384	63
119.712	120.96	58
120.064	120.512	55
120.384	121.856	79
120.384	121.984	70
120.448	122.08	51
120.64	121.824	55
120.96	121.44	58
121.216	121.984	63
121.44	122.208	58
121.824	122.176	55
121.984	122.208	63
122.08	123.264	67
122.144	122.976	46
122.176	122.272	75
122.4	123.04	55
122.72	123.264	58
123.008	123.264	63
123.008	123.808	70
123.264	123.776	63
123.264	123.904	58
123.264	123.904	67
123.584	123.936	55
123.744	124.48	62
123.904	124.448	58
123.904	125.472	34
123.904	125.632	70
123.904	125.664	46
124.192	124.768	56
124.448	125.024	58
124.736	125.12	68
124.736	125.728	62
124.768	125.024	56
125.024	125.376	56
125.024	125.664	58
125.024	125.664	65
125.376	126.496	56
125.632	126.496	63
125.632	127.616	39
125.632	127.616	51
125.984	126.528	55
126.272	126.784	58
126.496	127.68	63
126.784	127.648	58
127.2	127.648	55
127.616	128.8	51
128.8	129.408	51
129.152	130.912	65
129.248	131.104	70
129.312	130.112	74
129.376	130.56	77
129.408	129.472	46
129.408	129.984	58
129.664	130.816	53
129.984	130.496	58
130.24	131.2	79
130.304	130.816	62
130.496	131.776	58
130.56	132.576	77
130.816	131.456	53
130.816	132.064	62
131.008	132.544	65
131.104	132.8	70
131.2	133.888	50
131.456	132.608	53
131.776	132.288	58
132.064	133.92	62
132.288	133.024	58
132.608	133.248	53
132.736	134.368	65
132.864	133.024	69
132.928	134.848	75
132.992	134.176	77
133.024	134.176	46
133.024	134.24	58
133.248	134.432	53
133.568	134.176	57
133.888	134.848	63
133.888	135.072	79
134.176	135.008	77
134.176	135.328	57
134.432	135.072	53
134.624	135.136	65
134.72	135.104	69
134.784	135.168	46
134.784	135.488	72
135.072	136.224	53
135.328	135.872	57
135.648	136.48	63
135.872	137.792	57
136.224	136.8	53
136.32	136.64	65
136.416	136.608	70
136.512	136.64	74
136.576	137.472	77
136.8	137.92	53
137.152	137.728	58
137.44	138.048	76
137.44	138.4	62
137.728	138.368	77
137.728	138.4	58
138.016	138.368	53
138.336	138.624	51
138.336	139.488	75
138.336	139.52	79
138.336	140.128	39
138.624	139.808	51
138.912	139.488	55
139.2	139.52	77
139.2	140.128	60
139.488	139.552	43
139.488	140.096	55
139.488	140.128	72
139.488	140.128	75
139.808	141.536	51
140.096	141.856	41
140.096	141.888	70
140.096	141.888	74
140.32	141.312	53
140.704	141.248	58
141.024	141.504	62
141.248	141.6	77
141.248	141.888	58
141.504	141.888	62
141.504	141.92	53
141.856	143.488	72
141.856	143.712	41
141.888	142.208	69
142.144	143.296	53
142.432	142.944	57
142.784	143.584	60
142.944	144.032	57
143.296	143.808	53
143.424	143.712	65
143.52	145.344	70
143.584	143.872	74
143.648	144.224	58
143.648	144.352	77
143.904	145.024	53
144.224	144.8	58
144.544	145.312	79
144.544	145.6	62
144.8	145.984	58
144.832	145.984	77
145.088	145.728	53
145.28	146.784	65
145.344	145.44	70
145.44	145.888	74
145.44	146.688	46
145.44	147.104	70
145.728	146.88	53
146.048	146.56	58
146.368	148.128	62
146.56	147.2	58
146.88	147.296	53
147.008	147.648	69
147.072	147.904	74
147.168	148.448	78
147.264	148.096	81
147.264	148.544	38
147.264	149.056	50
147.52	148.704	54
147.84	148.192	57
148.128	148.416	81
148.128	148.448	83
148.128	149.216	62
148.416	149.088	57
148.416	149.088	81
148.704	149.344	54
148.864	149.12	69
148.96	149.12	74
149.056	150.4	78
149.056	150.816	50
149.344	150.464	54
149.6	150.144	57
149.952	150.752	62
150.144	150.848	57
150.464	150.944	54
150.656	151.04	69
150.752	150.784	73
150.816	151.68	81
150.816	151.936	50
150.816	152.0	38
151.104	151.232	55
151.392	151.744	57
151.68	151.968	81
151.68	152.0	61
151.68	152.0	73
151.68	152.032	76
151.968	152.544	74
151.968	152.608	78
151.968	152.608	81
151.968	152.64	57
152.0	152.256	50
152.256	152.608	55
152.608	153.184	76
152.608	153.184	79
152.608	153.184	81
152.608	153.216	50
152.896	153.184	55
153.152	153.728	78
153.184	153.504	76
153.184	153.728	57
153.184	153.728	81
153.472	153.728	79
153.472	153.728	85
153.472	153.824	61
153.728	154.368	57
153.728	154.4	69
153.728	154.4	73
153.728	154.4	76
153.728	154.88	81
154.048	154.4	55
154.368	155.072	74
154.368	155.136	50
154.368	155.168	57
154.368	155.264	54
154.368	155.584	62
154.528	154.656	86
154.592	154.624	87
154.656	154.848	86
154.752	154.816	87
154.848	155.008	86
154.912	155.008	87
155.008	155.136	86
155.136	155.264	50
155.136	155.264	86
155.264	155.424	86
155.264	155.776	50
155.392	155.424	87
155.424	155.584	86
155.488	155.616	87
155.584	155.744	86
155.584	156.8	38
155.744	155.872	86
155.776	156.192	50
155.872	156.032	86
155.968	156.032	87
156.032	156.192	86
156.128	156.224	87
156.192	156.352	86
156.192	156.896	50
156.352	156.448	86
156.416	156.512	87
156.448	156.608	86
156.608	156.736	86
156.736	156.896	86
156.8	156.928	87
156.896	157.024	86
156.896	157.6	50
157.024	157.184	86
157.088	157.376	87
157.184	157.472	86
157.344	157.888	58
157.344	157.888	62
157.344	157.92	55
157.472	157.6	86
157.536	157.664	87
157.6	157.76	86
157.664	157.824	87
157.76	158.048	86
157.824	157.92	87
157.888	158.912	74
157.888	158.944	54
157.888	159.04	57
157.888	159.072	62
158.048	158.144	86
158.144	158.304	86
158.208	158.336	87
158.304	158.432	86
158.368	158.464	87
158.432	158.56	86
158.56	158.688	86
158.688	158.848	86
158.848	158.976	86
158.912	159.008	87
158.976	159.168	86
159.008	159.808	38
159.168	159.264	86
159.264	159.424	86
159.36	159.392	87
159.424	159.616	86
159.488	159.616	87
159.584	160.352	50
159.616	159.744	86
159.744	159.872	86
159.872	160.032	86
159.968	160.128	87
160.032	160.192	86
160.128	160.256	87
160.192	160.352	86
160.256	160.448	87
160.352	160.512	86
160.352	160.864	50
160.448	160.576	87
160.512	160.672	86
160.576	160.768	87
160.672	160.864	86
160.768	161.088	87
160.864	161.056	86
160.864	161.472	62
161.056	161.312	86
161.152	161.344	85
161.248	161.504	46
161.312	162.336	86
161.312	163.904	53
161.408	161.472	56
161.472	161.632	98
161.472	161.664	58
161.472	163.84	62
161.472	163.904	56
163.52	163.584	96
163.616	164.096	91
163.744	163.84	94
163.872	165.056	92
163.968	165.824	88
164.096	164.544	91
164.224	164.48	89
164.32	164.512	85
164.352	164.384	57
164.448	165.28	87
164.576	165.536	86
164.672	164.736	81
164.8	165.056	84
164.928	165.152	82
165.024	165.152	79
165.152	165.472	79
165.152	165.824	82
165.248	165.824	80
165.376	165.792	76
165.472	165.824	79
165.568	165.824	77
165.696	165.824	73
165.792	165.952	75
165.92	166.048	74
166.048	166.24	69
166.208	167.04	72
167.008	167.84	71
167.808	169.44	70
169.632	170.24	70
169.632	170.912	39
169.632	170.976	51
169.824	170.4	75
169.952	170.272	79
170.112	170.304	82
170.272	170.56	79
170.272	170.88	55
170.272	170.944	58
170.272	170.944	63
170.432	170.816	82
170.56	170.944	79
170.752	170.944	75
170.912	171.04	44
170.912	171.52	56
170.912	171.552	72
171.04	171.456	75
171.04	172.192	44
171.2	171.52	80
171.36	171.424	84
171.52	171.68	56
171.52	171.84	80
171.52	172.192	60
171.52	172.768	63
171.68	171.936	84
171.68	172.192	56
171.84	172.224	80
172.0	172.288	75
172.16	172.8	70
172.16	173.312	39
172.16	173.376	51
172.288	173.664	75
172.448	172.768	79
172.608	172.832	82
172.768	173.248	79
172.768	173.408	55
172.768	173.408	63
173.056	173.376	53
173.056	173.408	68
173.216	173.408	80
173.376	173.984	67
173.376	174.144	51
173.536	173.696	70
173.664	174.016	75
173.824	173.984	79
173.952	174.592	53
173.952	174.592	68
174.112	174.592	70
174.272	174.72	75
174.4	174.624	80
174.592	175.648	70
174.592	175.84	39
174.592	176.384	51
174.72	175.648	75
174.88	175.168	79
175.008	175.232	82
175.168	175.488	63
175.168	175.488	79
175.2	175.328	58
175.2	175.808	55
175.328	175.776	82
175.328	175.84	58
175.488	175.648	63
175.488	175.872	79
175.648	175.872	75
175.648	176.256	63
175.808	175.936	44
175.808	176.48	72
175.84	176.416	56
175.936	176.896	44
175.936	176.896	75
176.096	176.416	80
176.256	176.32	84
176.416	176.576	60
176.416	176.736	63
176.416	176.736	80
176.416	177.12	56
176.448	177.088	68
176.576	176.768	84
176.576	177.12	60
176.736	177.152	80
176.736	177.664	63
176.896	177.056	44
176.896	177.216	75
177.056	177.696	70
177.056	178.24	39
177.088	178.272	51
177.216	177.824	75
177.376	177.664	79
177.504	177.76	82
177.664	178.24	79
177.664	178.304	63
177.664	178.368	55
177.824	178.464	75
177.952	178.304	53
177.952	178.304	68
178.112	178.304	80
178.272	178.912	67
178.272	179.04	51
178.432	178.656	70
178.56	178.912	75
178.72	178.912	79
178.88	179.52	53
178.88	179.52	68
179.008	179.488	70
179.168	179.552	75
179.296	179.52	80
179.488	180.416	70
179.488	180.768	39
179.488	180.768	51
179.648	180.416	75
179.808	179.968	79
179.968	180.096	79
179.968	180.256	82
180.096	180.416	79
180.096	180.544	63
180.096	180.768	55
180.096	180.96	58
180.256	180.768	82
180.416	180.768	75
180.416	181.376	79
180.544	180.8	63
180.736	180.896	62
180.736	181.216	38
180.736	182.016	50
180.736	182.016	70
180.896	181.344	62
180.896	181.376	74
181.024	181.344	77
181.184	181.504	82
181.216	181.344	38
181.344	181.632	77
181.344	181.984	38
181.344	181.984	58
181.344	182.016	53
181.504	181.952	82
181.632	182.016	77
181.824	182.112	74
181.984	182.304	36
181.984	182.368	60
181.984	182.528	72
181.984	182.624	48
182.144	182.752	75
182.304	182.592	81
182.432	182.656	84
182.592	182.752	63
182.592	182.88	53
182.592	182.88	81
182.592	183.264	57
182.752	183.168	84
182.752	183.264	63
182.88	183.232	53
182.88	183.264	81
183.04	183.392	75
183.232	183.552	58
183.232	183.808	46
183.232	183.808	74
183.232	183.936	53
183.36	183.616	77
183.52	183.904	82
183.552	183.68	58
183.68	183.872	86
183.68	183.968	58
183.84	184.384	55
183.84	184.512	75
183.84	184.544	60
183.84	184.992	51
184.0	184.32	79
184.16	184.512	84
184.32	184.544	87
184.32	184.672	79
184.48	185.12	53
184.48	185.216	62
184.512	185.152	74
184.512	185.344	58
184.64	184.992	77
184.8	185.12	82
184.96	185.28	86
185.12	185.44	82
185.12	185.76	53
185.12	186.4	41
185.28	186.432	86
185.44	185.856	82
185.6	185.792	58
185.6	186.208	77
185.76	186.24	63
185.76	186.4	53
185.76	186.432	57
185.76	186.976	72
185.92	186.432	75
186.08	186.4	81
186.24	186.496	84
186.24	187.04	63
186.4	186.72	81
186.4	186.912	41
186.4	187.104	53
186.56	187.104	84
186.72	187.136	81
186.912	187.264	75
186.912	188.192	41
187.072	187.36	58
187.072	188.16	70
187.264	187.808	74
187.392	187.968	77
187.552	187.712	82
187.712	188.032	58
187.712	188.416	62
187.712	188.416	82
187.712	188.448	53
187.872	188.384	86
188.032	188.224	58
188.032	188.448	89
188.224	188.48	94
188.224	188.768	58
188.416	188.896	65
188.416	188.928	62
188.416	188.928	70
188.416	188.928	82
189.792	189.888	62
189.888	190.144	58
189.888	190.144	62
189.888	190.56	46
189.888	190.88	65
190.144	190.4	56
190.144	190.4	58
190.144	190.656	62
190.4	190.688	56
190.4	190.688	58
190.4	190.688	77
190.56	190.72	79
190.656	190.944	62
190.688	190.944	77
190.688	191.168	56
190.688	191.2	58
190.784	190.944	76
190.944	191.2	62
190.944	191.456	77
191.168	191.52	56
191.2	191.488	58
191.2	192.096	62
191.488	191.744	58
191.488	191.744	61
191.488	191.744	64
191.488	192.032	79
191.744	192.064	58
191.744	192.16	61
191.744	192.32	64
192.032	192.352	80
192.064	192.288	58
192.064	192.384	46
192.288	192.576	58
192.32	192.608	65
192.32	193.152	64
192.576	192.864	58
192.608	192.864	65
192.736	192.864	80
192.736	192.896	82
192.864	193.12	58
192.864	193.12	65
192.864	193.12	80
192.992	193.408	79
193.12	193.376	58
193.12	193.376	62
193.12	193.376	65
193.12	193.504	80
193.376	193.632	58
193.376	193.664	62
193.376	193.664	65
193.632	193.888	58
193.664	193.92	62
193.664	194.24	65
193.888	194.464	58
193.92	194.24	62
194.176	194.464	63
194.208	194.88	39
194.208	195.04	67
194.208	195.264	51
194.464	194.752	55
194.464	194.752	58
194.464	194.752	63
194.752	195.008	55
194.752	195.008	63
194.752	195.008	79
194.752	195.168	58
194.88	195.104	80
195.008	195.296	55
195.008	195.296	63
195.008	195.296	79
195.168	195.328	78
195.296	195.52	58
195.296	195.552	55
195.296	195.552	63
195.296	195.904	79
195.52	195.872	58
195.552	195.872	55
195.552	195.936	63
195.84	196.096	56
195.84	196.128	65
195.84	196.448	80
195.872	196.096	58
196.096	196.416	58
196.096	196.448	56
196.128	196.48	65
196.416	196.672	58
196.416	196.768	39
196.416	196.96	82
196.416	197.472	51
196.672	196.928	58
196.672	196.928	63
196.672	196.928	67
196.928	197.216	58
196.928	197.216	63
196.928	197.472	67
197.088	197.28	84
197.216	197.44	82
197.216	197.472	58
197.216	197.472	63
197.344	197.536	81
197.472	197.728	58
197.472	197.728	63
197.472	197.728	67
197.504	197.6	82
197.728	198.016	58
197.728	198.016	63
197.728	198.016	67
198.016	198.24	58
198.016	198.24	63
198.016	198.272	67
198.24	198.592	58
198.24	198.592	63
198.272	198.624	67
198.56	198.72	60
198.56	199.008	48
198.56	199.168	87
198.72	199.136	75
198.72	199.168	60
198.848	198.976	79
198.848	199.168	63
198.976	199.2	79
199.104	199.36	58
199.104	199.648	86
199.136	199.488	46
199.264	199.712	74
199.36	199.68	79
199.36	199.808	58
199.392	199.68	62
199.648	199.776	44
199.648	199.808	56
199.648	200.192	84
199.776	200.032	44
199.776	200.032	72
199.904	200.16	56
199.904	200.192	60
199.904	200.224	75
200.032	200.192	44
200.032	200.224	72
200.192	200.32	55
200.192	200.704	82
200.192	200.8	43
200.352	200.608	70
200.48	200.8	55
200.48	200.832	75
200.48	201.28	58
200.608	200.8	70
200.736	201.28	87
200.736	201.344	60
200.768	200.96	48
200.896	201.152	75
201.024	201.152	79
201.024	201.376	63
201.152	201.344	79
201.152	201.376	75
201.312	201.408	56
201.312	201.44	44
201.312	201.792	84
201.44	201.696	72
201.44	201.856	44
201.568	201.888	62
201.568	201.888	77
201.6	201.888	56
201.696	201.888	72
201.856	202.304	82
201.856	202.368	55
201.856	202.4	43
201.984	202.272	70
202.144	202.368	75
202.144	202.432	58
202.144	202.432	63
202.272	202.432	70
202.4	202.72	80
202.4	202.944	56
202.4	202.976	44
202.56	202.816	68
202.688	202.944	65
202.688	203.008	60
202.688	203.008	72
202.816	203.04	68
202.976	203.264	58
202.976	203.36	46
202.976	203.52	79
203.104	203.392	67
203.232	203.584	70
203.264	203.52	58
203.392	203.68	67
203.52	203.808	58
203.52	203.936	63
203.68	203.936	67
203.808	204.096	70
203.808	204.128	58
203.936	204.096	63
203.936	204.128	67
204.064	204.672	77
204.192	204.512	65
204.352	204.672	68
204.512	204.768	65
204.64	204.768	56
204.64	205.216	58
204.64	205.216	62
204.768	205.056	65
204.768	205.376	56
204.896	205.184	68
205.056	205.216	65
205.184	205.6	75
205.184	205.76	63
205.184	206.592	39
205.184	206.656	51
205.344	205.792	67
205.472	206.08	70
205.6	206.112	75
205.76	206.176	63
205.76	206.304	58
205.76	206.336	55
205.76	206.336	79
205.856	206.112	82
205.952	206.4	87
206.048	206.304	91
206.176	206.304	63
206.176	206.336	94
206.304	206.56	58
206.304	206.56	63
206.304	206.592	75
206.304	206.624	99
206.304	206.656	67
206.56	206.656	58
206.56	206.688	63
207.328	207.392	77
207.328	208.16	65
207.36	208.288	70
207.392	207.712	58
207.392	207.968	46
207.392	207.968	77
207.68	207.936	56
207.712	207.936	62
207.712	207.968	58
207.936	208.192	56
207.936	208.192	62
207.968	208.416	77
207.968	208.48	58
208.096	208.192	91
208.192	208.48	56
208.192	208.48	62
208.224	208.256	89
208.352	208.416	88
208.48	208.736	56
208.48	208.736	58
208.48	208.736	62
208.48	209.056	89
208.736	209.024	58
208.736	209.12	62
208.736	209.184	56
209.024	209.28	58
209.024	209.28	61
209.024	209.28	64
209.024	209.28	91
209.28	209.6	58
209.28	209.6	64
209.28	209.856	61
209.568	209.792	92
209.6	209.856	58
209.6	210.144	64
209.6	210.24	46
209.856	210.144	58
209.856	210.144	65
209.856	210.336	61
210.144	210.272	64
210.144	210.4	58
210.144	210.4	65
210.24	210.4	94
210.304	210.528	92
210.4	210.496	58
210.4	210.624	89
210.4	210.688	65
210.496	210.656	58
210.496	210.976	86
210.592	210.752	82
210.656	210.88	58
210.656	211.072	80
210.688	210.912	65
210.88	211.2	58
210.88	211.2	62
210.912	211.2	65
211.2	211.456	58
211.2	211.456	62
211.2	211.456	65
211.456	211.744	58
211.456	211.776	65
211.456	211.808	62
211.712	212.768	75
211.712	212.864	67
211.744	212.288	58
211.744	212.832	51
211.744	212.864	39
211.744	212.864	79
212.032	212.288	55
212.032	212.288	63
212.288	212.448	58
212.288	212.448	63
212.288	212.544	91
212.288	212.576	55
212.448	212.544	58
212.448	212.544	63
212.448	212.736	92
212.544	212.704	63
212.544	212.832	58
212.544	212.832	91
212.576	212.832	55
212.704	212.768	90
212.704	212.832	63
212.832	213.088	58
212.832	213.088	63
212.832	213.12	55
212.832	213.312	91
213.088	213.376	63
213.088	213.632	58
213.12	213.408	55
213.376	213.504	65
213.376	213.568	63
213.376	213.632	56
213.376	213.952	92
213.632	213.984	56
213.632	214.048	58
213.664	213.984	65
213.952	214.048	94
213.952	214.784	39
213.952	216.16	51
214.208	214.496	58
214.208	214.496	63
214.24	215.04	67
214.496	214.592	63
214.496	214.752	58
214.592	214.688	96
214.592	214.752	63
214.656	214.784	94
214.752	214.848	63
214.752	214.976	91
214.752	215.008	58
214.848	214.944	63
214.848	215.2	87
214.944	215.04	63
214.944	215.264	84
215.008	215.264	58
215.04	215.264	63
215.04	215.264	67
215.04	215.296	82
215.264	215.552	58
215.264	215.552	63
215.264	215.552	67
215.552	215.776	63
215.552	215.808	58
215.552	215.808	67
215.776	215.968	63
215.808	216.16	67
215.808	216.192	58
215.968	216.128	63
216.128	216.256	75
216.128	216.416	48
216.128	216.416	60
216.128	216.64	87
216.256	216.512	75
216.384	216.704	63
216.384	216.704	67
216.384	216.736	79
216.416	216.512	60
216.512	216.704	60
216.512	216.704	75
216.672	216.8	46
216.672	216.928	58
216.672	217.12	86
216.8	216.992	74
216.8	217.184	46
216.928	217.056	62
216.928	217.248	67
216.928	217.248	79
216.928	217.28	58
217.056	217.248	62
217.056	217.28	74
217.216	217.344	44
217.216	217.728	84
217.216	217.76	56
217.344	217.6	72
217.344	217.76	44
217.472	217.6	63
217.472	217.76	60
217.472	217.792	67
217.472	217.792	75
217.6	217.792	63
217.6	217.792	72
217.76	218.048	55
217.76	218.176	82
217.76	218.464	43
217.888	218.176	70
218.048	218.336	63
218.048	218.368	55
218.048	218.368	75
218.048	218.912	58
218.176	218.336	70
218.304	218.912	60
218.304	218.912	87
218.336	218.4	48
218.464	218.752	75
218.592	218.912	67
218.592	218.912	79
218.592	218.944	63
218.752	218.912	75
218.88	219.008	56
218.88	219.2	84
218.88	219.424	44
219.008	219.2	72
219.136	219.456	62
219.136	219.456	77
219.168	219.456	56
219.264	219.456	72
219.424	219.712	55
219.424	219.808	82
219.424	220.0	43
219.552	219.84	70
219.712	219.84	63
219.712	220.0	75
219.712	220.032	55
219.712	220.032	58
219.84	220.032	63
219.84	220.032	70
219.968	220.288	80
219.968	220.608	56
220.0	220.128	44
220.128	220.288	68
220.128	220.576	44
220.288	220.384	65
220.288	220.416	68
220.288	220.608	60
220.288	220.608	72
220.416	221.024	68
220.576	220.864	58
220.576	221.12	79
220.704	220.992	67
220.832	221.152	70
220.864	220.992	58
220.992	221.12	58
220.992	221.248	67
221.12	221.248	58
221.12	221.408	55
221.12	221.504	63
221.248	221.408	58
221.248	221.504	67
221.408	221.504	58
221.408	221.696	55
221.408	221.696	70
221.504	221.696	58
221.504	221.696	63
221.504	221.696	67
221.664	222.784	77
221.792	222.08	65
221.952	222.528	68
222.08	222.368	65
222.24	222.848	56
222.24	222.848	62
222.272	222.848	58
222.368	222.656	65
222.528	222.848	68
222.656	222.848	65
222.784	224.0	67
222.816	223.872	39
222.816	224.256	75
223.072	223.968	55
223.232	224.384	58
223.392	223.776	63
223.52	223.776	79
223.648	223.808	78
223.776	224.0	79
223.776	224.416	63
223.936	224.128	51
223.936	224.64	84
223.936	225.088	39
224.128	225.152	51
224.224	225.056	55
224.384	225.12	58
224.512	225.088	63
224.64	225.088	82
224.768	225.12	79
224.928	225.12	75
225.056	226.24	41
225.056	226.24	74
225.344	226.464	56
225.504	226.624	58
225.664	226.24	62
225.792	226.048	70
225.92	226.112	69
226.048	226.912	70
226.176	226.56	72
226.208	227.296	46
226.304	227.296	53
226.464	227.296	56
226.624	227.36	58
226.784	227.36	62
226.912	227.36	70
227.04	227.296	65
227.168	227.36	66
227.328	227.488	51
227.328	228.416	39
227.328	228.48	67
227.488	228.448	51
227.616	228.16	55
227.776	228.48	58
227.904	228.48	63
228.032	228.288	79
228.16	228.448	78
228.288	228.512	79
228.448	228.672	51
228.448	229.184	84
228.448	229.6	39
228.672	229.632	51
228.736	229.312	55
228.896	229.6	58
229.024	229.6	63
229.152	229.568	82
229.28	229.632	79
229.44	229.632	75
229.568	230.272	74
229.568	230.72	41
229.856	230.72	56
230.016	230.912	58
230.176	230.72	62
230.304	230.56	70
230.432	230.624	69
230.56	230.752	70
230.688	231.008	46
230.688	231.328	72
230.848	231.808	53
230.976	231.584	56
231.136	231.808	58
231.296	231.776	62
231.424	231.808	70
231.552	231.808	65
231.68	231.872	66
231.84	232.832	67
231.84	232.896	39
231.84	232.96	51
232.128	232.544	55
232.256	232.896	58
232.416	232.896	63
232.544	232.8	79
232.672	232.864	78
232.8	232.992	79
232.928	233.824	76
232.96	233.664	85
232.96	234.016	51
233.12	233.408	55
233.28	233.92	58
233.408	233.728	60
233.504	233.696	64
233.664	234.112	85
233.792	234.112	84
233.92	234.112	82
234.08	234.24	53
234.08	234.688	80
234.08	234.944	41
234.24	234.816	53
234.368	235.008	56
234.496	234.88	60
234.656	234.944	65
234.784	235.04	84
234.784	235.104	80
234.912	235.104	83
235.04	235.36	84
235.2	235.232	57
235.2	235.36	87
235.2	236.032	50
235.2	236.032	78
235.328	235.904	57
235.488	236.256	60
235.648	236.288	62
235.776	236.256	66
235.904	236.352	87
236.032	236.384	86
236.032	236.416	50
236.192	236.384	84
236.32	236.928	55
236.32	237.344	82
236.32	237.472	43
236.64	237.472	58
236.768	237.376	62
236.896	237.408	67
237.024	237.312	91
237.184	237.344	90
237.312	237.984	91
237.44	237.536	84
237.44	237.792	94
237.44	238.528	44
237.728	238.592	60
237.888	237.952	65
238.016	238.592	68
238.144	238.56	92
238.272	238.464	86
238.432	238.56	89
238.56	238.816	58
238.56	239.136	46
238.56	239.136	89
238.56	239.424	79
238.72	239.424	55
238.816	239.552	58
239.008	239.424	63
239.136	239.584	67
239.264	239.584	87
239.424	239.616	79
239.424	239.68	63
239.552	239.68	84
239.68	239.744	74
239.68	240.704	84
239.68	240.8	46
239.84	240.8	53
239.968	240.768	56
240.128	240.768	58
240.288	240.864	62
240.416	240.768	82
240.544	240.8	80
240.672	240.8	77
240.832	240.992	51
240.832	241.792	39
240.832	241.856	75
240.992	242.016	51
241.12	241.952	55
241.248	241.824	58
241.408	241.984	63
241.536	241.792	79
241.664	241.856	78
241.792	242.272	79
241.952	242.208	58
241.952	242.56	84
241.984	242.144	46
242.08	242.56	82
242.24	242.592	80
242.368	242.688	77
242.528	243.104	56
242.528	243.136	62
242.56	243.136	58
242.656	242.976	75
242.784	243.104	77
242.944	243.168	79
243.104	243.968	39
243.104	244.096	75
243.104	244.256	51
243.36	244.096	55
243.52	244.096	58
243.648	244.0	63
243.776	244.064	79
243.936	244.128	78
244.064	244.256	63
244.064	244.288	79
244.224	244.544	46
244.224	244.832	58
244.224	244.864	84
244.352	244.864	82
244.512	244.832	80
244.64	245.056	77
244.8	245.376	56
244.8	245.408	62
244.832	245.376	58
244.928	245.248	75
245.056	245.312	77
245.184	245.408	79
245.344	245.472	51
245.344	246.048	75
245.344	246.336	39
245.472	247.04	51
245.632	246.464	55
245.792	247.392	58
245.92	246.336	63
246.048	246.496	75
246.176	246.496	77
246.336	246.464	63
246.336	247.04	79
246.464	246.912	63
246.464	246.944	80
246.464	247.008	67
246.592	246.784	82
246.688	246.88	84
246.784	247.04	86
246.912	247.488	87
246.912	247.52	63
247.008	247.296	89
247.008	247.456	70
247.008	247.616	67
247.04	247.52	55
247.104	247.488	91
247.168	247.616	92
247.264	247.52	94
247.36	247.52	96
247.456	247.552	98
247.584	248.256	99
247.584	249.376	79
247.584	249.408	75
249.696	249.92	67
249.92	250.144	67
250.144	250.4	67
250.4	250.816	67
250.4	251.072	55
250.4	251.104	48
250.4	251.104	60
250.4	251.104	63
250.4	251.104	72
251.072	251.296	67
251.072	251.296	71
251.072	251.296	74
251.072	251.52	62
251.072	251.552	55
251.072	251.712	59
251.296	251.52	67
251.296	251.52	71
251.296	251.52	74
251.52	251.744	67
251.52	251.776	62
251.52	251.776	71
251.52	251.808	74
251.744	252.448	67
251.744	252.48	63
251.776	252.48	60
251.776	252.48	72
251.776	252.512	75
252.448	252.576	67
252.448	252.576	71
252.448	252.576	74
252.448	252.96	55
252.448	253.12	59
252.448	253.152	62
252.64	252.864	67
252.64	252.864	74
252.64	252.896	71
252.864	253.152	74
252.864	254.016	67
252.896	253.152	71
253.12	253.856	72
253.12	253.888	60
253.12	253.92	48
253.12	253.92	63
253.152	253.952	55
253.888	254.048	65
253.888	254.112	60
253.888	254.112	68
253.888	254.24	53
253.888	254.496	56
254.112	254.336	60
254.112	254.336	65
254.112	254.336	68
254.336	254.592	60
254.336	254.624	65
254.336	254.656	68
254.592	255.264	48
254.592	255.296	67
254.592	255.328	63
254.592	255.36	55
254.592	255.36	60
255.296	255.52	67
255.52	255.744	67
255.744	256.0	67
256.0	256.704	48
256.0	256.704	67
256.0	256.704	75
256.0	256.736	55
256.0	256.736	60
256.0	256.768	72
256.704	256.928	67
256.704	256.928	75
256.704	256.928	79
256.704	257.024	39
256.704	257.408	51
256.928	257.152	67
256.928	257.152	75
256.928	257.152	79
257.152	257.408	67
257.152	257.408	75
257.152	257.44	79
257.376	258.016	77
257.376	258.08	53
257.376	258.08	68
257.376	258.112	41
257.408	257.888	74
258.08	258.176	42
258.08	258.208	72
258.08	258.304	69
258.08	258.304	75
258.08	258.848	54
258.304	258.528	69
258.304	258.56	72
258.304	258.56	75
258.304	258.752	42
258.528	258.816	69
258.56	258.816	72
258.56	258.816	75
258.784	258.88	55
258.784	259.264	74
258.784	259.52	43
258.784	259.52	67
258.784	259.584	71
259.52	259.744	57
259.52	259.744	62
259.52	259.744	66
259.52	259.744	69
259.52	260.288	50
259.52	260.288	60
259.744	259.968	62
259.744	260.0	66
259.744	260.0	69
259.968	260.256	62
260.0	260.288	66
260.0	260.288	69
260.256	260.96	67
260.256	260.992	55
260.256	260.992	71
260.256	261.024	62
260.256	261.056	59
260.96	261.184	67
261.184	261.408	67
261.408	261.696	67
261.696	262.368	55
261.696	262.368	67
261.696	262.4	48
261.696	262.4	60
261.696	262.4	64
261.696	262.4	72
262.368	262.528	74
262.368	262.592	67
262.368	262.592	71
262.368	262.816	62
262.368	263.04	55
262.4	263.072	59
262.592	262.816	67
262.592	262.816	71
262.592	262.816	74
262.816	263.072	67
262.816	263.104	62
262.816	263.104	71
262.816	263.104	74
263.072	263.744	67
263.072	263.776	64
263.072	263.776	72
263.072	263.776	76
263.104	263.776	60
263.744	263.872	67
263.744	263.872	71
263.744	263.904	74
263.744	264.384	55
263.744	264.48	62
263.968	264.192	67
263.968	264.192	71
263.968	264.192	74
264.192	264.448	67
264.192	264.448	71
264.192	264.48	74
264.448	265.152	60
264.448	265.184	55
264.448	265.184	64
264.448	265.184	67
264.448	265.184	72
264.448	265.472	48
265.152	265.312	65
265.152	265.376	60
265.152	265.376	69
265.152	265.888	57
265.152	265.92	53
265.376	265.632	60
265.376	265.632	65
265.376	265.632	69
265.632	265.92	60
265.632	265.952	65
265.632	265.952	69
265.664	265.76	77
265.888	266.592	64
265.888	266.656	67
265.92	266.688	60
265.92	266.72	55
266.592	266.72	64
266.592	266.72	66
266.592	266.72	76
266.592	267.104	57
266.816	267.072	64
266.816	267.072	66
266.816	267.072	76
267.072	267.328	66
267.072	267.36	64
267.072	267.36	76
267.328	267.712	74
267.328	268.0	59
267.328	268.0	67
267.328	268.032	47
267.328	268.032	62
267.328	269.44	55
268.0	268.224	59
268.0	268.224	64
268.0	268.224	67
268.0	268.736	52
268.224	268.448	64
268.224	268.48	67
268.224	268.736	59
268.448	268.704	64
268.48	268.704	67
268.704	269.44	48
268.704	269.44	64
268.704	269.44	67
268.704	269.44	69
268.704	269.664	57
269.408	269.536	66
269.408	269.568	60
269.408	269.6	71
269.408	270.272	50
269.632	269.888	60
269.632	269.888	66
269.632	269.888	71
269.888	270.176	66
269.888	270.24	60
269.888	270.624	71
270.144	270.848	43
270.144	270.848	62
270.144	270.976	55
270.144	271.136	59
270.144	272.32	67
270.848	271.424	62
270.848	272.384	43
271.584	272.352	50
272.32	272.896	67
272.864	273.792	62
272.864	274.144	68
272.928	273.632	70
273.216	274.336	56
273.504	273.824	58
273.792	274.08	70
273.792	275.488	62
273.824	274.048	58
273.92	274.656	65
274.048	275.2	58
274.08	274.56	70
274.208	275.296	74
274.336	274.88	56
274.336	275.936	77
274.432	275.168	82
274.528	274.944	86
274.624	275.328	89
274.624	276.096	46
274.88	276.064	56
275.2	275.488	58
275.488	275.744	58
275.488	276.352	62
275.744	276.064	58
276.064	276.352	56
276.064	276.352	70
276.064	276.928	58
276.256	277.184	63
276.288	277.344	67
276.352	276.384	34
276.352	277.184	70
276.608	276.704	55
276.928	277.472	58
277.184	277.472	70
277.184	277.6	63
277.344	278.496	67
277.472	278.016	58
277.472	278.08	70
277.6	278.848	63
277.632	279.328	75
277.76	278.048	55
277.76	279.68	79
277.824	278.08	82
277.92	278.784	87
278.016	278.592	58
278.016	278.944	91
278.048	279.968	46
278.304	279.2	55
278.592	279.136	58
278.848	279.456	63
279.136	279.456	58
279.456	279.744	63
279.456	279.776	70
279.456	279.84	55
279.456	280.192	58
279.68	280.608	64
279.68	280.736	67
279.776	280.608	70
280.064	281.056	55
280.32	280.864	58
280.608	280.864	70
280.608	281.408	64
280.736	283.296	67
280.864	281.44	70
280.864	281.696	58
280.992	281.472	76
281.152	281.696	55
281.152	282.752	79
281.248	281.408	82
281.312	282.336	88
281.408	282.272	64
281.408	282.368	91
281.696	281.984	58
281.696	282.592	55
281.984	282.528	58
282.272	282.848	64
282.528	282.848	58
282.848	283.136	58
282.848	283.168	55
282.848	283.168	64
282.848	283.296	70
283.136	283.392	58
283.136	283.424	56
283.136	283.424	80
283.392	283.68	58
283.392	283.68	70
283.68	283.968	58
283.68	284.256	70
283.968	284.256	58
283.968	284.8	64
283.968	284.832	79
283.968	284.896	67
284.256	284.512	58
284.256	284.512	70
284.512	284.8	58
284.512	284.8	70
284.8	285.088	70
284.8	285.664	58
284.8	285.664	68
284.8	285.664	80
285.088	285.344	70
285.344	285.664	70
285.664	285.92	58
285.664	285.92	70
285.664	286.464	64
285.664	286.528	79
285.664	286.592	67
285.92	286.208	58
285.92	286.208	70
286.208	286.496	58
286.208	286.656	70
286.496	286.784	68
286.496	286.816	65
286.496	287.296	80
286.496	287.424	58
286.784	287.36	68
286.784	287.36	70
286.816	286.944	82
287.072	287.392	57
287.072	287.392	69
287.36	287.616	56
287.36	287.616	70
287.36	287.616	82
287.36	288.128	68
287.616	287.904	70
287.616	288.192	82
287.616	288.256	56
287.904	288.192	70
287.904	288.224	55
287.904	288.448	67
287.904	288.832	79
288.192	288.448	70
288.192	288.448	82
288.192	288.48	58
288.192	288.768	65
288.192	289.088	53
288.448	289.024	70
288.448	289.024	82
288.448	289.056	67
288.48	288.928	77
288.736	289.088	63
288.736	289.312	51
288.736	289.344	75
289.024	289.28	50
289.024	289.28	70
289.024	289.312	82
289.024	289.6	62
289.28	289.824	50
289.28	289.856	70
289.312	289.856	51
289.312	289.984	82
289.568	289.888	48
289.568	289.888	60
289.856	290.112	58
289.856	290.112	70
289.856	290.432	46
290.112	290.624	70
290.112	290.656	82
290.112	290.72	58
290.4	290.688	45
290.4	290.912	57
290.4	290.944	69
290.656	290.912	70
290.656	290.912	82
290.656	290.944	44
290.656	291.232	56
290.912	291.2	70
290.912	291.2	82
290.912	291.52	58
290.944	291.232	44
291.2	291.488	70
291.2	291.488	82
291.2	291.52	43
291.2	291.52	55
291.488	291.776	41
291.488	291.776	70
291.488	291.776	82
291.488	292.032	53
291.776	292.064	82
291.776	292.096	41
291.776	292.128	70
292.064	292.384	39
292.064	292.384	82
292.064	292.416	51
292.352	292.64	70
292.352	292.672	50
292.352	293.28	38
292.384	292.64	82
292.64	292.928	70
292.64	292.928	82
292.928	293.248	70
292.928	293.248	82
293.248	293.536	70
293.248	293.536	82
293.536	293.792	70
293.536	293.792	82
293.792	294.08	58
293.792	294.08	70
293.792	294.08	82
294.08	294.176	53
294.08	294.24	77
294.08	294.368	58
294.08	294.368	70
294.08	294.368	82
294.08	294.784	62
294.368	294.656	58
294.368	294.656	70
294.368	294.656	82
294.656	294.944	58
294.656	294.976	70
294.656	294.976	82
294.944	295.04	51
294.944	295.136	83
294.944	295.232	71
295.232	295.488	71
295.232	295.488	83
295.488	295.808	71
295.488	295.808	83
295.808	296.032	54
295.808	296.064	63
295.808	296.064	71
295.808	296.064	83
295.808	296.224	57
295.808	296.288	75
295.808	296.352	66
295.808	296.576	78
295.808	296.64	69
296.064	296.352	63
296.064	296.352	71
296.064	296.352	83
296.352	296.384	32
296.352	296.576	75
296.352	296.672	63
296.352	296.704	66
296.352	296.704	71
296.352	296.736	83
296.64	296.832	72
296.64	296.928	84
296.64	297.216	44
296.64	298.272	32
296.928	297.088	60
296.928	297.152	72
296.928	297.216	84
297.216	297.376	72
297.216	297.472	84
297.216	297.632	44
297.472	297.696	56
297.472	297.76	84
297.472	298.048	66
297.504	297.6	78
297.504	297.696	63
297.504	297.76	75
297.76	297.888	60
297.76	298.048	72
297.76	298.048	84
297.76	298.336	44
298.048	298.336	72
298.048	298.4	66
298.048	298.496	84
298.336	298.592	86
298.336	298.624	74
298.336	299.168	41
298.592	298.88	86
298.624	298.88	74
298.88	299.264	74
298.88	300.064	86
299.168	300.032	56
299.168	300.064	41
299.168	300.096	68
299.168	300.16	62
299.168	302.016	58
299.2	300.032	65
301.824	304.64	41
301.92	302.336	44
302.048	304.608	50
302.112	304.064	53
302.176	302.72	56
302.24	302.528	58
302.336	304.352	62
302.368	302.592	65
302.432	302.816	68
302.528	303.584	70
302.528	304.64	58
302.592	302.848	74
302.656	303.936	77
302.72	304.128	80
302.816	303.744	82
305.216	305.6	70
305.216	305.6	82
305.536	305.888	69
305.536	305.92	81
305.856	306.24	70
305.856	306.24	82
306.208	306.56	71
306.208	306.592	83
306.528	306.944	72
306.528	306.944	84
306.912	308.032	85
306.944	308.0	73
308.0	309.12	86
308.0	309.664	74
309.632	310.464	87
309.632	310.688	39
309.632	310.912	75
309.632	311.232	51
309.92	310.144	79
309.92	310.688	82
310.144	310.4	63
310.144	310.656	79
310.4	310.688	58
310.4	311.2	55
310.4	311.232	63
310.656	310.912	79
310.688	310.944	82
310.688	311.2	58
310.912	311.264	79
310.944	311.232	82
311.2	311.296	74
311.2	311.296	80
311.2	311.488	58
311.2	311.776	86
311.2	312.736	34
311.232	311.264	46
311.488	311.68	58
311.488	311.744	77
311.488	311.744	82
311.744	312.224	77
311.744	312.256	82
312.0	312.48	62
312.0	312.768	53
312.0	312.8	58
312.224	312.48	77
312.256	312.48	82
312.48	312.8	62
312.48	312.832	77
312.48	312.832	82
312.512	312.8	89
312.768	313.184	72
312.768	313.568	53
312.768	314.4	41
312.8	313.184	84
313.024	313.28	81
313.056	313.28	77
313.28	313.6	77
313.28	313.664	81
313.536	314.4	57
313.568	314.4	53
313.568	314.4	60
313.792	314.048	81
313.792	314.08	77
314.048	314.4	81
314.08	314.432	77
314.368	314.816	58
314.368	314.816	74
314.368	314.912	86
314.368	315.808	46
314.624	314.816	89
314.624	314.88	77
314.624	314.88	82
314.88	315.296	77
314.88	315.392	82
315.136	315.648	62
315.136	315.968	53
315.136	316.0	58
315.392	315.648	77
315.392	315.648	82
315.648	315.936	82
315.648	316.0	62
315.648	316.032	77
315.936	316.512	82
315.936	317.504	39
315.968	316.032	70
315.968	317.696	51
316.224	316.48	75
316.224	316.48	79
316.48	316.992	75
316.48	316.992	79
316.736	316.992	58
316.736	317.216	63
316.736	317.472	55
316.992	317.216	58
316.992	317.216	75
316.992	317.216	79
317.216	317.6	58
317.216	317.6	79
317.216	317.632	63
317.216	317.632	75
317.536	317.824	84
317.536	318.304	56
317.536	319.072	72
317.536	319.104	44
317.792	318.048	75
317.792	318.048	80
318.048	318.56	75
318.048	318.56	80
318.304	318.816	63
318.304	319.104	56
318.304	319.136	60
318.56	318.816	75
318.56	318.816	80
318.816	319.168	75
318.816	319.168	80
318.816	319.456	63
319.104	319.68	86
319.104	319.712	74
319.104	319.904	53
319.104	320.672	41
319.392	319.648	77
319.392	319.648	80
319.648	319.936	77
319.648	319.936	80
319.904	320.16	58
319.904	320.672	56
319.904	320.736	62
319.904	320.768	53
320.16	320.416	77
320.16	320.416	80
320.16	320.736	58
320.416	320.736	80
320.416	320.768	77
320.704	321.536	39
320.704	321.664	51
320.736	321.344	87
320.736	322.272	75
320.992	321.248	79
320.992	321.248	82
321.248	322.304	82
321.248	322.72	79
321.536	324.64	39
321.632	321.792	46
321.728	324.704	51
321.824	322.464	55
321.92	322.464	58
322.016	322.976	63
322.112	322.464	67
322.208	322.368	70
322.272	322.624	75
322.368	322.56	70
322.464	324.736	67
322.56	324.128	70
322.624	323.168	75
322.72	324.96	79
322.784	324.576	82
322.88	324.672	87
322.976	324.608	91
322.976	324.64	63
323.072	323.264	94
323.168	324.096	99
323.168	324.672	75
324.672	324.96	60
324.672	324.992	48
324.672	325.216	75
324.672	325.984	87
324.96	325.184	79
324.96	325.184	84
324.96	325.44	60
325.184	325.728	79
325.184	325.728	84
325.216	326.208	75
325.44	325.984	63
325.44	326.112	55
325.44	326.272	60
325.728	325.952	79
325.728	325.952	84
325.952	326.272	79
325.952	326.272	84
325.984	326.304	63
326.24	326.816	87
326.24	327.04	56
326.24	327.488	75
326.24	327.84	44
326.528	326.784	80
326.528	326.784	84
326.784	327.264	80
326.784	327.296	84
327.04	327.264	60
327.04	327.296	56
327.04	327.872	63
327.264	327.52	80
327.264	327.84	60
327.296	327.52	84
327.296	327.84	56
327.52	327.84	80
327.52	327.872	84
327.808	329.44	43
327.84	328.352	82
327.84	328.576	70
327.84	328.608	55
328.096	328.352	75
328.096	328.352	79
328.352	328.864	75
328.352	328.864	79
328.608	328.864	58
328.608	328.864	63
328.608	329.44	55
328.864	329.12	75
328.864	329.12	79
328.864	329.44	63
328.864	329.888	58
329.12	329.44	75
329.12	329.44	79
329.408	330.208	46
329.408	330.752	82
329.408	330.88	70
329.408	330.912	34
329.664	329.92	77
329.92	330.272	77
330.208	330.912	65
330.208	330.976	46
330.208	331.008	53
330.208	331.008	58
330.432	330.688	77
330.688	331.04	77
330.976	331.264	79
330.976	331.296	39
330.976	331.872	67
330.976	332.608	51
331.264	331.52	70
331.264	331.52	75
331.264	332.128	79
331.296	331.52	39
331.52	332.032	70
331.52	332.032	75
331.52	332.608	39
331.776	332.032	58
331.776	332.608	63
331.776	332.64	55
332.032	332.288	58
332.032	332.288	70
332.032	332.288	75
332.288	332.576	70
332.288	332.608	75
332.288	332.64	58
332.576	333.056	82
332.576	333.12	40
332.576	333.152	70
332.576	333.376	52
332.832	333.088	73
332.832	333.088	79
333.088	333.6	73
333.088	333.6	79
333.12	333.6	40
333.344	333.472	61
333.344	333.6	58
333.376	333.6	52
333.6	333.856	73
333.6	333.856	79
333.6	334.176	40
333.6	334.176	52
333.6	334.176	58
333.856	334.208	73
333.856	334.24	79
334.144	334.432	41
334.144	334.912	80
334.144	334.944	53
334.144	334.976	68
334.432	334.688	72
334.432	334.688	77
334.432	335.232	41
334.688	335.072	77
334.688	335.2	72
334.944	335.2	60
334.944	335.392	53
334.944	335.808	56
335.2	335.552	72
335.2	336.032	77
335.2	336.384	60
335.456	336.064	58
335.776	336.48	67
335.776	336.512	48
335.776	336.512	79
335.776	336.576	36
336.032	336.288	72
336.032	336.32	75
336.288	337.248	72
336.32	337.312	75
336.576	339.328	36
336.704	337.28	48
336.768	338.048	51
336.864	338.752	55
336.992	337.504	60
337.056	338.08	63
337.152	337.504	67
337.248	337.408	72
337.312	337.664	75
337.408	338.688	72
337.504	338.912	67
337.504	339.232	60
337.664	339.104	75
337.76	338.464	79
337.856	339.136	84
337.92	339.232	87
337.984	338.208	91
338.048	338.24	96
338.144	338.272	99
338.208	339.232	91
338.24	339.264	96
339.712	340.0	79
339.712	340.544	67
339.712	340.608	48
339.712	340.704	36
340.0	340.224	60
340.0	340.224	72
340.0	340.224	75
340.0	340.704	79
340.224	340.512	60
340.224	340.768	72
340.224	340.768	75
340.48	340.896	55
340.48	340.992	63
340.512	340.768	60
340.768	340.992	60
340.768	340.992	72
340.768	341.088	67
340.768	341.344	75
340.992	341.312	72
340.992	341.344	60
340.992	341.344	63
341.312	341.568	56
341.312	341.6	84
341.312	342.048	72
341.312	342.848	44
341.568	341.824	75
341.568	341.824	80
341.824	342.336	75
341.824	342.336	80
341.856	342.08	56
342.08	342.592	56
342.08	342.88	60
342.08	342.912	63
342.336	342.56	80
342.336	342.88	75
342.56	342.944	80
342.592	342.816	56
342.848	344.384	44
342.88	343.584	72
342.88	343.648	56
342.88	343.648	84
343.136	343.392	74
343.136	343.392	77
343.392	343.712	74
343.392	343.872	77
343.648	343.904	58
343.648	344.16	62
343.648	344.48	56
343.872	344.16	77
343.904	344.48	58
344.16	344.384	74
344.16	344.48	62
344.16	344.48	77
344.448	344.992	82
344.448	345.024	55
344.448	345.92	70
344.448	346.016	43
344.736	344.992	75
344.736	344.992	79
344.992	345.472	79
344.992	345.504	75
345.248	345.504	58
345.248	345.504	63
345.248	346.048	55
345.472	345.728	79
345.504	345.728	63
345.504	345.76	75
345.504	346.048	58
345.728	346.048	63
345.728	346.08	79
345.76	346.048	75
346.016	346.848	86
346.016	347.328	74
346.016	347.616	47
346.304	346.56	77
346.304	346.56	80
346.56	347.072	77
346.56	347.072	80
346.816	347.328	62
346.816	347.52	56
346.816	347.648	53
347.072	347.328	77
347.072	347.328	80
347.328	347.616	62
347.328	347.616	77
347.328	347.744	80
347.584	348.128	75
347.584	348.48	36
347.584	348.672	48
347.584	349.184	87
347.616	347.904	60
347.872	348.128	79
347.872	348.128	84
348.128	348.64	79
348.128	348.64	84
348.128	349.472	75
348.384	348.896	60
348.384	348.896	63
348.384	350.272	55
348.64	348.896	79
348.64	348.896	84
348.896	349.248	60
348.896	349.248	84
348.896	349.312	79
348.896	349.504	63
349.184	349.344	72
349.184	349.472	53
349.184	351.04	41
349.472	349.728	75
349.472	349.728	81
349.472	349.984	53
349.728	350.24	75
349.728	350.24	81
349.984	350.24	53
349.984	350.24	63
349.984	350.848	57
350.24	350.496	53
350.24	350.496	75
350.24	350.496	81
350.24	351.136	63
350.496	350.848	53
350.496	350.848	75
350.496	350.848	81
350.816	351.616	46
350.816	352.032	70
350.816	352.384	82
351.072	351.36	74
351.072	351.36	77
351.36	351.968	74
351.36	352.288	77
351.616	353.6	46
351.712	353.632	53
351.808	352.192	58
351.904	352.576	62
352.0	353.632	65
352.128	352.192	70
352.192	352.544	74
352.192	352.864	70
352.192	353.664	58
352.288	352.448	77
352.384	352.704	82
352.448	352.64	77
352.544	353.632	74
352.576	353.632	62
352.64	353.632	77
352.704	353.632	82
352.8	353.632	86
352.896	353.632	89
353.024	353.696	94
353.984	354.56	48
353.984	354.784	60
353.984	355.328	87
353.984	355.616	75
354.272	354.528	79
354.272	354.528	84
354.528	355.04	79
354.528	355.04	84
354.784	355.52	55
354.784	355.584	60
354.784	355.616	63
355.04	355.296	79
355.04	355.296	84
355.296	355.616	79
355.296	355.616	84
355.584	355.648	74
355.584	355.872	86
355.584	356.352	55
355.584	357.152	43
355.84	356.096	79
355.84	356.096	82
356.096	356.416	82
356.096	356.608	79
356.352	357.152	55
356.352	357.152	58
356.352	357.184	62
356.608	356.864	79
356.608	356.864	82
356.864	357.184	79
356.864	357.184	82
357.152	357.632	84
357.152	357.92	56
357.152	357.952	72
357.152	358.72	44
357.408	357.664	75
357.408	357.664	80
357.664	358.176	75
357.664	358.176	80
357.92	358.656	56
357.92	358.72	60
357.92	358.752	53
358.176	358.432	75
358.176	358.432	80
358.432	358.752	80
358.432	359.008	75
358.72	359.008	79
358.72	359.264	82
358.72	359.296	70
358.72	360.224	39
358.72	360.352	51
359.008	359.264	75
359.008	359.264	79
359.264	359.776	75
359.264	359.776	79
359.52	359.776	58
359.52	360.288	63
359.52	360.352	55
359.776	360.032	75
359.776	360.032	79
359.776	360.704	58
360.032	360.32	75
360.032	360.32	79
360.32	360.864	52
360.32	361.184	67
360.32	361.216	79
360.32	361.92	40
360.576	360.736	70
360.576	360.832	73
360.832	360.992	70
360.832	361.152	73
360.864	361.088	52
361.088	361.344	58
361.088	361.632	61
361.088	361.92	52
361.344	361.568	70
361.344	361.6	73
361.344	361.92	58
361.6	361.92	70
361.6	361.92	73
361.888	362.688	41
361.888	362.72	53
361.888	362.72	68
361.888	362.72	80
362.176	362.4	72
362.176	362.432	77
362.4	362.72	72
362.432	362.752	77
362.656	363.488	43
362.688	362.944	67
362.688	363.456	55
362.688	363.456	79
362.944	363.168	70
362.944	363.168	75
362.944	363.584	67
363.168	363.488	70
363.168	363.52	75
363.488	363.744	70
363.488	363.808	77
363.488	364.0	58
363.488	364.064	46
363.488	364.32	65
363.744	364.0	70
363.744	364.0	75
364.0	364.288	58
364.0	364.288	75
364.0	364.512	70
364.288	364.512	58
364.288	364.512	75
364.288	364.96	63
364.512	364.768	58
364.512	364.768	70
364.512	364.768	75
364.768	365.056	70
364.768	366.464	75
364.768	366.784	58
364.992	365.088	53
365.088	366.688	77
365.088	366.752	68
365.088	367.168	56
365.088	367.296	53
365.088	367.296	62
366.464	366.72	75
366.72	366.976	51
366.72	367.584	67
366.72	367.68	75
366.72	367.808	39
366.752	366.784	70
366.752	367.552	63
366.976	367.264	51
366.976	367.264	58
367.008	367.264	55
367.264	367.552	51
367.264	367.552	55
367.264	367.552	58
367.552	367.68	58
367.552	367.808	51
367.552	367.808	55
367.552	368.064	63
367.68	367.808	58
367.68	368.384	67
367.808	367.936	55
367.808	368.064	51
367.808	368.064	58
367.808	368.288	70
367.936	368.064	55
367.936	369.344	75
368.064	368.352	51
368.064	368.352	55
368.064	368.352	58
368.064	368.576	63
368.064	368.768	79
368.192	368.48	82
368.32	368.704	87
368.352	368.576	51
368.352	368.576	55
368.352	368.576	58
368.576	368.864	51
368.576	368.864	55
368.576	368.864	58
368.576	369.12	63
368.864	369.12	51
368.864	369.12	55
368.864	369.12	58
369.12	369.376	51
369.12	369.376	55
369.12	369.376	58
369.12	369.408	63
369.376	369.664	51
369.376	369.664	55
369.376	369.664	58
369.408	369.664	63
369.664	369.952	63
369.664	369.952	75
369.664	370.208	51
369.664	370.208	58
369.664	370.24	55
369.952	370.208	39
369.952	370.304	49
369.952	370.464	63
369.952	370.528	75
369.984	370.88	67
370.208	370.464	39
370.208	370.496	58
370.208	370.784	51
370.24	370.496	55
370.464	370.72	39
370.464	370.752	63
370.496	370.784	55
370.496	371.552	58
370.496	372.896	49
370.752	371.2	63
370.784	370.816	46
370.784	370.88	39
370.784	371.04	55
370.784	371.552	51
370.88	370.944	39
370.88	371.2	67
371.008	371.584	70
371.04	371.168	55
371.168	371.264	55
371.168	372.096	75
371.264	371.424	79
371.264	371.552	39
371.264	371.552	55
371.296	371.36	46
371.424	371.488	46
371.424	371.84	82
371.424	372.096	79
371.552	371.808	39
371.552	371.808	51
371.552	371.808	55
371.552	371.808	58
371.552	372.0	87
371.808	372.064	51
371.808	372.064	55
371.808	372.064	58
371.808	372.384	39
372.064	372.32	51
372.064	372.32	55
372.064	372.32	58
372.064	372.32	63
372.32	372.576	51
372.32	372.576	55
372.32	372.576	58
372.32	372.8	63
372.576	372.896	51
372.576	372.896	58
372.576	373.184	55
372.864	373.152	63
372.864	373.152	75
372.896	372.992	51
372.896	373.216	58
372.992	373.184	51
373.152	373.44	48
373.152	373.44	56
373.152	373.952	63
373.152	373.984	68
373.152	374.272	75
373.184	373.44	51
373.44	373.696	48
373.44	373.696	51
373.44	373.696	56
373.44	373.696	60
373.696	373.984	56
373.696	373.984	60
373.696	374.08	51
373.696	374.176	48
373.952	374.272	63
373.984	374.08	56
373.984	374.08	68
373.984	374.24	60
374.08	374.24	51
374.08	374.496	56
374.08	376.0	68
374.24	374.368	51
374.24	374.752	60
374.24	374.784	72
374.336	374.752	75
374.368	374.496	51
374.464	376.096	80
374.496	374.624	51
374.496	374.624	56
374.624	374.752	51
374.624	374.752	56
374.624	374.816	84
374.752	375.008	51
374.752	375.008	56
374.752	375.008	60
374.752	375.104	87
374.752	375.232	75
374.752	375.296	48
375.008	375.264	51
375.008	375.264	56
375.008	375.296	60
375.264	375.552	51
375.264	375.552	56
375.296	375.552	60
375.296	375.808	48
375.552	375.808	51
375.552	375.808	56
375.552	375.808	60
375.808	376.096	48
375.808	376.096	51
375.808	376.096	56
375.808	376.096	60
376.096	376.352	60
376.096	376.384	48
376.096	376.384	63
376.096	376.416	51
376.096	376.416	56
376.096	376.416	75
376.384	376.928	44
376.384	377.12	68
376.384	377.248	71
376.384	377.376	77
376.416	376.448	56
376.416	376.544	75
376.64	376.928	51
376.64	376.928	56
376.64	376.928	59
376.928	377.216	32
376.928	377.216	51
376.928	377.312	59
376.928	377.44	56
376.928	377.6	44
377.216	377.28	39
377.216	377.44	51
377.216	377.696	65
377.248	377.44	63
377.312	377.536	71
377.312	377.696	59
377.44	377.696	51
377.44	377.728	75
377.44	377.984	56
377.44	378.08	63
377.568	377.984	77
377.696	377.856	59
377.696	377.984	51
377.696	379.136	83
377.696	379.552	44
377.824	378.016	87
377.856	377.984	59
377.984	378.208	51
377.984	378.208	59
377.984	378.24	56
377.984	378.24	89
377.984	378.56	77
378.208	378.496	51
378.208	378.496	59
378.24	378.496	56
378.496	378.784	51
378.496	378.784	56
378.496	378.784	59
378.496	378.848	63
378.784	378.976	56
378.784	379.04	51
378.784	379.04	59
379.04	379.328	51
379.04	379.328	56
379.04	379.328	59
379.328	379.616	51
379.328	379.616	77
379.328	379.648	56
379.328	379.648	59
379.328	379.648	65
379.616	379.68	70
379.616	379.872	51
379.616	380.16	39
379.616	380.288	75
379.616	380.32	67
379.616	380.352	79
379.872	380.128	51
379.872	380.16	55
379.872	380.16	58
379.872	380.16	63
380.128	380.672	51
380.16	380.416	39
380.16	380.416	55
380.16	380.416	58
380.16	380.416	63
380.416	380.48	70
380.416	380.544	55
380.416	380.672	58
380.416	380.736	39
380.416	380.832	67
380.416	381.216	63
380.544	380.672	55
380.544	380.864	70
380.672	380.8	51
380.672	380.8	58
380.672	380.96	55
380.672	381.216	75
380.8	380.928	79
380.8	381.056	51
380.8	381.504	58
380.928	381.088	79
380.928	381.152	82
380.96	381.088	55
381.056	381.184	51
381.056	381.312	87
381.088	381.216	55
381.088	381.216	79
381.184	382.816	51
381.216	381.472	79
381.216	381.504	63
381.216	381.6	91
381.216	382.272	55
381.312	381.408	46
381.312	381.696	87
381.344	381.472	82
381.472	381.6	79
381.472	381.728	46
381.472	381.728	82
381.504	382.72	58
381.6	381.984	79
381.6	381.984	91
381.728	382.272	39
381.728	382.272	46
381.728	382.272	82
381.856	382.112	87
381.984	382.4	79
381.984	382.592	91
382.112	382.272	70
382.112	382.656	87
382.144	382.272	99
382.272	382.4	46
382.272	382.528	70
382.272	382.528	82
382.272	382.816	39
382.272	383.808	55
382.4	382.528	79
382.4	382.848	46
382.528	382.944	70
382.528	383.616	79
382.528	383.744	82
382.656	383.872	87
382.816	382.976	63
382.816	383.072	39
382.816	383.072	51
382.816	383.808	91
383.072	383.36	39
383.072	383.36	51
383.36	383.616	39
383.36	383.872	51
383.616	383.68	43
383.616	383.904	39
383.616	384.192	46
383.616	384.192	79
383.744	384.16	82
383.872	384.16	51
383.872	385.248	87
383.904	384.16	39
384.0	384.416	91
384.16	384.672	94
384.16	385.248	82
384.16	385.568	39
384.16	385.632	51
384.256	384.544	99
384.416	384.576	103
384.416	384.8	91
384.544	384.928	43
384.544	385.056	99
384.672	384.928	94
384.672	385.248	46
384.8	385.184	91
384.928	385.056	43
384.928	385.312	94
385.056	385.312	99
385.056	385.824	43
385.184	385.312	103
385.184	385.568	91
385.312	385.792	99
385.44	385.696	94
385.568	385.984	91
385.568	386.016	39
385.696	385.888	94
385.856	386.112	99
385.984	386.272	91
386.016	386.048	87
386.016	387.52	39
387.52	387.552	44
387.52	387.584	39
387.52	387.584	67
387.52	387.584	70
387.52	387.584	79
387.52	388.576	75
387.584	387.616	51
387.584	387.648	58
387.584	388.128	70
387.584	388.48	67
387.584	389.12	63
387.584	389.152	79
387.584	389.216	39
389.12	389.216	55
389.12	389.216	58
389.12	389.216	63
389.216	389.856	55
389.216	391.904	63
389.216	393.792	58
389.216	393.888	51
389.216	393.952	39
