0.512	0.672	71
0.64	0.736	69
0.704	0.832	68
0.8	0.96	69
0.928	1.184	57
0.928	1.216	72
1.152	1.248	60
1.152	1.248	64
1.344	1.536	64
1.344	1.6	74
1.344	1.696	60
1.44	1.632	72
1.536	1.696	64
1.536	1.696	71
1.632	1.792	72
1.76	1.952	76
1.76	1.984	57
1.952	2.048	60
1.952	2.048	64
2.144	2.24	64
2.144	2.368	77
2.176	2.304	60
2.272	2.464	76
2.304	2.368	64
2.304	2.528	60
2.368	2.496	75
2.368	2.528	64
2.464	2.592	76
2.56	2.784	83
2.56	2.912	57
2.656	2.88	81
2.784	2.912	60
2.784	2.912	64
2.784	2.912	80
2.88	3.008	81
2.976	3.2	83
2.976	3.36	57
3.072	3.264	81
3.168	3.296	64
3.168	3.328	60
3.168	3.328	80
3.264	3.488	81
3.392	3.616	57
3.392	3.648	84
3.584	3.68	64
3.584	3.712	60
3.808	3.904	60
3.808	3.904	64
3.808	3.936	81
4.0	4.128	64
4.0	4.128	84
4.0	4.16	60
4.224	4.352	52
4.224	4.352	83
4.256	4.352	71
4.448	4.544	59
4.448	4.544	64
4.448	4.544	78
4.448	4.576	81
4.64	4.736	59
4.64	4.736	64
4.64	4.736	76
4.64	4.768	79
4.832	4.928	64
4.832	4.96	59
4.832	4.96	78
4.832	4.96	81
5.056	5.184	52
5.056	5.184	83
5.248	5.376	59
5.248	5.376	78
5.248	5.376	81
5.28	5.344	64
5.472	5.568	59
5.472	5.568	64
5.472	5.568	76
5.472	5.568	79
5.664	5.76	64
5.664	5.792	59
5.664	5.792	78
5.664	5.792	81
5.888	6.016	52
5.888	6.016	83
6.08	6.208	78
6.08	6.208	81
6.08	6.24	59
6.304	6.432	47
6.304	6.432	76
6.304	6.432	79
6.496	6.624	78
6.496	6.656	59
6.496	6.656	75
6.752	7.264	52
6.752	7.264	76
7.232	7.36	71
7.328	7.456	69
7.424	7.552	68
7.52	7.68	69
7.648	7.872	57
7.648	7.936	72
7.84	7.936	60
7.84	7.936	64
8.032	8.192	64
8.032	8.224	60
8.032	8.32	74
8.16	8.32	72
8.224	8.384	64
8.224	8.416	60
8.256	8.384	71
8.32	8.512	72
8.48	8.64	76
8.48	8.672	57
8.672	8.768	60
8.672	8.768	64
8.864	8.928	64
8.864	9.056	60
8.864	9.088	77
8.992	9.088	76
9.056	9.152	64
9.056	9.216	75
9.056	9.248	60
9.152	9.312	76
9.28	9.408	83
9.28	9.6	57
9.376	9.568	81
9.472	9.6	60
9.472	9.6	64
9.472	9.632	80
9.568	9.696	81
9.664	9.76	57
9.664	9.824	83
9.76	9.984	81
9.76	10.112	57
9.888	10.016	60
9.888	10.016	64
9.888	10.048	80
9.984	10.144	81
10.112	10.336	57
10.112	10.368	84
10.304	10.4	60
10.304	10.4	64
10.496	10.592	64
10.496	10.624	60
10.496	10.624	81
10.72	10.816	64
10.72	10.816	84
10.72	10.848	60
10.944	11.008	81
10.944	11.072	52
10.944	11.072	83
11.136	11.264	59
11.136	11.264	78
11.136	11.264	81
11.328	11.424	59
11.328	11.424	64
11.328	11.424	79
11.36	11.424	76
11.52	11.648	59
11.52	11.648	81
11.552	11.616	64
11.552	11.648	78
11.744	11.808	79
11.776	11.904	52
11.776	11.904	83
11.968	12.064	64
11.968	12.064	78
11.968	12.096	59
11.968	12.096	81
12.16	12.256	64
12.16	12.256	76
12.16	12.288	59
12.16	12.288	79
12.352	12.48	59
12.352	12.512	81
12.384	12.48	64
12.384	12.48	78
12.576	12.672	79
12.576	12.704	52
12.576	12.704	83
12.8	12.896	78
12.8	12.928	59
12.8	12.928	81
12.992	13.12	76
12.992	13.12	79
12.992	13.152	47
13.216	13.344	75
13.216	13.344	78
13.216	13.376	59
13.472	13.92	76
13.472	13.952	52
13.92	14.048	72
13.92	14.048	76
14.144	14.24	74
14.144	14.272	77
14.336	14.432	76
14.336	14.464	48
14.336	14.464	79
14.56	14.688	60
14.56	14.688	76
14.56	14.688	79
14.752	14.88	81
14.752	15.136	52
14.88	15.104	79
14.976	15.136	77
14.976	15.168	64
15.104	15.232	76
15.2	15.456	74
15.2	15.584	71
15.2	15.648	55
15.424	15.648	67
15.616	15.744	72
15.648	15.744	76
15.84	15.968	74
15.84	15.968	77
16.064	16.16	76
16.064	16.16	79
16.064	16.192	48
16.256	16.384	60
16.256	16.384	76
16.256	16.384	79
16.48	16.608	81
16.48	16.832	52
16.576	16.736	79
16.672	16.832	77
16.672	16.864	64
16.8	16.928	76
16.896	17.28	74
16.896	17.312	55
16.896	17.376	67
16.896	17.376	71
17.344	17.472	69
17.344	17.472	72
17.536	17.664	74
17.568	17.696	71
17.76	17.856	72
17.76	17.888	76
17.76	17.952	45
17.984	18.112	57
17.984	18.112	72
18.016	18.08	76
18.176	18.272	48
18.176	18.304	77
18.272	18.432	76
18.272	18.592	48
18.4	18.56	74
18.4	18.656	60
18.496	18.656	72
18.624	19.008	68
18.624	19.04	52
18.624	19.04	71
18.848	19.008	64
19.04	19.168	72
19.04	19.2	69
19.264	19.392	71
19.264	19.392	74
19.456	19.552	72
19.456	19.584	76
19.456	19.616	45
19.488	19.552	57
19.68	19.808	72
19.68	19.808	76
19.68	19.84	57
19.872	20.032	77
19.872	20.256	48
20.0	20.256	76
20.096	20.256	74
20.096	20.352	60
20.192	20.352	72
20.32	20.736	71
20.32	20.768	68
20.32	20.8	52
20.736	20.896	71
20.864	20.96	69
20.928	21.056	68
21.024	21.216	69
21.184	21.408	57
21.184	21.408	72
21.376	21.44	64
21.376	21.472	60
21.568	21.76	60
21.568	21.76	64
21.568	21.856	74
21.664	21.792	72
21.76	21.92	64
21.76	21.92	71
21.76	21.952	60
21.856	22.016	72
21.984	22.144	76
21.984	22.208	57
22.176	22.272	60
22.176	22.272	64
22.368	22.464	64
22.368	22.624	77
22.4	22.592	60
22.496	22.624	76
22.592	22.72	64
22.592	22.72	75
22.592	22.784	60
22.688	22.816	76
22.784	23.008	83
22.784	23.2	57
22.912	23.104	81
23.008	23.136	64
23.008	23.136	80
23.008	23.168	60
23.104	23.232	81
23.2	23.328	83
23.2	23.68	57
23.296	23.488	81
23.392	23.552	64
23.392	23.584	60
23.392	23.584	80
23.488	23.68	81
23.648	23.84	53
23.648	23.904	84
23.84	23.968	57
23.84	23.968	63
24.064	24.096	69
24.064	24.16	57
24.064	24.16	63
24.064	24.192	81
24.256	24.416	57
24.256	24.416	63
24.256	24.416	83
24.48	24.608	52
24.48	24.608	84
24.704	24.8	64
24.704	24.832	57
24.704	24.832	83
24.896	25.024	50
24.896	25.024	81
25.088	25.216	53
25.088	25.216	80
25.088	25.248	59
25.28	25.44	48
25.312	25.408	81
25.504	25.632	52
25.504	25.632	57
25.504	25.632	76
25.696	25.824	50
25.696	25.824	77
25.92	26.016	53
25.92	26.048	59
25.92	26.048	74
26.112	26.208	52
26.112	26.336	57
26.112	26.528	72
26.336	26.56	57
26.528	26.752	72
26.752	26.944	72
26.752	26.976	52
26.784	26.912	56
26.848	27.008	69
26.912	27.04	71
27.008	27.488	45
27.008	27.52	69
27.488	27.616	72
27.488	27.616	76
27.68	27.84	74
27.68	27.84	77
27.904	28.0	76
27.904	28.032	79
27.904	28.064	48
28.096	28.256	76
28.096	28.256	79
28.128	28.256	60
28.32	28.448	81
28.32	28.672	52
28.416	28.64	79
28.544	28.704	64
28.544	28.704	77
28.64	28.768	76
28.736	29.216	55
28.768	28.992	74
28.768	29.12	71
28.96	29.216	67
29.184	29.312	72
29.184	29.312	76
29.376	29.504	74
29.376	29.536	77
29.6	29.696	76
29.6	29.728	79
29.6	29.76	48
29.824	29.952	76
29.824	29.952	79
29.824	29.984	60
30.016	30.144	81
30.016	30.4	52
30.112	30.4	79
30.24	30.4	77
30.24	30.432	64
30.368	30.496	76
30.464	30.848	74
30.464	30.88	55
30.464	30.944	67
30.464	30.944	71
30.912	31.008	72
30.912	31.04	69
31.104	31.232	71
31.104	31.232	74
31.328	31.456	45
31.328	31.456	57
31.328	31.456	72
31.328	31.456	76
31.52	31.68	57
31.52	31.68	72
31.552	31.68	76
31.744	31.84	48
31.744	31.904	77
31.84	31.968	76
31.84	32.096	48
31.968	32.128	74
31.968	32.192	60
32.064	32.192	72
32.16	32.576	68
32.16	32.608	52
32.16	32.608	71
32.384	32.576	64
32.608	32.736	69
32.608	32.736	72
32.832	32.928	74
32.832	32.96	71
33.024	33.152	45
33.024	33.152	72
33.024	33.152	76
33.056	33.12	57
33.248	33.376	57
33.248	33.376	72
33.248	33.376	76
33.44	33.632	77
33.44	33.824	48
33.568	33.696	76
33.664	33.824	74
33.664	33.92	60
33.76	33.92	72
33.888	34.304	71
33.888	34.336	52
33.888	34.336	68
34.304	34.464	71
34.432	34.528	69
34.496	34.624	68
34.592	34.752	69
34.72	34.976	57
34.72	34.976	72
34.912	35.008	60
34.912	35.008	64
35.136	35.328	60
35.136	35.328	64
35.136	35.424	74
35.232	35.424	72
35.328	35.424	60
35.328	35.456	64
35.328	35.488	71
35.424	35.584	60
35.424	35.584	72
35.552	35.712	76
35.552	35.776	57
35.744	35.84	60
35.744	35.84	64
35.936	36.032	64
35.936	36.128	60
35.936	36.16	77
36.064	36.16	76
36.128	36.224	60
36.128	36.32	64
36.128	36.32	75
36.224	36.384	60
36.224	36.384	76
36.352	36.512	83
36.352	36.736	57
36.448	36.672	81
36.544	36.704	80
36.576	36.704	60
36.576	36.704	64
36.672	36.8	81
36.768	36.928	83
36.768	37.216	57
36.864	37.056	81
36.96	37.12	60
36.96	37.12	64
36.96	37.12	80
37.056	37.248	81
37.184	37.408	53
37.184	37.44	84
37.408	37.504	57
37.408	37.504	63
37.632	37.696	69
37.632	37.728	57
37.632	37.728	63
37.632	37.728	81
37.824	37.952	83
37.824	37.984	57
37.824	37.984	63
38.048	38.176	52
38.048	38.176	84
38.24	38.368	57
38.24	38.368	64
38.24	38.4	83
38.432	38.56	81
38.432	38.592	50
38.656	38.784	53
38.656	38.784	80
38.656	38.88	59
38.848	38.976	81
38.848	39.008	48
39.072	39.168	52
39.072	39.2	57
39.072	39.2	76
39.264	39.392	77
39.264	39.424	50
39.456	39.584	53
39.456	39.616	59
39.456	39.616	74
39.68	39.808	52
39.68	39.936	57
39.68	40.064	72
39.936	40.096	69
39.936	40.16	57
40.064	40.192	72
40.064	40.224	52
40.192	40.544	72
40.288	40.512	52
40.32	40.416	64
40.32	40.576	56
40.416	40.576	69
40.48	40.608	71
40.576	40.96	69
40.576	41.024	57
40.576	41.056	45
41.024	41.184	69
41.024	41.184	81
41.248	41.376	83
41.248	41.408	71
41.344	41.664	45
41.376	41.472	52
41.376	41.696	49
41.472	41.664	57
41.472	41.664	69
41.472	41.696	52
41.472	41.696	73
41.472	41.696	85
41.664	41.792	57
41.664	41.856	69
41.856	41.984	57
41.856	42.016	69
41.856	42.016	81
42.08	42.208	44
42.08	42.24	83
42.08	42.336	71
42.208	42.464	49
42.272	42.496	57
42.304	42.464	52
42.304	42.464	69
42.304	42.464	85
42.304	42.496	73
42.496	42.624	57
42.496	42.624	83
42.496	42.656	71
42.688	42.848	57
42.688	42.848	81
42.688	42.912	69
42.912	43.072	68
42.912	43.104	80
43.136	43.328	66
43.136	43.36	50
43.136	43.36	62
43.136	43.36	78
43.328	43.456	68
43.328	43.488	80
43.36	43.488	50
43.552	43.68	57
43.552	43.712	63
43.552	43.744	51
43.552	43.776	69
43.552	43.776	81
43.744	43.872	83
43.744	43.904	71
43.744	43.936	51
43.872	44.192	40
43.968	44.192	52
43.968	44.224	80
43.968	44.288	44
43.968	44.288	68
44.192	44.32	40
44.192	44.32	64
44.192	44.352	52
44.192	44.352	76
44.416	44.576	69
44.416	44.576	81
44.608	44.768	71
44.608	44.768	83
44.736	45.056	49
44.768	44.8	52
44.832	45.024	57
44.832	45.024	69
44.832	45.056	52
44.832	45.056	73
44.832	45.056	85
45.024	45.152	57
45.024	45.248	69
45.248	45.376	57
45.248	45.408	69
45.248	45.408	81
45.44	45.6	44
45.44	45.6	71
45.44	45.6	83
45.6	45.856	49
45.664	45.888	52
45.664	45.888	73
45.664	45.888	85
45.664	45.952	57
45.856	46.016	71
45.856	46.016	83
46.048	46.208	57
46.048	46.208	81
46.048	46.24	69
46.272	46.432	68
46.272	46.464	80
46.496	46.72	50
46.496	46.72	66
46.496	46.752	78
46.496	46.848	62
46.72	46.848	50
46.72	46.848	83
46.72	46.88	71
46.816	47.232	40
46.912	47.136	80
46.912	47.168	68
46.944	47.136	52
47.136	47.264	64
47.136	47.296	52
47.136	47.296	76
47.392	47.808	69
47.392	47.808	81
47.392	47.84	45
47.392	47.84	57
47.808	47.968	69
47.808	47.968	81
48.032	48.192	71
48.032	48.192	83
48.192	48.256	52
48.192	48.48	49
48.256	48.448	57
48.256	48.512	52
48.256	48.512	73
48.256	48.512	85
48.256	48.672	69
48.448	48.576	57
48.672	48.832	57
48.672	48.832	69
48.672	48.832	81
48.896	48.96	44
48.896	49.056	71
48.896	49.152	83
49.024	49.28	49
49.088	49.28	52
49.088	49.28	57
49.088	49.28	69
49.088	49.28	85
49.088	49.312	73
49.312	49.44	71
49.312	49.44	83
49.504	49.664	57
49.504	49.664	69
49.504	49.664	81
49.696	49.856	68
49.696	49.92	80
49.92	50.112	66
49.92	50.144	50
49.92	50.176	78
49.92	50.272	62
50.144	50.272	50
50.144	50.272	68
50.144	50.272	80
50.336	50.432	63
50.336	50.528	57
50.336	50.56	51
50.336	50.56	81
50.336	50.592	69
50.56	50.688	83
50.56	50.72	51
50.56	50.72	71
50.688	50.784	40
50.688	51.072	44
50.784	51.008	80
50.784	51.072	68
50.784	51.136	40
50.784	51.136	52
50.816	51.008	47
50.976	51.136	64
50.976	51.136	76
51.2	51.36	69
51.2	51.36	81
51.424	51.584	71
51.424	51.584	83
51.552	51.872	49
51.648	51.84	57
51.648	51.84	69
51.648	51.872	52
51.648	51.904	73
51.648	51.904	85
51.84	51.936	57
51.84	51.968	69
52.032	52.192	57
52.032	52.192	69
52.032	52.192	81
52.256	52.416	71
52.256	52.416	83
52.384	52.64	49
52.48	52.608	52
52.48	52.704	69
52.48	52.704	73
52.48	52.704	85
52.48	52.736	57
52.672	52.8	71
52.672	52.832	83
52.864	53.024	57
52.864	53.024	81
52.864	53.056	69
53.088	53.248	68
53.088	53.28	80
53.088	53.376	57
53.312	53.504	50
53.312	53.536	66
53.312	53.6	62
53.312	53.6	78
53.504	53.632	50
53.504	53.632	83
53.504	53.664	71
53.632	53.984	40
53.728	53.984	47
53.728	53.984	68
53.728	53.984	80
53.76	53.952	52
53.952	54.112	52
53.952	54.112	64
53.952	54.112	76
54.208	54.496	52
54.208	54.496	57
54.208	54.656	45
54.208	54.688	69
54.208	54.688	81
54.656	54.784	85
54.752	54.88	86
54.848	55.008	85
54.976	55.104	83
55.072	55.2	54
55.072	55.2	81
55.2	55.296	83
55.296	55.36	61
55.296	55.424	81
55.392	55.52	80
55.488	55.584	57
55.488	55.584	61
55.488	55.648	78
55.616	55.712	81
55.68	55.744	57
55.68	55.84	61
55.808	55.904	78
55.904	56.032	77
55.904	56.064	56
56.0	56.16	78
56.128	56.256	59
56.128	56.256	80
56.224	56.384	77
56.32	56.416	59
56.352	56.448	61
56.352	56.48	73
56.448	56.576	75
56.544	56.672	77
56.544	56.736	61
56.768	56.864	78
56.768	56.896	54
56.832	56.896	77
56.96	57.056	61
56.96	57.088	78
57.088	57.184	80
57.184	57.248	69
57.184	57.28	57
57.184	57.28	61
57.184	57.28	81
57.28	57.408	80
57.376	57.472	57
57.376	57.472	69
57.376	57.504	61
57.376	57.504	81
57.504	57.632	83
57.6	57.728	53
57.6	57.728	85
57.696	57.824	84
57.792	57.856	61
57.792	57.888	85
57.888	58.016	84
58.016	58.08	61
58.016	58.08	85
58.112	58.208	86
58.208	58.304	56
58.208	58.304	85
58.208	58.368	61
58.336	58.464	83
58.432	58.56	54
58.464	58.56	81
58.528	58.656	83
58.656	58.72	61
58.656	58.752	81
58.752	58.88	80
58.848	58.944	57
58.848	58.944	61
58.848	59.008	78
58.976	59.072	81
59.04	59.2	61
59.04	59.2	80
59.168	59.264	78
59.296	59.424	56
59.296	59.424	76
59.36	59.456	78
59.488	59.616	80
59.584	59.712	76
59.68	59.776	61
59.712	59.84	73
59.808	59.936	75
59.904	60.032	61
59.904	60.032	64
59.904	60.032	76
60.032	60.16	73
60.128	60.256	56
60.128	60.256	75
60.224	60.352	76
60.32	60.416	63
60.32	60.448	78
60.416	60.544	75
60.544	60.64	63
60.544	60.64	66
60.544	60.672	72
60.672	60.768	73
60.736	60.864	75
60.736	60.896	63
60.736	60.896	66
60.864	60.96	72
60.992	61.088	73
60.992	61.408	64
60.992	61.44	61
61.408	61.536	85
61.504	61.632	86
61.632	61.76	85
61.76	61.888	83
61.856	61.952	81
61.856	61.984	54
61.952	62.08	83
62.08	62.144	61
62.08	62.176	81
62.176	62.304	80
62.272	62.336	57
62.272	62.336	61
62.272	62.4	78
62.368	62.528	81
62.464	62.496	80
62.464	62.528	57
62.464	62.624	61
62.592	62.688	78
62.688	62.784	77
62.688	62.848	56
62.784	62.944	78
62.912	63.008	59
62.912	63.008	61
62.912	63.04	80
63.008	63.136	77
63.104	63.2	59
63.104	63.2	61
63.104	63.232	73
63.232	63.328	75
63.296	63.424	77
63.296	63.456	61
63.456	63.52	61
63.456	63.552	73
63.552	63.648	78
63.552	63.68	54
63.648	63.712	77
63.744	63.84	61
63.744	63.84	78
63.872	63.968	80
63.936	64.064	57
63.968	64.0	69
63.968	64.064	61
63.968	64.064	81
64.064	64.192	80
64.16	64.288	57
64.16	64.32	61
64.16	64.32	81
64.192	64.224	69
64.288	64.416	83
64.384	64.512	53
64.384	64.512	85
64.48	64.608	84
64.576	64.672	61
64.576	64.672	85
64.704	64.832	84
64.8	64.864	61
64.8	64.896	85
64.896	64.992	86
64.992	65.088	56
64.992	65.152	61
65.12	65.248	83
65.216	65.344	54
65.248	65.344	81
65.312	65.44	83
65.44	65.504	61
65.44	65.536	81
65.536	65.664	80
65.632	65.728	57
65.632	65.728	61
65.632	65.792	78
65.76	65.856	81
65.824	65.984	61
65.824	65.984	80
65.856	65.888	57
65.952	66.048	78
66.08	66.176	76
66.08	66.208	56
66.144	66.272	78
66.272	66.368	80
66.368	66.496	76
66.432	66.56	61
66.464	66.592	73
66.592	66.72	75
66.656	66.784	76
66.656	66.816	61
66.656	66.816	64
66.816	66.944	73
66.912	66.976	75
66.912	67.04	56
67.008	67.136	76
67.104	67.2	63
67.104	67.232	78
67.2	67.296	75
67.328	67.392	66
67.328	67.424	63
67.328	67.456	72
67.456	67.552	73
67.52	67.648	66
67.52	67.648	75
67.52	67.68	63
67.648	67.744	72
67.776	67.872	73
67.776	67.936	64
67.776	68.192	61
68.192	68.352	76
68.32	68.448	74
68.416	68.544	73
68.512	68.64	71
68.608	68.736	69
68.608	68.768	57
68.736	68.832	71
68.832	68.928	61
68.832	68.96	73
68.928	69.056	74
69.056	69.12	61
69.056	69.184	76
69.152	69.28	78
69.248	69.376	61
69.248	69.376	64
69.248	69.376	80
69.376	69.472	81
69.472	69.568	59
69.472	69.6	81
69.568	69.632	59
69.568	69.664	80
69.664	69.824	78
69.696	69.76	64
69.696	69.792	62
69.792	69.888	76
69.888	69.984	76
69.888	70.016	56
69.984	70.112	74
70.112	70.176	64
70.112	70.24	62
70.112	70.24	73
70.208	70.336	71
70.304	70.432	57
70.304	70.432	69
70.4	70.528	71
70.528	70.56	64
70.528	70.592	61
70.528	70.624	73
70.624	70.72	74
70.72	70.784	61
70.72	70.816	64
70.72	70.816	76
70.816	70.944	78
70.912	71.04	61
70.912	71.04	80
70.912	71.072	64
71.04	71.2	81
71.168	71.392	82
71.168	71.424	52
71.392	71.52	83
71.584	71.648	56
71.584	71.68	62
71.584	71.744	76
71.712	71.808	74
71.808	71.936	62
71.808	71.936	73
71.808	71.968	56
71.936	72.032	71
72.032	72.16	57
72.032	72.16	69
72.128	72.256	71
72.256	72.32	61
72.256	72.384	73
72.352	72.48	74
72.448	72.544	61
72.448	72.576	76
72.576	72.672	78
72.672	72.768	61
72.672	72.8	64
72.672	72.8	80
72.768	72.832	81
72.896	73.024	81
72.896	73.056	59
72.992	73.056	80
73.088	73.152	64
73.088	73.216	62
73.088	73.216	78
73.184	73.28	76
73.312	73.408	76
73.312	73.44	56
73.408	73.536	74
73.504	73.6	73
73.536	73.6	64
73.632	73.728	71
73.728	73.824	73
73.728	73.856	57
73.824	73.952	76
73.92	74.048	54
73.92	74.048	69
74.016	74.144	73
74.112	74.24	71
74.112	74.272	50
74.24	74.336	74
74.336	74.464	52
74.336	74.464	68
74.432	74.56	71
74.56	74.656	57
74.56	74.784	69
74.56	74.848	45
74.784	74.912	57
74.784	74.912	69
74.976	75.104	85
75.072	75.2	86
75.2	75.296	85
75.296	75.424	83
75.424	75.52	52
75.424	75.52	81
75.52	75.648	83
75.616	75.712	61
75.616	75.744	81
75.744	75.872	80
75.84	75.904	61
75.84	75.936	57
75.84	75.968	78
75.936	76.064	81
76.032	76.128	57
76.032	76.16	80
76.032	76.192	61
76.16	76.256	78
76.256	76.384	56
76.256	76.384	77
76.352	76.48	78
76.448	76.576	59
76.448	76.576	80
76.48	76.576	61
76.544	76.736	77
76.672	76.768	59
76.672	76.8	61
76.704	76.8	73
76.8	76.896	75
76.864	77.024	61
76.864	77.024	77
77.024	77.088	73
77.088	77.184	78
77.088	77.248	54
77.184	77.28	77
77.312	77.408	61
77.312	77.44	78
77.408	77.536	80
77.504	77.632	57
77.536	77.632	61
77.536	77.632	69
77.536	77.632	81
77.632	77.728	80
77.728	77.824	57
77.728	77.856	61
77.728	77.856	69
77.728	77.856	81
77.856	77.984	83
77.952	78.08	49
78.048	78.176	84
78.144	78.24	61
78.144	78.24	85
78.144	78.272	56
78.176	78.208	73
78.24	78.4	84
78.368	78.4	52
78.368	78.432	61
78.368	78.464	85
78.368	78.496	55
78.464	78.56	86
78.56	78.688	61
78.56	78.688	85
78.56	78.72	54
78.656	78.752	82
78.784	78.816	59
78.784	78.88	47
78.784	78.88	86
78.88	78.944	47
78.88	78.944	85
78.976	79.072	86
78.976	79.104	54
79.008	79.104	59
79.104	79.2	85
79.2	79.296	42
79.2	79.296	54
79.2	79.296	86
79.232	79.296	59
79.296	79.424	85
79.392	79.488	86
79.392	79.52	54
79.392	79.552	59
79.52	79.648	85
79.616	79.712	47
79.616	79.712	86
79.616	79.744	59
79.712	79.808	47
79.712	79.808	85
79.84	79.936	56
79.84	79.968	83
79.936	80.064	81
80.032	80.16	56
80.032	80.16	80
80.16	80.288	81
80.256	80.384	59
80.256	80.384	83
80.256	80.416	56
80.352	80.48	80
80.448	80.608	49
80.448	80.608	81
80.576	80.704	83
80.672	80.768	85
80.672	80.8	54
80.672	80.832	57
80.768	80.928	81
80.896	80.96	77
80.896	81.024	49
80.992	81.12	78
81.088	81.248	80
81.088	81.28	56
81.088	81.28	59
81.184	81.28	77
81.344	81.76	78
81.344	81.792	54
81.344	81.792	57
81.76	81.92	76
81.888	82.016	74
81.984	82.112	73
82.08	82.208	71
82.208	82.336	57
82.208	82.336	69
82.304	82.432	71
82.432	82.528	61
82.432	82.56	73
82.528	82.656	74
82.624	82.72	61
82.624	82.752	76
82.72	82.848	78
82.848	82.944	61
82.848	82.944	64
82.848	82.976	80
82.944	83.04	81
83.04	83.168	59
83.04	83.168	81
83.136	83.264	80
83.168	83.232	59
83.264	83.392	62
83.264	83.392	78
83.296	83.328	64
83.36	83.456	76
83.488	83.584	76
83.488	83.616	56
83.584	83.712	74
83.68	83.776	64
83.68	83.808	73
83.808	83.904	71
83.904	84.032	69
83.904	84.064	57
83.968	84.096	71
84.096	84.16	61
84.096	84.16	64
84.096	84.224	73
84.192	84.32	74
84.288	84.384	61
84.288	84.384	64
84.288	84.384	76
84.416	84.512	78
84.512	84.608	61
84.512	84.64	64
84.512	84.64	80
84.64	84.768	81
84.768	84.992	82
84.768	85.024	52
84.992	85.12	83
85.184	85.28	56
85.184	85.28	62
85.184	85.312	76
85.312	85.408	74
85.408	85.536	56
85.408	85.536	62
85.408	85.536	73
85.536	85.632	71
85.632	85.76	57
85.632	85.76	69
85.728	85.856	71
85.856	85.92	61
85.856	85.984	73
85.952	86.048	74
86.048	86.112	61
86.048	86.176	76
86.144	86.272	78
86.272	86.368	61
86.272	86.368	64
86.272	86.4	80
86.368	86.464	81
86.464	86.592	59
86.464	86.592	81
86.56	86.688	80
86.592	86.656	59
86.688	86.784	64
86.688	86.816	62
86.688	86.816	78
86.784	86.88	76
86.88	87.04	56
86.912	87.008	76
87.008	87.136	74
87.104	87.2	64
87.104	87.2	73
87.136	87.232	62
87.2	87.328	71
87.296	87.552	57
87.328	87.424	73
87.424	87.552	76
87.52	87.648	54
87.52	87.648	69
87.616	87.744	73
87.712	87.84	71
87.712	87.872	50
87.84	87.936	74
87.936	88.064	52
87.936	88.064	68
88.032	88.192	71
88.16	88.256	57
88.16	88.416	69
88.16	88.448	45
88.384	88.48	57
88.416	88.512	69
88.576	88.704	85
88.704	88.8	86
88.8	88.928	85
88.928	89.024	83
89.024	89.12	52
89.024	89.12	81
89.12	89.248	83
89.216	89.312	61
89.216	89.344	81
89.344	89.472	80
89.44	89.504	61
89.44	89.568	78
89.536	89.664	81
89.632	89.696	80
89.632	89.792	61
89.664	89.696	57
89.76	89.856	78
89.856	89.984	77
89.856	90.016	56
89.952	90.112	78
90.08	90.112	59
90.08	90.176	61
90.08	90.208	80
90.176	90.304	77
90.272	90.368	61
90.272	90.4	59
90.272	90.4	73
90.4	90.528	75
90.464	90.592	77
90.496	90.656	61
90.624	90.72	73
90.688	90.848	54
90.72	90.816	78
90.784	90.88	77
90.912	91.008	61
90.912	91.04	78
91.04	91.136	80
91.136	91.232	57
91.136	91.232	61
91.136	91.232	69
91.136	91.232	81
91.232	91.328	80
91.328	91.424	57
91.328	91.456	61
91.328	91.456	69
91.328	91.456	81
91.456	91.584	83
91.552	91.68	49
91.648	91.776	84
91.744	91.84	61
91.744	91.84	85
91.776	91.808	73
91.84	91.936	84
91.968	92.064	61
91.968	92.064	85
91.968	92.096	55
92.064	92.192	86
92.16	92.288	85
92.16	92.32	54
92.16	92.32	61
92.288	92.384	82
92.384	92.48	86
92.384	92.512	59
92.384	92.544	47
92.48	92.576	85
92.608	92.704	42
92.608	92.704	54
92.608	92.704	86
92.704	92.8	85
92.8	92.896	42
92.8	92.896	54
92.8	92.896	86
92.832	92.896	59
92.896	92.992	85
92.992	93.12	86
92.992	93.152	54
92.992	93.184	59
93.12	93.248	85
93.216	93.344	47
93.216	93.344	59
93.216	93.344	86
93.344	93.408	47
93.344	93.408	85
93.44	93.536	56
93.44	93.568	83
93.472	93.536	59
93.568	93.664	81
93.664	93.792	56
93.664	93.792	80
93.76	93.888	81
93.856	93.984	83
93.856	94.016	56
93.856	94.016	59
93.952	94.08	80
94.08	94.208	81
94.08	94.24	49
94.176	94.304	83
94.304	94.4	85
94.304	94.432	54
94.304	94.432	57
94.4	94.528	81
94.496	94.624	77
94.496	94.656	49
94.624	94.752	78
94.72	94.848	80
94.72	94.912	59
94.72	94.944	56
94.816	94.912	77
94.944	95.456	57
94.944	95.456	78
94.976	95.456	54
95.424	95.584	81
95.424	95.616	69
95.648	95.808	71
95.648	95.808	83
95.776	95.872	45
95.776	96.096	49
95.808	95.872	52
95.872	96.064	57
95.872	96.096	52
95.872	96.128	45
95.872	96.128	69
95.872	96.128	73
95.872	96.128	85
96.064	96.16	57
96.288	96.416	57
96.288	96.448	69
96.288	96.448	81
96.48	96.672	71
96.48	96.672	83
96.512	96.608	44
96.608	96.896	49
96.704	96.928	52
96.704	96.928	73
96.704	96.928	85
96.704	97.024	57
96.896	97.056	71
96.896	97.056	83
97.12	97.248	57
97.12	97.28	69
97.12	97.28	81
97.312	97.504	68
97.312	97.504	80
97.536	97.76	66
97.536	97.792	62
97.536	97.792	78
97.536	97.888	50
97.76	97.888	68
97.76	97.888	80
97.952	98.176	51
97.952	98.176	57
97.952	98.208	69
97.952	98.208	81
98.176	98.304	83
98.176	98.368	51
98.176	98.368	71
98.304	98.432	40
98.4	98.624	80
98.4	98.688	44
98.4	98.72	47
98.4	98.72	68
98.432	98.752	40
98.592	98.752	64
98.624	98.784	52
98.624	98.784	76
98.816	98.976	69
98.816	98.976	81
99.04	99.2	71
99.04	99.2	83
99.168	99.52	49
99.2	99.264	52
99.264	99.456	57
99.264	99.456	69
99.264	99.488	52
99.264	99.488	85
99.264	99.52	73
99.456	99.552	57
99.456	99.68	69
99.68	99.808	57
99.68	99.808	81
99.68	99.84	69
99.872	100.032	83
99.872	100.128	71
100.0	100.256	49
100.096	100.256	52
100.096	100.288	73
100.096	100.288	85
100.096	100.352	69
100.096	100.384	57
100.288	100.448	71
100.288	100.448	83
100.48	100.64	57
100.48	100.64	81
100.48	100.672	69
100.704	100.864	68
100.704	100.896	80
100.928	101.12	50
100.928	101.12	66
100.928	101.152	78
100.928	101.28	62
101.12	101.248	50
101.12	101.248	83
101.12	101.28	71
101.248	101.6	40
101.344	101.568	52
101.344	101.568	76
101.344	101.568	80
101.344	101.6	44
101.344	101.6	68
101.568	101.728	52
101.568	101.728	64
101.568	101.728	76
101.792	102.24	69
101.792	102.24	81
101.792	102.272	45
101.792	102.272	57
102.24	102.4	69
102.24	102.4	81
102.464	102.624	71
102.464	102.624	83
102.592	102.912	45
102.592	102.912	49
102.624	102.688	52
102.688	102.88	57
102.688	102.912	52
102.688	102.912	73
102.688	102.944	85
102.688	103.104	69
102.88	102.976	57
103.104	103.232	57
103.104	103.232	69
103.104	103.264	81
103.296	103.456	83
103.296	103.488	71
103.456	103.712	49
103.52	103.744	52
103.52	103.744	73
103.52	103.744	85
103.52	103.776	69
103.52	103.808	57
103.712	103.872	83
103.744	103.872	71
103.936	104.064	57
103.936	104.096	69
103.936	104.096	81
104.128	104.32	68
104.128	104.352	80
104.352	104.544	66
104.352	104.576	50
104.352	104.576	62
104.352	104.576	78
104.544	104.704	68
104.544	104.704	80
104.576	104.704	50
104.768	104.8	57
104.768	104.832	63
104.768	104.992	51
104.768	105.024	45
104.768	105.024	69
104.768	105.024	81
104.992	105.12	83
104.992	105.152	51
104.992	105.152	71
105.088	105.568	40
105.216	105.44	52
105.216	105.44	80
105.216	105.504	44
105.216	105.504	47
105.216	105.504	68
105.408	105.568	64
105.44	105.568	52
105.44	105.568	76
105.632	105.792	69
105.632	105.792	81
105.856	106.016	71
105.856	106.016	83
105.984	106.304	49
106.016	106.08	52
106.08	106.272	57
106.08	106.272	69
106.08	106.304	52
106.08	106.304	85
106.08	106.336	73
106.272	106.368	57
106.272	106.4	69
106.496	106.624	57
106.496	106.624	69
106.496	106.624	81
106.688	106.88	71
106.688	106.88	83
106.816	107.072	49
106.912	107.04	69
106.912	107.072	52
106.912	107.136	73
106.912	107.136	85
106.912	107.2	57
107.104	107.264	83
107.136	107.232	71
107.296	107.488	57
107.296	107.488	69
107.296	107.488	81
107.52	107.68	68
107.52	107.712	80
107.744	107.968	66
107.744	108.032	62
107.744	108.064	50
107.744	108.096	78
107.968	108.064	83
107.968	108.128	71
108.064	108.352	40
108.192	108.416	52
108.192	108.416	76
108.192	108.416	80
108.192	108.448	68
108.416	108.544	52
108.416	108.544	64
108.416	108.544	76
108.64	108.96	52
108.64	109.248	45
108.64	109.248	69
108.64	109.28	81
109.248	109.376	71
109.344	109.472	69
109.44	109.568	68
109.504	109.664	69
109.632	109.888	57
109.632	109.888	72
109.856	109.952	60
109.856	109.952	64
110.048	110.176	64
110.048	110.304	74
110.048	110.336	60
110.144	110.336	72
110.24	110.4	71
110.24	110.432	64
110.336	110.432	60
110.336	110.528	72
110.464	110.688	57
110.464	110.688	76
110.688	110.784	60
110.688	110.784	64
110.88	110.944	64
110.88	111.072	60
110.88	111.104	77
110.976	111.168	76
111.072	111.232	60
111.072	111.232	75
111.072	111.296	64
111.168	111.328	76
111.296	111.392	57
111.296	111.424	83
111.392	111.584	81
111.392	111.616	57
111.488	111.616	60
111.488	111.616	64
111.488	111.648	80
111.584	111.712	81
111.68	111.776	57
111.68	111.84	83
111.776	111.968	81
111.776	112.032	57
111.872	112.032	60
111.872	112.032	64
111.872	112.064	80
111.968	112.128	81
112.096	112.32	57
112.096	112.384	84
112.32	112.384	64
112.32	112.416	60
112.512	112.608	60
112.512	112.608	64
112.512	112.64	81
112.704	112.832	64
112.704	112.832	84
112.704	112.864	60
112.928	112.96	79
112.928	113.088	52
112.928	113.088	83
112.96	113.056	71
113.152	113.248	64
113.152	113.248	78
113.152	113.28	59
113.152	113.28	81
113.344	113.44	59
113.344	113.44	64
113.344	113.472	79
113.376	113.44	76
113.536	113.6	52
113.536	113.664	59
113.536	113.664	78
113.536	113.664	81
113.76	113.888	52
113.792	113.888	83
113.984	114.08	59
113.984	114.08	64
113.984	114.08	78
113.984	114.112	81
114.176	114.272	59
114.176	114.272	64
114.176	114.272	76
114.176	114.304	79
114.368	114.464	64
114.368	114.496	59
114.368	114.496	78
114.368	114.496	81
114.592	114.72	52
114.592	114.72	83
114.784	114.944	59
114.784	114.944	81
114.816	114.912	78
115.008	115.136	47
115.008	115.136	76
115.008	115.136	79
115.2	115.328	78
115.2	115.36	75
115.2	115.392	59
115.456	115.968	52
115.456	115.968	76
115.936	116.064	71
116.032	116.16	69
116.128	116.256	68
116.224	116.384	69
116.352	116.608	57
116.352	116.608	72
116.576	116.672	60
116.576	116.672	64
116.768	116.896	64
116.768	117.056	60
116.768	117.056	74
116.864	117.056	72
116.96	117.12	64
116.96	117.12	71
117.056	117.216	60
117.056	117.28	72
117.184	117.344	76
117.184	117.376	57
117.376	117.472	60
117.376	117.472	64
117.568	117.632	64
117.568	117.76	60
117.568	117.792	77
117.696	117.792	76
117.76	117.92	64
117.76	117.92	75
117.76	117.952	60
117.888	118.016	76
117.984	118.144	83
117.984	118.336	57
118.08	118.304	81
118.176	118.336	80
118.208	118.24	60
118.208	118.336	64
118.304	118.432	81
118.4	118.56	83
118.4	118.816	57
118.464	118.688	81
118.592	118.72	64
118.592	118.752	60
118.592	118.752	80
118.688	118.848	81
118.816	119.04	57
118.816	119.072	84
119.008	119.104	60
119.008	119.104	64
119.232	119.328	60
119.232	119.328	64
119.232	119.328	81
119.424	119.52	64
119.424	119.52	84
119.424	119.552	60
119.648	119.776	52
119.648	119.776	71
119.648	119.776	83
119.84	119.968	59
119.84	119.968	78
119.84	119.968	81
119.872	119.904	64
120.032	120.16	59
120.064	120.128	64
120.064	120.192	79
120.256	120.352	64
120.256	120.352	78
120.256	120.352	81
120.256	120.384	59
120.416	120.512	79
120.48	120.576	64
120.48	120.608	52
120.48	120.608	83
120.672	120.768	64
120.672	120.8	59
120.672	120.8	78
120.672	120.8	81
120.864	120.96	64
120.864	120.992	59
120.864	120.992	79
121.088	121.184	64
121.088	121.216	59
121.088	121.216	78
121.088	121.216	81
121.248	121.376	79
121.312	121.408	52
121.312	121.408	83
121.504	121.6	78
121.504	121.632	59
121.504	121.632	81
121.696	121.824	76
121.696	121.856	47
121.696	121.856	79
121.92	122.048	75
121.92	122.048	78
121.92	122.112	59
122.176	122.624	76
122.176	122.656	52
122.624	122.752	72
122.624	122.752	76
122.848	122.976	74
122.848	122.976	77
123.04	123.136	76
123.04	123.168	79
123.04	123.2	48
123.264	123.392	60
123.264	123.392	76
123.264	123.392	79
123.488	123.616	81
123.488	123.84	52
123.584	123.776	79
123.68	123.84	77
123.68	123.872	64
123.808	123.936	76
123.904	124.096	74
123.904	124.16	71
123.904	124.352	55
124.128	124.384	67
124.352	124.448	72
124.352	124.448	76
124.544	124.672	74
124.544	124.672	77
124.768	124.864	76
124.768	124.864	79
124.768	124.896	48
124.96	125.12	60
124.96	125.12	76
124.96	125.12	79
125.184	125.312	81
125.184	125.536	52
125.28	125.44	79
125.408	125.536	77
125.408	125.568	64
125.504	125.632	76
125.6	126.016	55
125.6	126.016	74
125.6	126.08	67
125.6	126.08	71
126.048	126.176	69
126.048	126.176	72
126.272	126.4	71
126.272	126.4	74
126.464	126.592	72
126.464	126.624	45
126.496	126.56	57
126.496	126.592	76
126.688	126.816	72
126.688	126.848	57
126.72	126.816	76
126.88	127.04	77
126.88	127.296	48
127.008	127.136	76
127.104	127.264	74
127.104	127.36	60
127.232	127.36	72
127.328	127.744	68
127.328	127.744	71
127.328	127.776	52
127.552	127.744	64
127.776	127.904	69
127.776	127.904	72
127.968	128.096	71
127.968	128.096	74
128.192	128.288	57
128.192	128.288	72
128.192	128.32	45
128.192	128.32	76
128.384	128.512	72
128.384	128.544	57
128.416	128.512	76
128.608	128.704	48
128.608	128.736	77
128.704	128.96	48
128.704	128.96	76
128.8	128.96	74
128.8	129.056	60
128.928	129.056	72
129.024	129.504	71
129.024	129.536	52
129.024	129.536	68
129.504	129.6	71
129.568	129.664	69
129.664	129.792	68
129.76	129.92	69
129.888	130.112	57
129.888	130.112	72
130.08	130.144	64
130.08	130.176	60
130.272	130.464	60
130.272	130.464	64
130.272	130.56	74
130.4	130.496	72
130.464	130.56	60
130.464	130.624	71
130.464	130.656	64
130.496	130.592	55
130.56	130.752	60
130.592	130.752	72
130.72	130.912	57
130.72	130.912	76
130.88	130.976	64
130.912	131.008	60
131.104	131.232	64
131.104	131.328	77
131.2	131.392	76
131.296	131.456	75
131.296	131.52	60
131.296	131.52	64
131.392	131.552	76
131.52	131.648	83
131.52	131.872	57
131.616	131.808	81
131.712	131.84	64
131.712	131.872	80
131.712	131.904	60
131.808	131.936	81
131.904	132.032	83
131.904	132.32	57
132.0	132.224	81
132.128	132.256	64
132.128	132.288	60
132.128	132.288	80
132.224	132.512	81
132.352	132.544	53
132.352	132.608	84
132.544	132.672	57
132.544	132.672	63
132.768	132.864	69
132.768	132.896	57
132.768	132.896	63
132.768	132.896	81
132.96	133.12	57
132.96	133.12	63
132.992	133.12	83
133.184	133.312	52
133.184	133.312	84
133.408	133.504	64
133.408	133.536	57
133.408	133.536	83
133.6	133.728	50
133.6	133.728	81
133.792	133.92	53
133.792	133.92	80
133.792	133.952	59
134.016	134.144	81
134.016	134.176	48
134.24	134.336	52
134.24	134.368	57
134.24	134.368	76
134.4	134.56	50
134.432	134.56	77
134.624	134.752	53
134.624	134.752	74
134.624	134.784	59
134.848	135.008	52
134.848	135.104	57
134.848	135.264	72
135.104	135.328	57
135.264	135.36	72
135.36	135.488	72
135.488	135.68	52
135.488	135.68	72
135.584	135.712	69
135.712	136.192	45
135.712	136.224	69
136.192	136.352	72
136.224	136.352	76
136.416	136.576	74
136.416	136.576	77
136.64	136.736	76
136.64	136.768	79
136.64	136.8	48
136.832	136.96	76
136.832	136.992	60
136.832	136.992	79
137.056	137.184	81
137.056	137.408	52
137.152	137.344	79
137.248	137.44	64
137.248	137.44	77
137.376	137.504	76
137.472	137.728	74
137.472	137.856	71
137.472	137.952	55
137.696	137.952	67
137.92	138.048	72
137.92	138.048	76
138.112	138.24	74
138.112	138.272	77
138.336	138.432	76
138.336	138.464	48
138.336	138.464	79
138.528	138.688	60
138.528	138.688	76
138.528	138.688	79
138.752	138.88	81
138.752	139.136	52
138.848	139.104	79
138.976	139.136	77
138.976	139.168	64
139.072	139.232	76
139.2	139.616	55
139.2	139.616	74
139.2	139.648	67
139.2	139.648	71
139.616	139.744	69
139.616	139.744	72
139.84	139.968	71
139.84	139.968	74
140.064	140.16	57
140.064	140.192	45
140.064	140.192	72
140.064	140.192	76
140.256	140.384	72
140.256	140.384	76
140.256	140.416	57
140.448	140.608	77
140.448	140.864	48
140.576	140.832	76
140.672	140.864	74
140.672	140.928	60
140.8	140.928	72
140.896	141.344	52
140.896	141.344	68
140.896	141.344	71
141.12	141.312	64
141.344	141.472	69
141.344	141.472	72
141.536	141.664	71
141.536	141.664	74
141.76	141.856	57
141.76	141.888	45
141.76	141.888	72
141.76	141.888	76
141.984	142.08	76
141.984	142.112	57
141.984	142.112	72
142.176	142.336	77
142.176	142.528	48
142.272	142.432	76
142.4	142.56	74
142.4	142.624	60
142.496	142.656	72
142.592	143.072	52
142.592	143.072	68
142.624	143.04	71
143.04	143.168	71
143.136	143.264	69
143.232	143.36	68
143.328	143.488	69
143.456	143.712	57
143.456	143.712	72
143.648	143.744	60
143.648	143.744	64
143.84	144.032	60
143.84	144.064	64
143.84	144.16	74
143.968	144.128	72
144.032	144.16	60
144.032	144.192	71
144.064	144.192	64
144.128	144.448	72
144.16	144.32	60
144.288	144.448	76
144.288	144.48	57
144.48	144.576	60
144.48	144.576	64
144.672	144.768	64
144.672	144.864	60
144.672	144.864	77
144.8	144.896	76
144.864	144.896	55
144.864	145.024	75
144.864	145.088	60
144.864	145.088	64
144.992	145.12	76
145.088	145.248	83
145.088	145.472	57
145.184	145.376	81
145.28	145.376	60
145.28	145.44	64
145.28	145.44	80
145.376	145.44	60
145.376	145.504	81
145.472	145.568	57
145.472	145.728	83
145.568	145.792	81
145.568	145.856	57
145.696	145.792	60
145.696	145.856	64
145.696	145.888	80
145.792	145.856	60
145.792	145.952	81
145.92	146.112	57
145.92	146.24	84
146.112	146.208	63
146.112	146.24	57
146.336	146.432	69
146.336	146.464	57
146.336	146.464	63
146.336	146.464	81
146.528	146.688	63
146.56	146.688	57
146.56	146.688	83
146.752	146.912	52
146.752	146.912	84
146.976	147.104	57
146.976	147.104	64
146.976	147.104	83
147.168	147.296	81
147.168	147.328	50
147.392	147.52	53
147.392	147.52	80
147.392	147.552	59
147.584	147.712	48
147.584	147.712	81
147.808	147.936	52
147.808	147.936	57
147.808	147.936	76
148.0	148.128	50
148.0	148.16	77
148.192	148.32	53
148.192	148.352	59
148.192	148.352	74
148.416	148.672	57
148.416	148.832	72
148.448	148.48	52
148.672	148.896	57
148.8	148.896	52
148.832	149.024	72
148.896	149.216	71
149.024	149.248	72
149.024	149.344	52
149.088	149.312	56
149.152	149.312	69
149.216	149.344	71
149.312	149.76	69
149.312	149.792	57
149.312	149.824	45
149.76	150.208	69
149.888	150.24	81
149.984	150.208	71
150.08	150.24	83
150.112	150.208	52
150.112	150.944	49
150.208	150.24	45
150.208	150.336	52
150.208	150.4	57
150.208	150.4	69
150.208	150.656	73
150.304	150.624	85
150.336	150.4	52
150.4	150.624	57
150.4	150.624	69
150.4	150.944	52
150.624	150.816	57
150.624	151.04	69
150.72	151.008	81
150.816	151.04	57
150.816	151.072	71
150.944	151.04	52
150.944	151.072	83
150.944	151.264	49
151.04	151.232	52
151.04	151.232	57
151.04	151.36	73
151.04	151.424	69
151.136	151.456	85
151.232	151.424	57
151.232	151.808	71
151.232	151.872	52
151.36	151.776	83
151.424	151.904	69
151.424	152.256	57
151.552	151.872	81
151.648	151.872	68
151.776	151.904	80
151.872	152.192	50
151.872	152.256	66
151.968	152.256	78
152.064	152.224	68
152.16	152.32	80
152.288	152.64	69
152.288	152.672	51
152.384	152.64	81
152.512	152.736	71
152.64	152.736	44
152.64	152.736	83
152.736	152.928	52
152.736	153.088	68
152.736	153.12	44
152.736	153.44	40
152.832	153.056	80
152.928	153.12	52
152.928	153.184	64
153.056	153.184	76
153.152	153.504	69
153.248	153.504	81
153.376	153.504	71
153.472	153.6	49
153.472	153.6	83
153.504	153.568	52
153.568	153.664	57
153.568	153.792	52
153.568	153.984	73
153.6	153.76	69
153.664	153.76	57
153.664	154.016	85
153.76	153.984	57
153.76	153.984	69
153.792	154.336	52
153.984	154.176	57
153.984	154.368	69
154.08	154.336	81
154.176	154.4	57
154.176	154.432	71
154.304	154.432	83
154.336	154.4	52
154.336	154.624	49
154.4	154.816	57
154.4	154.816	69
154.4	154.848	73
154.4	155.264	52
154.528	154.912	85
154.592	155.104	71
154.72	155.168	83
154.816	155.264	69
154.816	155.36	57
154.912	155.264	81
155.008	155.264	68
155.136	155.296	80
155.232	155.296	62
155.232	155.52	50
155.232	155.648	66
155.328	155.648	78
155.456	156.064	71
155.552	155.68	40
155.552	155.68	83
155.584	155.68	44
155.68	156.096	44
155.68	156.128	68
155.68	156.16	52
155.68	156.256	40
155.776	156.096	80
155.904	156.16	64
156.0	156.16	76
156.128	156.544	69
156.128	156.608	81
156.128	156.928	45
156.128	156.928	57
156.544	156.96	69
156.672	156.96	81
156.768	156.928	71
156.896	157.024	83
156.896	157.472	49
156.928	156.992	52
156.992	157.184	52
156.992	157.184	57
156.992	157.408	69
156.992	157.44	73
157.088	157.184	85
157.184	157.408	57
157.184	157.664	85
157.184	157.76	52
157.408	157.504	69
157.408	157.6	57
157.44	157.632	61
157.504	157.632	69
157.504	157.792	81
157.6	157.824	57
157.6	157.856	71
157.632	157.824	69
157.728	157.856	83
157.76	157.824	52
157.76	158.176	49
157.824	158.016	52
157.824	158.24	57
157.824	158.24	69
157.824	158.24	73
157.952	158.368	85
158.016	158.592	71
158.016	158.656	52
158.048	158.144	83
158.144	158.624	83
158.24	158.688	69
158.24	159.2	57
158.336	158.688	81
158.432	158.688	68
158.56	158.72	80
158.656	159.008	50
158.656	159.04	66
158.752	159.52	78
158.88	159.04	68
158.976	159.104	80
159.072	159.456	69
159.072	159.488	51
159.2	159.456	81
159.296	159.872	71
159.424	159.52	40
159.424	159.552	83
159.52	159.968	52
159.52	159.968	68
159.52	160.0	44
159.52	160.128	40
159.552	159.84	76
159.616	159.872	80
159.744	159.872	64
159.84	160.0	76
159.872	160.0	64
159.936	160.288	69
160.064	160.32	81
160.16	160.288	71
160.256	160.384	83
160.256	160.768	49
160.288	160.352	52
160.352	160.544	57
160.352	160.544	69
160.352	160.576	52
160.352	160.992	73
160.48	160.544	85
160.544	160.768	57
160.544	160.768	69
160.544	161.056	85
160.576	161.12	52
160.768	160.992	57
160.768	161.184	69
160.896	161.216	81
160.992	161.184	57
160.992	161.216	71
161.088	161.216	83
161.12	161.184	52
161.12	161.408	49
161.184	161.376	52
161.184	161.376	57
161.184	161.536	69
161.184	161.632	73
161.28	161.856	85
161.376	161.632	71
161.376	162.016	52
161.376	162.144	57
161.504	161.92	83
161.6	162.048	69
161.728	162.048	81
161.824	162.048	68
161.92	162.08	80
162.016	162.08	62
162.016	162.336	50
162.016	162.432	66
162.112	162.464	78
162.24	162.848	71
162.368	162.464	44
162.368	162.496	83
162.464	162.688	52
162.464	162.944	68
162.464	162.976	44
162.464	163.136	40
162.56	162.912	80
162.688	162.944	64
162.688	163.552	52
162.784	163.04	76
162.912	163.104	57
162.912	163.104	69
162.912	163.36	81
163.104	163.328	57
163.104	163.328	69
163.328	163.52	57
163.328	163.52	69
163.328	163.552	73
163.328	163.616	85
163.52	163.712	57
163.52	163.712	69
163.616	163.744	49
163.616	164.032	85
163.712	163.936	52
163.712	163.936	57
163.712	163.936	69
163.712	164.384	73
163.712	164.544	45
163.712	164.544	76
163.712	164.576	81
163.744	164.576	49
163.936	164.128	57
163.936	164.352	69
163.936	164.576	52
164.128	164.352	57
164.352	164.576	57
164.352	164.576	69
164.544	165.28	73
164.544	165.28	76
164.544	165.44	45
164.576	164.768	52
164.576	164.768	57
164.576	164.8	69
164.576	165.344	49
164.576	165.408	81
164.768	164.96	57
164.768	165.408	52
164.8	164.992	69
164.96	165.184	57
164.992	165.184	69
165.184	165.408	57
165.184	165.408	69
165.344	166.048	49
165.408	165.568	86
165.408	165.824	57
165.408	165.92	69
165.408	166.24	52
165.408	166.24	81
165.504	165.696	85
165.6	165.952	83
165.696	165.92	85
165.824	166.016	57
165.824	166.176	86
165.92	166.144	85
166.016	166.08	42
166.016	166.24	83
166.016	166.272	69
166.016	166.464	57
166.144	166.368	85
166.24	166.56	62
166.24	166.656	50
166.24	166.816	81
166.24	167.104	78
166.272	167.168	86
166.656	166.816	62
166.656	166.88	50
166.88	167.008	62
166.88	167.104	50
167.04	167.232	52
167.072	167.232	57
167.072	167.232	81
167.104	167.136	69
167.104	167.2	76
167.296	167.36	86
167.296	167.392	57
167.296	167.392	85
167.296	167.424	76
167.296	167.424	81
167.488	167.584	86
167.488	167.616	57
167.488	167.616	76
167.488	167.616	81
167.52	167.616	85
167.712	167.744	69
167.712	167.808	85
167.712	167.84	76
167.712	167.872	57
167.712	167.872	81
167.84	167.936	40
167.904	168.128	52
167.936	168.448	47
167.936	168.544	40
167.936	168.576	83
167.936	168.64	44
167.936	168.64	80
167.936	168.8	76
168.128	168.32	52
168.32	168.544	52
168.544	168.768	40
168.544	168.8	52
168.64	169.568	88
168.672	168.704	37
168.672	168.736	49
168.736	168.8	49
168.8	168.832	45
168.8	169.024	52
168.8	169.024	57
168.8	169.024	69
168.8	169.216	49
168.8	169.472	73
168.8	169.632	76
168.8	169.632	81
169.024	169.216	57
169.024	169.216	69
169.024	169.248	52
169.216	169.44	57
169.216	169.44	69
169.216	169.568	49
169.248	169.632	52
169.44	169.632	57
169.44	169.632	69
169.568	169.632	49
169.632	169.856	52
169.632	169.856	57
169.632	169.856	76
169.632	169.856	81
169.632	169.888	45
169.632	170.048	69
169.632	170.304	73
169.632	170.368	49
169.856	170.048	57
169.856	170.336	76
169.856	170.432	52
169.856	170.496	81
170.048	170.272	57
170.048	170.272	69
170.272	170.496	57
170.272	170.496	69
170.432	171.136	49
170.432	171.328	52
170.496	170.624	86
170.496	170.688	57
170.496	170.688	69
170.496	171.328	81
170.592	170.784	85
170.688	170.88	57
170.688	170.912	69
170.688	171.104	83
170.784	171.008	85
170.88	171.2	86
170.88	171.424	57
170.912	171.36	69
171.008	171.2	85
171.104	171.264	83
171.2	171.552	85
171.328	171.584	62
171.328	171.744	50
171.328	172.096	81
171.328	172.096	86
171.328	172.16	78
171.744	171.872	62
171.744	171.936	50
171.936	172.128	50
172.064	172.16	49
172.16	172.384	52
172.16	172.384	57
172.16	172.384	69
172.16	172.672	49
172.16	172.864	76
172.16	172.864	85
172.16	173.024	81
172.384	172.576	52
172.384	172.576	57
172.384	172.576	69
172.576	172.8	57
172.576	172.992	52
172.576	173.024	69
172.8	173.056	57
172.992	173.216	52
172.992	173.216	76
172.992	173.216	80
173.024	173.216	83
173.216	173.408	52
173.216	173.408	76
173.216	173.408	80
173.216	173.408	83
173.216	173.536	71
173.408	173.632	52
173.408	173.632	76
173.408	173.632	80
173.408	173.632	83
173.632	173.76	76
173.632	173.792	80
173.632	173.856	83
173.632	173.888	52
173.824	174.272	81
173.824	174.304	57
173.856	173.888	69
173.984	174.144	64
174.08	174.496	61
174.144	174.368	64
174.272	174.688	76
174.272	174.688	81
174.304	174.368	57
174.304	174.368	85
174.368	174.592	85
174.368	174.624	57
174.368	174.72	64
174.496	174.688	61
174.592	174.688	85
174.688	175.136	57
174.688	175.424	81
174.688	175.52	76
174.688	175.552	85
174.944	175.392	61
174.944	175.392	64
175.136	175.52	57
175.392	175.52	61
175.392	175.552	64
175.52	175.968	57
175.52	176.096	81
175.52	176.16	76
175.552	176.16	85
175.648	176.0	64
175.68	176.128	61
175.968	176.352	57
176.0	176.256	64
176.0	176.32	69
176.128	176.352	61
176.256	176.416	64
176.384	176.512	86
176.384	176.896	57
176.48	176.608	64
176.48	176.672	85
176.512	176.576	61
176.576	176.8	61
176.576	176.832	83
176.672	176.896	85
176.768	177.216	86
176.896	177.088	85
176.992	177.216	61
176.992	177.216	83
177.088	177.248	85
177.216	177.696	57
177.216	178.016	86
177.536	177.728	66
177.696	178.08	57
177.728	178.08	66
178.016	178.112	86
178.08	178.528	57
178.08	178.688	85
178.208	178.432	86
178.304	178.496	61
178.432	178.656	86
178.528	178.88	57
178.656	178.848	86
178.688	178.848	85
178.72	178.912	61
178.88	179.648	83
178.912	179.328	52
179.136	179.36	59
179.328	179.776	52
179.456	179.648	59
179.616	179.776	88
179.744	180.224	73
179.776	179.968	52
179.776	179.968	57
179.776	179.968	69
179.776	179.968	76
179.776	180.0	85
179.776	180.576	81
179.776	180.608	49
179.968	180.192	57
179.968	180.192	69
179.968	180.384	76
179.968	180.608	52
180.192	180.384	57
180.192	180.384	69
180.384	180.576	69
180.384	180.576	76
180.384	180.608	57
180.576	181.024	69
180.576	181.024	76
180.576	181.312	73
180.576	181.44	81
180.576	181.472	45
180.608	180.8	52
180.608	180.8	57
180.608	181.024	49
180.8	181.024	57
180.8	181.056	52
181.024	181.216	57
181.024	181.248	69
181.024	181.248	76
181.024	181.376	49
181.056	181.44	52
181.216	181.44	57
181.248	181.44	69
181.248	181.664	76
181.376	182.08	49
181.44	181.568	86
181.44	181.856	69
181.44	182.272	52
181.44	182.272	81
181.44	182.368	57
181.536	181.76	85
181.632	181.952	83
181.664	182.304	76
181.76	181.952	85
181.824	182.304	86
181.856	182.048	69
181.952	182.048	83
181.952	182.144	85
182.048	182.304	83
182.048	182.368	69
182.144	182.4	85
182.272	182.464	62
182.272	182.688	50
182.272	183.04	81
182.272	183.136	78
182.304	183.168	86
182.688	182.88	50
182.688	182.88	62
182.88	183.072	62
182.88	183.136	50
183.04	183.584	49
183.072	183.328	52
183.104	183.296	57
183.104	183.328	69
183.104	183.904	81
183.136	183.328	76
183.296	183.52	57
183.328	183.552	69
183.328	183.968	52
183.328	183.968	76
183.52	183.744	57
183.552	184.0	69
183.744	184.192	57
183.968	184.0	64
183.968	184.16	52
183.968	184.16	80
183.968	184.16	83
183.968	184.224	76
183.968	184.768	40
184.16	184.352	52
184.16	184.384	80
184.16	184.384	83
184.352	184.576	52
184.384	184.576	64
184.384	184.576	76
184.384	184.576	80
184.384	184.576	83
184.384	184.768	44
184.576	184.736	76
184.576	184.736	83
184.576	184.8	80
184.576	185.024	52
184.736	184.8	49
184.8	184.992	57
184.8	185.216	69
184.8	185.216	76
184.8	185.44	73
184.8	185.568	49
184.8	185.6	81
184.8	185.696	45
184.992	185.216	57
185.024	185.664	52
185.216	185.44	57
185.216	185.44	69
185.216	185.92	76
185.44	185.664	57
185.44	185.664	69
185.44	186.112	73
185.44	186.24	85
185.568	185.696	49
185.664	185.856	57
185.664	185.888	52
185.664	185.888	69
185.664	186.464	81
185.696	186.432	49
185.696	186.464	45
185.856	186.08	57
185.888	186.08	69
185.888	186.464	52
186.08	186.304	57
186.08	186.304	69
186.304	186.528	57
186.304	186.528	69
186.304	186.912	73
186.304	187.168	85
186.432	186.528	49
186.464	186.528	52
186.528	186.752	52
186.528	186.752	57
186.528	186.752	69
186.528	187.296	49
186.528	187.392	81
186.528	188.256	45
186.752	186.944	57
186.752	187.168	69
186.752	187.232	76
186.752	187.392	52
186.944	187.392	57
187.168	187.392	69
187.168	187.584	73
187.168	187.584	85
187.296	187.712	49
187.392	187.808	52
187.392	187.808	57
187.392	187.808	69
187.392	187.808	81
187.584	188.0	73
187.584	188.0	85
187.712	187.808	49
187.808	188.0	57
187.808	188.0	69
187.808	188.032	52
187.808	188.256	81
187.808	188.288	49
188.0	188.256	69
188.0	188.704	57
188.0	188.704	73
188.0	188.736	85
188.032	188.32	52
188.256	188.704	45
188.256	188.704	69
188.256	188.704	81
188.704	189.216	45
188.704	189.216	57
188.704	189.216	69
188.704	189.216	73
188.704	189.216	76
188.704	189.216	81
189.216	189.28	40
189.216	190.176	45
189.216	190.176	57
189.216	190.208	49
189.216	190.208	73
189.216	190.208	76
189.216	190.24	52
189.216	190.24	69
189.216	190.24	81
