0.96	1.12	45
0.992	1.056	57
0.992	1.248	52
1.056	1.28	57
1.088	1.248	64
1.12	1.312	69
1.152	1.28	60
1.152	1.28	72
1.152	1.28	81
1.568	1.664	69
1.664	1.824	69
1.792	1.92	72
1.888	2.048	71
2.016	2.176	69
2.144	2.272	64
2.144	2.4	68
2.144	2.432	59
2.24	2.4	76
2.272	2.304	88
2.272	2.4	80
2.656	2.784	64
2.784	2.912	64
2.88	3.04	68
3.008	3.136	66
3.104	3.2	64
3.2	3.36	45
3.264	3.456	52
3.296	3.392	64
3.36	3.488	45
3.36	3.488	72
3.36	3.52	60
3.36	3.52	69
3.36	3.52	81
3.776	3.872	69
3.872	4.032	69
4.0	4.128	72
4.096	4.256	71
4.256	4.384	69
4.384	4.64	64
4.416	4.64	68
4.448	4.64	71
4.448	4.992	76
4.992	5.088	64
4.992	5.12	76
5.472	5.664	45
5.504	5.728	52
5.632	5.76	72
5.632	5.792	60
5.632	5.792	69
5.632	5.792	81
6.112	6.24	69
6.272	6.432	72
6.4	6.528	71
6.496	6.656	69
6.656	6.752	64
6.656	6.752	68
6.656	6.88	52
6.656	6.912	59
6.752	6.88	64
6.752	6.88	76
6.752	6.88	80
6.752	6.912	68
7.264	7.296	64
7.392	7.52	68
7.488	7.648	66
7.584	7.68	64
7.712	7.872	45
7.744	8.0	52
7.776	7.904	64
7.808	8.032	60
7.872	8.0	69
7.872	8.0	72
7.968	8.032	45
8.352	8.448	69
8.512	8.64	72
8.608	8.736	71
8.736	8.864	69
8.864	9.056	59
8.864	9.12	68
8.896	9.088	52
8.896	9.152	64
8.96	9.408	76
9.472	9.6	64
9.504	9.568	76
9.984	10.112	57
9.984	10.272	45
9.984	10.272	52
10.112	10.24	69
10.112	10.24	76
10.112	10.272	57
10.112	10.272	61
10.112	10.272	81
10.528	10.624	81
10.624	10.752	81
10.752	10.88	82
10.848	11.008	81
10.976	11.136	79
11.104	11.36	50
11.2	11.296	69
11.2	11.36	57
11.2	11.36	65
11.2	11.36	77
11.2	11.36	81
11.648	11.68	42
11.648	11.744	74
11.744	11.872	74
11.84	11.968	77
11.968	12.096	76
12.064	12.16	74
12.16	12.352	43
12.192	12.32	50
12.32	12.448	50
12.32	12.48	79
12.32	12.48	91
12.736	12.864	79
12.864	12.96	79
12.96	13.088	81
13.056	13.184	79
13.152	13.28	77
13.28	13.408	60
13.312	13.472	36
13.312	13.504	55
13.312	13.568	48
13.408	13.536	76
13.408	13.536	79
13.824	13.92	72
13.92	14.08	72
14.048	14.176	76
14.176	14.304	74
14.272	14.4	72
14.4	14.528	50
14.4	14.688	53
14.496	14.656	71
14.496	14.656	77
14.528	14.656	50
14.944	15.04	71
15.04	15.168	71
15.168	15.296	74
15.264	15.424	72
15.392	15.52	71
15.488	15.744	48
15.584	15.712	64
15.648	15.776	69
15.648	15.776	76
16.128	16.16	69
16.288	16.416	72
16.384	16.544	71
16.512	16.672	69
16.672	17.024	65
16.672	17.152	53
17.024	17.216	57
17.024	17.216	63
17.184	17.6	64
17.184	17.792	52
17.312	17.6	76
17.44	17.6	74
17.568	17.792	56
17.568	17.792	71
17.6	17.792	62
17.76	17.856	64
17.76	17.984	69
17.76	18.336	60
17.76	18.4	57
18.24	18.4	64
18.272	18.432	69
18.272	18.432	72
18.784	18.912	45
18.816	18.88	52
18.816	18.912	57
18.88	18.976	52
18.912	18.976	61
18.912	19.232	57
18.976	19.2	61
18.976	19.2	69
18.976	19.232	52
18.976	19.232	81
19.456	19.648	69
19.456	19.648	81
19.488	19.808	61
19.488	19.808	64
19.616	19.776	82
19.712	19.872	81
19.84	19.968	79
19.968	20.352	50
20.064	20.352	57
20.096	20.352	65
20.128	20.352	77
20.128	20.352	81
20.64	20.768	74
20.64	21.024	65
20.64	21.024	69
20.672	20.768	62
20.768	21.024	62
20.768	21.024	77
20.896	21.024	76
20.992	21.088	74
21.12	21.44	43
21.152	21.472	50
21.28	21.536	79
21.28	21.536	83
21.312	21.536	91
21.792	22.208	59
21.824	22.144	67
21.824	22.176	62
21.952	22.112	81
22.048	22.208	79
22.176	22.304	77
22.272	22.656	60
22.304	22.528	48
22.304	22.656	55
22.4	22.528	67
22.4	22.592	64
22.464	22.656	76
22.464	22.656	79
22.912	23.232	72
22.976	23.2	64
22.976	23.264	67
23.072	23.264	76
23.2	23.328	74
23.296	23.456	72
23.424	23.84	50
23.52	23.616	58
23.52	23.84	65
23.616	23.808	77
23.616	23.84	58
23.616	23.84	70
24.064	24.352	70
24.096	24.384	65
24.16	24.224	62
24.224	24.384	74
24.224	24.416	62
24.32	24.48	72
24.448	24.608	70
24.544	24.832	48
24.576	24.64	60
24.64	24.928	60
24.672	24.832	64
24.736	24.928	69
24.736	24.928	76
25.216	25.376	69
25.312	25.44	60
25.312	25.824	64
25.408	25.792	72
25.44	25.856	60
25.536	25.824	71
25.664	25.856	69
25.824	26.144	65
25.824	26.336	53
26.208	26.4	57
26.208	26.4	63
26.368	26.72	64
26.368	27.008	52
26.496	26.816	76
26.624	26.816	74
26.784	26.976	62
26.784	27.008	56
26.784	27.008	71
26.944	27.072	64
26.976	27.072	69
26.976	27.872	57
26.976	27.872	60
27.552	27.872	64
27.552	27.904	69
27.584	27.872	72
28.256	28.384	72
28.288	28.352	81
28.352	28.448	81
28.352	28.48	69
28.352	28.48	76
28.352	28.544	57
28.512	28.608	84
28.64	28.832	81
28.8	28.928	76
28.8	28.96	57
28.96	29.088	60
29.056	29.184	59
29.152	29.312	57
29.152	29.312	69
29.248	29.344	68
29.312	29.408	64
29.312	29.408	83
29.472	29.6	80
29.632	29.76	76
29.76	29.888	52
29.76	29.92	71
29.888	30.016	55
29.952	30.016	68
30.016	30.144	54
30.112	30.208	64
30.144	30.272	52
30.272	30.464	88
30.272	30.624	45
30.272	30.624	52
30.4	30.624	60
30.432	30.592	84
30.592	30.752	81
30.688	30.848	57
30.752	30.848	76
30.88	31.008	60
30.88	31.008	72
30.976	31.136	59
31.072	31.264	57
31.072	31.264	69
31.232	31.392	64
31.456	31.648	68
31.456	31.808	76
31.648	31.84	71
31.648	31.872	80
31.648	31.904	64
31.872	32.032	52
31.872	32.032	88
31.872	32.064	76
32.032	32.064	52
32.352	32.48	72
32.448	32.576	69
32.448	32.64	57
32.608	32.704	84
32.768	32.928	81
32.896	33.056	57
32.928	33.024	76
33.056	33.184	60
33.152	33.312	59
33.248	33.376	69
33.28	33.44	57
33.376	33.44	68
33.44	33.536	64
33.6	33.696	80
33.728	33.856	76
33.888	34.048	52
33.92	34.048	71
34.016	34.176	55
34.08	34.176	68
34.144	34.272	54
34.24	34.336	64
34.272	34.432	52
34.336	34.4	72
34.4	34.528	69
34.4	34.592	57
34.56	34.656	84
34.752	34.912	81
34.848	35.04	57
34.88	35.008	76
35.008	35.136	60
35.104	35.264	59
35.232	35.328	69
35.232	35.36	57
35.424	35.52	64
35.616	35.776	76
35.616	35.808	68
35.808	36.0	71
35.84	36.0	64
35.84	36.0	80
36.032	36.192	52
36.032	36.256	76
36.064	36.096	88
36.192	36.256	52
36.48	36.576	69
36.48	36.64	57
36.512	36.64	64
36.576	36.672	69
36.64	36.704	85
36.64	36.736	57
36.64	36.736	81
36.64	36.736	93
36.8	36.96	88
36.96	37.12	85
37.12	37.248	69
37.12	37.28	81
37.248	37.376	70
37.28	37.344	76
37.344	37.408	76
37.344	37.504	69
37.472	37.6	73
37.472	37.632	67
37.568	37.76	50
37.6	37.696	65
37.6	37.696	77
37.76	37.888	69
37.76	38.112	74
37.92	38.08	77
38.08	38.144	77
38.08	38.24	62
38.08	38.24	81
38.208	38.336	65
38.24	38.336	86
38.24	38.368	81
38.304	38.432	64
38.4	38.496	86
38.4	38.496	89
38.432	38.56	62
38.56	38.656	67
38.56	38.816	55
38.624	38.816	79
38.656	38.848	67
38.656	38.848	83
38.656	38.848	91
38.816	38.912	86
38.976	39.104	83
39.136	39.232	67
39.136	39.264	79
39.264	39.392	69
39.296	39.424	74
39.36	39.52	67
39.456	39.584	71
39.488	39.648	65
39.616	39.712	64
39.616	39.776	48
39.776	39.872	72
39.776	39.904	67
39.936	40.032	76
39.936	40.064	72
40.096	40.192	60
40.096	40.192	79
40.096	40.256	76
40.224	40.288	55
40.224	40.32	64
40.224	40.384	79
40.256	40.384	84
40.352	40.48	62
40.448	40.512	84
40.448	40.544	88
40.448	40.576	60
40.512	40.768	50
40.608	40.768	56
40.608	40.768	65
40.608	40.768	77
40.608	40.768	89
40.64	40.672	83
40.768	40.864	86
40.768	40.896	80
40.928	41.024	77
40.928	41.024	83
41.056	41.216	80
41.056	41.248	59
41.216	41.312	77
41.216	41.344	62
41.248	41.376	71
41.344	41.472	60
41.44	41.568	59
41.536	41.632	48
41.568	41.696	76
41.6	41.664	81
41.6	41.696	64
41.632	41.696	88
41.76	41.856	84
41.952	42.08	81
42.048	42.24	57
42.08	42.176	76
42.208	42.336	60
42.304	42.464	59
42.432	42.528	69
42.432	42.592	57
42.56	43.136	53
42.752	42.88	71
42.752	42.912	63
42.944	43.104	69
42.944	43.136	75
42.944	43.168	59
43.104	43.488	52
43.232	43.424	64
43.296	43.424	76
43.328	43.424	68
43.392	43.488	62
43.488	43.712	52
43.488	43.712	59
43.488	43.712	80
43.68	44.096	57
43.904	44.064	72
43.904	44.16	81
44.096	44.288	84
44.096	44.832	57
44.128	44.352	76
44.416	44.864	64
44.416	44.864	72
44.416	44.896	81
45.344	45.728	41
45.472	45.632	44
45.6	45.728	45
45.728	45.824	56
45.728	45.888	44
45.792	45.888	46
45.856	46.016	45
45.984	46.144	47
46.112	46.24	60
46.112	46.272	48
46.208	46.368	50
46.336	46.528	52
46.464	46.624	51
46.592	46.848	52
46.688	46.88	51
46.784	46.88	53
46.848	47.008	52
46.944	47.104	50
47.072	47.168	60
47.072	47.232	48
47.2	47.36	47
47.36	47.424	45
47.456	47.584	44
47.584	47.68	45
47.712	47.84	44
47.808	47.872	46
47.84	48.032	45
47.968	48.128	47
48.096	48.256	48
48.224	48.384	50
48.352	48.512	52
48.48	48.64	51
48.608	48.896	52
48.704	48.96	51
48.864	48.992	53
48.896	48.96	41
48.96	49.184	52
49.44	49.632	57
49.44	49.824	53
49.6	49.728	56
49.696	49.856	57
49.824	49.984	56
49.888	50.016	58
49.952	50.112	57
50.08	50.24	59
50.208	50.368	60
50.336	50.496	62
50.464	50.592	64
50.464	50.848	56
50.464	50.88	52
50.56	50.72	63
50.688	50.816	64
50.816	50.976	63
50.88	50.976	65
50.944	51.104	64
51.072	51.232	62
51.2	51.328	60
51.296	51.488	59
51.456	51.616	57
51.456	51.84	53
51.584	51.712	56
51.68	51.84	57
51.808	51.968	56
51.904	52.0	58
51.968	52.128	57
52.096	52.256	59
52.224	52.352	60
52.352	52.48	62
52.448	52.544	64
52.448	52.992	52
52.48	52.992	56
52.576	52.736	63
52.704	52.832	64
52.832	53.056	63
52.992	53.088	65
53.024	53.088	44
53.056	53.184	64
53.248	53.312	64
53.568	53.728	69
53.568	53.888	65
53.696	53.824	68
53.824	53.952	69
53.92	54.112	68
54.016	54.112	70
54.08	54.208	69
54.176	54.336	67
54.304	54.464	65
54.432	54.592	64
54.56	54.72	62
54.56	54.976	57
54.56	55.008	53
54.688	54.848	61
54.784	54.944	62
54.912	55.104	61
55.008	55.104	63
55.072	55.232	62
55.168	55.328	64
55.296	55.488	65
55.424	55.52	62
55.552	55.68	67
55.552	56.128	59
55.552	56.128	62
55.68	55.808	66
55.808	55.968	67
55.936	56.096	66
56.0	56.128	68
56.064	56.224	67
56.192	56.352	65
56.32	56.448	64
56.448	56.608	62
56.576	56.704	60
56.576	57.056	52
56.576	57.12	55
56.704	56.864	59
56.8	56.992	60
56.928	57.12	59
57.024	57.12	61
57.088	57.248	60
57.184	57.344	62
57.312	57.472	64
57.44	57.6	60
57.568	57.696	65
57.568	57.984	56
57.568	58.048	50
57.696	57.824	64
57.824	57.984	65
57.952	58.048	64
58.016	58.144	67
58.08	58.24	65
58.208	58.368	62
58.336	58.464	60
58.432	58.592	59
58.592	58.624	52
58.592	58.656	64
58.592	58.656	69
58.592	58.88	57
58.592	58.976	48
58.688	58.848	63
58.816	58.912	64
58.912	59.104	63
59.008	59.104	65
59.072	59.168	64
59.2	59.328	60
59.328	59.488	59
59.456	59.616	57
59.584	59.744	58
59.584	60.128	53
59.584	60.16	50
59.712	59.936	57
59.808	60.0	58
59.936	60.128	57
60.032	60.128	60
60.096	60.224	59
60.096	60.256	52
60.096	60.32	56
60.224	60.32	59
60.224	60.32	65
60.352	60.448	64
60.448	60.576	56
60.608	60.736	57
60.736	60.864	56
60.864	60.96	50
60.864	60.96	53
60.864	60.992	57
60.992	61.152	56
61.12	61.248	52
61.152	61.184	48
61.152	61.248	69
61.152	61.344	57
61.632	61.76	45
61.76	61.856	56
61.76	61.888	44
61.856	62.016	45
61.984	62.08	56
61.984	62.112	44
62.08	62.144	46
62.112	62.272	55
62.144	62.272	61
62.144	62.304	52
62.24	62.4	43
62.368	62.528	41
62.496	62.688	40
62.624	62.752	38
62.72	62.912	37
62.848	63.008	38
62.976	63.168	37
63.072	63.136	39
63.136	63.2	53
63.136	63.456	38
63.232	63.392	40
63.264	63.36	52
63.36	63.52	41
63.456	63.648	38
63.616	63.776	43
63.744	63.872	54
63.744	63.904	42
63.872	64.032	43
63.968	64.128	42
64.0	64.096	54
64.064	64.128	44
64.128	64.224	62
64.128	64.352	53
64.128	64.384	50
64.224	64.384	41
64.352	64.8	40
64.48	64.768	38
64.608	64.672	36
64.736	64.864	33
64.736	64.864	34
64.832	64.992	36
65.12	65.28	36
65.12	65.28	64
65.12	65.376	55
65.12	65.536	52
65.216	65.44	38
65.344	65.664	40
65.472	65.632	36
65.6	65.76	41
65.728	65.888	40
65.856	66.016	41
65.984	66.624	40
66.048	66.144	43
66.112	66.24	38
66.112	66.272	62
66.24	66.656	38
66.368	66.432	36
66.624	66.688	52
66.624	66.752	40
66.72	66.88	39
66.848	67.008	40
66.944	67.136	39
66.976	67.136	51
67.104	67.296	52
67.136	67.168	60
67.136	67.392	40
67.232	67.328	36
67.36	67.84	33
67.456	67.488	43
67.456	67.52	31
67.616	67.84	38
67.616	67.904	57
67.616	67.904	62
67.648	67.68	50
67.872	68.16	63
68.16	68.192	64
68.16	68.288	36
68.16	68.352	52
68.16	68.416	56
68.352	68.768	52
68.736	69.6	41
69.568	69.856	40
69.728	69.76	31
69.856	69.888	31
69.952	69.984	31
70.048	70.112	31
70.208	70.432	62
70.336	70.368	31
70.56	70.592	44
70.688	70.944	60
70.784	70.848	31
70.912	70.944	31
70.912	70.976	32
71.04	71.072	44
71.168	71.392	50
71.392	71.424	31
71.488	71.552	31
71.52	71.616	32
71.648	71.968	57
71.936	72.032	32
72.032	72.224	44
72.032	72.384	32
72.192	72.48	50
72.448	72.576	32
72.576	72.832	32
72.608	72.8	44
72.8	73.152	48
72.8	73.216	57
74.272	74.4	48
74.272	74.4	60
74.272	74.432	57
74.272	74.496	69
74.272	74.784	36
74.4	74.528	63
74.4	74.528	66
74.4	74.688	60
74.4	74.784	48
74.688	74.784	51
74.688	74.784	54
74.688	74.816	57
74.688	74.816	60
74.688	74.816	69
74.816	74.944	60
74.816	74.976	51
74.816	75.008	54
74.816	75.008	57
74.816	75.04	69
74.848	74.944	42
74.944	75.136	72
74.944	75.264	60
75.072	75.2	59
75.072	75.392	71
75.232	75.392	57
75.232	75.392	69
75.36	75.584	64
75.36	75.584	76
75.36	75.616	44
75.488	75.648	68
75.488	75.648	71
75.616	75.904	47
75.744	75.84	76
75.744	75.904	64
75.904	76.096	76
75.904	76.288	52
75.904	76.288	64
75.904	76.544	40
76.0	76.192	67
76.032	76.288	79
76.16	76.288	65
76.16	76.352	77
76.288	76.416	76
76.288	76.448	52
76.288	76.48	64
76.416	76.576	57
76.416	76.608	69
76.448	76.544	48
76.448	76.64	60
76.448	76.928	36
76.544	76.64	63
76.544	76.672	66
76.544	76.896	48
76.8	76.896	51
76.8	76.896	63
76.8	76.928	57
76.8	76.928	60
76.8	76.928	69
76.96	77.088	60
76.96	77.12	42
76.96	77.12	51
76.96	77.12	63
76.96	77.152	54
76.96	77.152	57
76.96	77.152	69
77.088	77.28	60
77.088	77.312	72
77.216	77.44	51
77.216	77.44	59
77.216	77.472	71
77.344	77.504	57
77.344	77.504	69
77.472	77.632	44
77.472	77.696	56
77.504	77.568	32
77.504	77.664	68
77.6	77.728	59
77.632	77.728	35
77.76	78.048	39
77.76	78.048	51
77.888	78.048	63
78.016	78.336	53
78.016	78.368	41
78.048	78.272	65
78.336	78.528	64
78.336	78.688	52
78.336	78.784	40
78.592	78.784	69
78.592	78.784	81
78.592	79.04	48
78.624	78.912	60
78.72	78.848	78
78.752	78.848	75
79.008	79.072	42
79.008	79.168	54
79.008	79.168	69
79.008	79.168	81
79.04	79.072	57
79.168	79.232	63
79.168	79.296	81
79.168	79.328	54
79.168	79.328	57
79.168	79.328	60
79.168	79.328	69
79.296	79.424	84
79.296	79.456	72
79.424	79.616	71
79.424	79.648	83
79.552	79.712	69
79.552	79.712	81
79.68	79.904	88
79.68	79.936	76
79.68	80.064	44
79.808	79.968	80
79.808	79.968	83
79.936	80.064	47
80.064	80.192	76
80.064	80.224	88
80.064	80.448	47
80.224	80.384	76
80.224	80.544	88
80.224	80.736	40
80.224	80.8	52
80.352	80.576	91
80.352	80.768	79
80.48	80.576	89
80.48	80.64	77
80.608	80.8	76
80.608	80.8	88
80.768	80.864	48
80.768	80.928	60
80.768	80.928	69
80.768	80.928	81
80.864	80.992	78
80.864	81.184	48
80.896	81.024	75
81.152	81.216	57
81.152	81.248	81
81.152	81.28	54
81.152	81.28	69
81.152	81.472	51
81.28	81.44	81
81.28	81.472	54
81.28	81.472	69
81.312	81.472	60
81.44	81.568	72
81.44	81.568	84
81.568	81.728	71
81.568	81.76	83
81.696	81.856	69
81.696	81.856	81
81.824	81.952	47
81.824	81.984	80
81.824	82.016	68
81.952	82.08	83
81.952	82.112	47
81.952	82.112	71
82.08	82.24	51
82.08	82.368	39
82.208	82.4	75
82.208	82.4	87
82.24	82.656	51
82.368	82.656	89
82.368	82.688	41
82.368	82.688	53
82.368	82.688	77
82.656	82.784	76
82.656	82.816	88
82.656	83.072	52
82.656	83.2	40
82.944	83.072	61
82.944	83.104	73
82.944	83.104	79
82.944	83.104	81
83.072	83.2	61
83.072	83.232	88
83.072	83.584	52
83.328	83.424	69
83.328	83.488	81
83.36	83.456	61
83.488	83.616	64
83.488	83.616	69
83.488	83.648	61
83.488	83.648	81
83.616	83.712	94
83.616	83.776	82
83.744	83.872	57
83.744	83.936	93
83.744	84.0	52
83.744	84.032	81
83.872	84.032	79
83.872	84.064	91
84.0	84.224	41
84.0	84.288	53
84.0	84.288	89
84.0	84.32	77
84.128	84.256	86
84.128	84.32	81
84.288	84.448	79
84.288	84.576	40
84.288	84.576	55
84.288	84.576	67
84.416	84.544	73
84.416	84.576	85
84.544	84.832	56
84.544	84.832	86
84.544	84.864	74
84.544	84.992	41
84.576	84.832	50
84.672	84.768	89
84.672	84.832	77
84.832	84.864	53
84.832	85.056	42
84.832	85.088	87
84.832	85.12	57
84.832	85.12	75
84.96	85.12	74
84.96	85.12	86
85.088	85.248	77
85.088	85.312	79
85.088	85.344	91
85.088	85.376	59
85.088	85.664	43
85.12	85.216	50
85.216	85.408	83
85.216	85.408	86
85.216	85.664	50
85.472	85.632	91
85.504	85.6	67
85.504	85.632	59
85.504	85.632	79
85.632	85.824	62
85.632	85.824	67
85.632	85.824	79
85.632	85.824	91
85.632	85.856	59
85.76	85.888	80
85.76	85.888	92
85.888	86.048	79
85.888	86.144	91
85.888	86.176	50
86.016	86.144	77
86.016	86.176	89
86.176	86.336	40
86.176	86.4	76
86.176	86.464	88
86.176	86.56	52
86.304	86.464	79
86.304	86.464	84
86.432	86.592	53
86.56	86.752	71
86.56	86.752	83
86.72	86.816	63
86.72	86.848	72
86.72	86.88	84
86.72	86.944	60
86.72	87.104	54
86.848	87.008	75
86.848	87.008	87
86.976	87.136	73
86.976	87.136	85
86.976	87.232	40
86.976	87.232	55
86.976	87.264	52
87.104	87.264	72
87.104	87.392	84
87.232	87.424	41
87.232	87.424	48
87.232	87.424	53
87.232	87.424	77
87.232	87.424	89
87.392	87.488	80
87.392	87.488	83
87.648	87.744	62
87.648	87.744	65
87.648	87.744	68
87.648	87.744	71
87.808	88.064	62
87.808	88.064	68
87.808	88.096	65
87.808	88.096	71
87.936	88.096	59
87.936	88.096	74
88.064	88.224	60
88.064	88.224	72
88.192	88.32	62
88.192	88.384	71
88.32	88.448	57
88.32	88.48	69
88.32	88.512	88
88.32	88.544	76
88.448	88.544	57
88.448	88.544	81
88.448	88.544	84
88.704	88.832	64
88.704	88.864	60
88.704	88.864	69
88.864	89.024	64
88.864	89.056	69
88.864	89.12	60
88.992	89.152	57
88.992	89.184	72
89.12	89.28	59
89.12	89.312	71
89.248	89.408	60
89.248	89.44	64
89.248	89.44	69
89.408	89.568	57
89.408	89.6	50
89.408	89.6	62
89.408	89.6	74
89.408	89.632	53
89.568	89.76	65
89.568	89.76	77
89.568	89.824	57
89.728	89.888	64
89.728	89.888	76
89.856	90.048	63
89.856	90.048	75
90.016	90.176	76
90.016	90.208	64
90.016	90.368	56
90.144	90.4	59
90.176	90.272	71
90.336	90.432	74
90.336	90.496	62
90.464	90.656	72
90.464	90.688	60
90.624	90.72	64
90.624	90.72	71
90.624	90.784	38
90.624	90.912	52
90.624	90.976	50
90.816	90.976	55
90.816	91.36	67
90.944	91.2	53
90.944	91.232	65
91.104	91.296	64
91.104	91.488	52
91.264	91.488	57
91.296	91.488	48
91.296	91.488	69
92.0	92.096	60
92.0	92.128	81
92.0	92.16	57
92.0	92.192	69
92.16	92.288	93
92.288	92.384	64
92.288	92.416	80
92.288	92.416	92
92.288	92.448	72
92.416	92.576	91
92.416	92.608	79
92.576	92.672	62
92.576	92.704	78
92.576	92.736	71
92.704	92.8	89
92.704	92.864	77
92.864	92.896	60
92.864	92.928	57
92.864	92.96	69
92.864	92.992	76
92.864	92.992	88
92.992	93.12	87
92.992	93.152	75
93.12	93.216	64
93.12	93.248	56
93.12	93.28	77
93.248	93.344	76
93.248	93.408	88
93.408	93.504	87
93.408	93.536	67
93.408	93.536	75
93.408	93.568	59
93.536	93.696	77
93.696	93.792	65
93.696	93.792	76
93.696	93.824	57
93.824	93.984	83
93.952	94.048	64
93.952	94.08	56
93.952	94.08	71
93.952	94.08	80
94.112	94.24	76
94.24	94.4	57
94.24	94.432	69
94.272	94.304	60
94.272	94.432	81
94.4	94.56	93
94.528	94.656	64
94.528	94.688	80
94.528	94.688	92
94.56	94.72	72
94.688	94.848	79
94.688	94.848	91
94.816	94.944	62
94.816	94.944	71
94.816	94.976	78
94.976	95.04	89
94.976	95.136	77
95.104	95.2	69
95.104	95.232	60
95.104	95.232	76
95.104	95.232	88
95.232	95.392	87
95.232	95.424	75
95.392	95.488	60
95.392	95.52	57
95.392	95.552	65
95.392	95.552	77
95.52	95.616	57
95.52	95.648	76
95.552	95.648	88
95.648	95.808	75
95.648	95.808	87
95.776	95.936	77
95.936	96.0	76
95.936	96.032	64
95.936	96.032	88
95.936	96.064	52
95.936	96.128	56
96.224	96.416	76
96.576	96.704	57
96.576	96.736	69
96.576	96.768	81
96.736	96.896	93
96.864	96.96	64
96.864	96.992	80
96.864	96.992	92
96.864	97.024	72
96.992	97.152	79
96.992	97.152	91
97.12	97.248	62
97.12	97.248	71
97.12	97.28	78
97.28	97.408	77
97.408	97.44	60
97.408	97.504	57
97.408	97.504	69
97.408	97.536	76
97.408	97.536	88
97.536	97.664	87
97.568	97.696	75
97.696	97.792	56
97.696	97.792	64
97.696	97.856	77
97.824	97.92	76
97.824	97.952	88
97.952	98.048	55
97.952	98.08	67
97.952	98.08	75
97.952	98.08	87
97.952	98.112	59
98.08	98.208	77
98.24	98.368	57
98.24	98.368	65
98.272	98.368	76
98.272	98.368	88
98.4	98.56	83
98.528	98.624	64
98.528	98.624	71
98.528	98.656	56
98.528	98.656	80
98.656	98.784	76
98.816	98.912	60
98.816	98.944	57
98.816	98.976	69
98.816	98.976	81
98.944	99.104	93
99.104	99.232	64
99.104	99.232	80
99.104	99.232	92
99.104	99.296	72
99.232	99.392	91
99.232	99.424	79
99.36	99.488	62
99.36	99.488	71
99.36	99.52	78
99.52	99.584	89
99.52	99.648	77
99.648	99.712	57
99.648	99.744	60
99.648	99.744	69
99.648	99.776	76
99.648	99.776	88
99.776	99.936	87
99.776	99.968	75
99.936	100.032	60
99.936	100.064	57
99.936	100.096	65
99.936	100.096	77
100.064	100.16	57
100.064	100.16	76
100.064	100.192	88
100.192	100.384	75
100.192	100.384	87
100.32	100.512	77
100.48	100.576	64
100.48	100.576	76
100.48	100.608	88
100.48	100.64	52
100.48	100.672	56
100.8	100.96	76
101.12	101.216	61
101.12	101.248	57
101.12	101.28	69
101.12	101.312	81
101.28	101.44	93
101.408	101.536	62
101.408	101.536	70
101.408	101.536	89
101.408	101.568	80
101.408	101.568	92
101.536	101.664	79
101.536	101.728	91
101.696	101.792	61
101.696	101.824	69
101.696	101.824	78
101.728	101.824	90
101.856	101.952	77
101.856	101.952	89
101.984	102.112	58
101.984	102.112	67
101.984	102.112	76
101.984	102.112	88
102.112	102.24	74
102.112	102.24	86
102.272	102.368	65
102.272	102.4	57
102.272	102.432	73
102.4	102.496	88
102.56	102.656	55
102.56	102.656	64
102.56	102.72	81
102.592	102.72	73
102.688	102.784	85
102.816	102.944	53
102.816	102.944	62
102.816	102.944	74
102.816	102.944	86
102.976	103.136	81
103.104	103.2	65
103.104	103.232	50
103.104	103.232	69
103.104	103.264	77
103.232	103.392	74
103.392	103.52	55
103.392	103.52	59
103.392	103.552	67
103.392	103.552	79
103.52	103.68	91
103.68	103.776	90
103.68	103.808	60
103.68	103.808	68
103.68	103.808	78
103.808	103.904	89
103.808	103.968	77
103.968	104.0	55
103.968	104.096	67
103.968	104.096	76
103.968	104.096	88
103.968	104.128	59
104.096	104.192	87
104.096	104.224	75
104.224	104.32	65
104.224	104.32	86
104.224	104.352	56
104.224	104.352	74
104.352	104.48	84
104.384	104.48	72
104.512	104.64	55
104.512	104.64	64
104.512	104.64	71
104.512	104.64	83
104.64	104.736	86
104.768	104.864	53
104.768	104.896	62
104.768	104.896	71
104.768	104.896	79
104.928	105.024	83
105.056	105.152	52
105.056	105.152	72
105.056	105.152	84
105.056	105.184	60
105.184	105.312	79
105.344	105.44	64
105.344	105.44	67
105.344	105.44	76
105.344	105.472	48
105.472	105.632	72
105.632	105.824	77
105.632	105.856	50
105.632	105.856	65
105.728	105.856	59
105.728	105.856	93
105.984	106.144	76
105.984	106.144	88
106.112	106.272	87
106.112	106.304	75
106.272	106.432	74
106.4	106.56	73
106.4	106.56	85
106.56	106.688	72
106.56	106.688	84
106.688	106.816	71
106.688	106.816	83
106.848	106.944	64
106.848	106.976	76
106.848	107.104	57
106.88	107.008	48
106.912	107.104	91
107.168	107.328	75
107.168	107.328	87
107.296	107.424	86
107.328	107.424	74
107.488	107.648	72
107.616	107.776	71
107.616	107.776	83
107.744	107.904	70
107.776	107.872	82
107.872	108.032	69
107.904	108.0	81
108.032	108.16	57
108.032	108.16	65
108.16	108.288	64
108.16	108.32	76
108.288	108.48	63
108.288	108.48	75
108.448	108.544	74
108.448	108.576	62
108.576	108.672	64
108.576	108.704	56
108.736	108.864	72
108.736	108.896	60
108.864	109.024	59
108.864	109.024	71
108.992	109.184	58
108.992	109.184	70
109.152	109.376	57
109.312	109.504	53
109.312	109.504	65
109.472	109.632	52
109.472	109.632	64
109.6	109.792	51
109.6	109.792	63
109.76	109.92	50
109.76	109.92	62
109.888	110.048	48
109.888	110.08	60
110.016	110.208	47
110.016	110.208	59
110.176	110.336	46
110.176	110.816	58
110.336	110.56	69
110.336	110.976	57
110.336	111.2	45
110.656	110.816	77
110.656	110.848	81
110.656	110.976	89
110.816	110.976	84
110.816	111.2	77
110.976	111.2	57
110.976	111.2	69
110.976	111.2	76
111.104	111.296	72
111.136	111.232	64
111.264	111.392	48
111.264	111.392	60
111.36	111.488	59
111.36	111.52	47
111.456	111.584	45
111.456	111.584	57
111.552	111.872	56
111.552	112.448	44
111.872	112.032	68
111.872	112.032	87
111.872	112.128	80
112.0	112.192	83
112.0	112.416	75
112.16	112.416	68
112.16	112.416	76
112.288	112.448	71
112.352	112.448	64
112.48	112.608	40
112.544	112.704	42
112.576	112.672	54
112.672	112.768	56
112.672	112.992	44
112.736	113.536	57
112.736	113.568	45
112.768	112.8	69
113.056	113.344	89
113.088	113.216	81
113.216	113.344	84
113.216	113.376	77
113.344	113.6	69
113.376	113.6	76
113.472	113.696	72
113.504	113.664	64
113.664	113.792	48
113.664	113.792	60
113.76	113.888	59
113.76	113.92	47
113.856	113.984	45
113.856	113.984	57
113.952	114.272	56
113.952	114.816	44
114.24	114.432	68
114.24	114.432	87
114.24	114.56	80
114.4	114.592	83
114.4	114.72	75
114.56	114.688	64
114.56	114.784	68
114.56	114.784	76
114.688	114.816	64
114.688	114.816	71
114.976	115.168	52
114.976	115.296	40
115.072	115.168	42
115.072	115.168	54
115.072	115.168	66
115.136	115.552	56
115.2	115.52	69
115.2	115.808	57
115.52	115.648	77
115.52	115.872	81
115.52	115.904	89
115.648	115.968	77
115.648	115.968	84
115.808	116.064	57
115.808	116.128	76
115.936	116.064	64
115.968	116.064	44
115.968	116.096	72
116.096	116.288	60
116.128	116.224	48
116.192	116.352	47
116.224	116.288	71
116.224	116.352	59
116.32	116.448	57
116.32	116.448	69
116.416	116.576	44
116.416	116.896	56
116.416	117.248	32
116.576	117.344	44
116.704	117.024	80
116.736	116.896	87
116.864	117.024	83
116.864	117.152	75
116.992	117.216	68
116.992	117.28	76
117.152	117.312	71
117.312	117.536	52
117.312	117.568	40
117.408	117.536	54
117.408	117.536	66
117.408	117.568	42
117.504	117.632	32
117.504	117.632	44
117.504	117.632	56
117.6	117.824	69
117.6	117.952	33
117.6	118.08	57
117.888	117.952	77
117.888	118.016	89
117.888	118.048	81
118.048	118.208	77
118.048	118.304	81
118.048	118.4	84
118.08	118.208	57
118.208	118.368	76
118.208	118.464	57
118.208	118.464	69
118.336	118.4	44
118.336	118.464	64
118.336	118.528	72
118.496	118.624	48
118.496	118.656	60
118.592	118.72	59
118.592	118.752	47
118.72	118.816	57
118.72	118.816	69
118.816	119.104	56
118.816	119.648	32
119.104	119.328	80
119.104	119.36	87
119.104	119.52	44
119.232	119.424	75
119.232	119.424	83
119.392	119.552	68
119.392	119.616	76
119.52	119.648	64
119.52	119.648	71
119.52	119.744	44
119.808	119.968	45
119.808	119.968	57
119.84	119.904	69
119.904	120.0	59
119.968	120.064	60
120.032	120.544	61
120.032	120.64	37
120.032	120.832	49
120.352	120.544	94
120.352	120.672	60
120.48	120.704	91
120.512	120.704	82
120.672	120.864	61
120.672	120.896	81
120.704	120.864	76
120.8	120.864	69
120.8	120.992	79
120.96	121.088	45
120.96	121.088	57
120.96	121.088	69
121.056	121.184	47
121.056	121.184	59
121.152	121.28	49
121.152	121.28	61
121.248	121.568	62
121.248	122.144	38
121.248	122.176	50
121.568	121.728	62
121.568	121.728	81
121.568	121.92	88
121.696	121.856	64
121.696	121.888	76
121.696	121.952	86
121.728	121.984	62
121.856	122.112	69
121.856	122.144	77
121.984	122.144	74
121.984	122.176	62
121.984	122.176	65
122.176	122.272	52
122.176	122.272	64
122.24	122.4	50
122.24	122.4	62
122.336	122.72	48
122.336	122.784	60
122.432	122.88	47
122.432	123.328	59
122.752	122.816	64
122.752	122.944	86
122.752	123.04	92
122.912	123.072	89
122.912	123.104	80
122.912	123.296	47
123.04	123.264	79
123.2	123.296	77
123.2	123.328	67
123.36	123.488	43
123.36	123.488	55
123.36	123.488	67
123.456	123.584	45
123.456	123.584	57
123.456	123.584	64
123.456	123.584	69
123.552	123.68	59
123.552	123.712	47
123.648	124.128	60
123.648	124.512	48
123.968	124.128	79
123.968	124.256	87
124.096	124.288	75
124.096	124.288	84
124.128	124.384	60
124.256	124.416	76
124.256	124.416	79
124.256	124.48	67
124.384	124.512	72
124.384	124.544	60
124.384	124.544	64
124.544	124.704	47
124.544	124.704	59
124.672	124.8	48
124.672	124.864	60
124.736	124.896	49
124.736	124.896	61
124.768	124.864	37
124.864	125.184	62
124.864	125.312	38
124.864	125.312	50
125.184	125.312	62
125.184	125.312	86
125.184	125.312	95
125.312	125.472	50
125.312	125.472	62
125.312	125.504	89
125.312	125.536	83
125.312	125.728	38
125.44	125.728	82
125.472	125.6	50
125.472	125.728	62
125.6	125.728	70
125.6	125.728	77
125.6	125.76	50
125.76	125.888	46
125.76	125.888	58
125.856	125.984	60
125.888	125.984	48
125.952	126.112	62
125.952	126.56	50
126.08	126.4	64
126.08	126.528	52
126.08	127.008	40
126.4	126.464	80
126.4	126.752	83
126.4	126.816	92
126.4	127.008	64
126.528	126.72	86
126.528	126.784	80
126.528	127.008	52
126.688	126.944	72
126.688	126.944	81
126.816	126.976	38
126.816	127.008	50
126.816	127.008	69
126.816	127.008	76
126.976	127.104	53
126.976	127.136	65
127.072	127.2	64
127.072	127.232	52
127.168	127.264	51
127.168	127.296	63
127.168	127.296	75
127.264	127.616	38
127.264	127.616	62
127.264	127.744	50
127.584	127.776	81
127.584	127.904	89
127.616	127.648	47
127.744	127.936	50
127.744	127.936	77
127.744	127.936	83
127.904	128.064	52
127.904	128.064	64
127.904	128.16	40
127.904	128.16	68
127.904	128.16	76
128.064	128.16	71
128.064	128.192	64
128.064	128.224	52
128.192	128.352	50
128.192	128.352	62
128.32	128.448	48
128.32	128.448	60
128.416	128.544	35
128.416	128.576	47
128.416	128.576	59
128.544	128.896	69
128.544	129.248	57
128.864	129.024	84
128.864	129.056	88
128.864	129.184	60
128.864	129.184	64
128.864	129.184	96
128.864	129.216	72
129.024	129.376	84
129.184	129.472	60
129.184	129.472	69
129.184	129.568	93
129.216	129.376	81
129.376	129.568	81
129.856	130.048	88
129.856	130.048	96
129.856	130.08	100
130.016	130.528	38
130.144	130.656	40
130.272	130.464	41
130.432	130.592	56
130.464	130.624	44
130.592	130.656	57
130.72	130.816	44
130.72	130.848	59
130.72	130.848	86
130.72	130.88	47
130.72	130.88	98
130.848	130.976	96
130.848	131.008	84
130.848	131.04	48
131.008	131.136	83
131.008	131.136	95
131.008	131.168	92
131.008	131.2	50
131.04	131.136	47
131.136	131.2	89
131.136	131.232	77
131.136	131.264	52
131.136	131.264	81
131.136	131.296	93
131.264	131.424	50
131.264	131.424	80
131.264	131.424	92
131.264	131.488	53
131.392	131.52	89
131.392	131.552	77
131.392	131.552	86
131.392	131.584	56
131.552	131.648	53
131.552	131.68	57
131.552	131.68	76
131.552	131.68	84
131.552	131.68	88
131.68	131.808	59
131.68	131.808	74
131.68	131.84	56
131.68	131.84	83
131.68	131.84	86
131.808	131.968	69
131.808	131.968	72
131.808	131.968	84
131.808	132.0	57
131.808	132.0	60
131.808	132.0	81
131.968	132.128	59
131.968	132.128	62
131.968	132.128	71
131.968	132.128	80
131.968	132.128	83
132.096	132.256	57
132.096	132.256	69
132.096	132.288	60
132.096	132.48	81
132.096	132.608	72
132.096	132.64	84
132.224	132.416	59
132.224	132.416	62
132.384	132.576	64
132.384	132.576	76
132.384	132.608	60
132.512	132.672	62
132.512	132.672	65
132.512	132.672	77
132.672	132.864	62
132.672	132.864	65
132.672	132.864	77
132.832	132.992	60
132.832	132.992	64
132.832	132.992	76
132.96	133.152	62
132.96	133.152	74
132.96	133.152	86
132.96	133.184	59
132.96	133.184	83
133.088	133.28	57
133.088	133.28	60
133.088	133.28	76
133.088	133.28	84
133.088	133.28	88
133.248	133.408	83
133.248	133.504	62
133.248	133.504	86
133.248	133.536	74
133.376	133.536	84
133.376	133.568	60
133.376	133.568	69
133.376	133.568	72
133.376	133.664	57
133.376	133.664	81
133.536	133.696	56
133.536	133.696	80
133.536	133.696	83
133.536	133.856	71
133.664	133.856	53
133.664	133.856	69
133.664	133.856	77
133.664	133.856	81
133.664	133.888	57
133.824	134.496	52
133.824	134.496	56
133.824	134.496	80
133.824	134.528	68
133.824	134.56	76
134.464	134.56	100
134.464	134.656	33
134.464	134.688	88
134.624	134.72	59
134.624	134.784	47
134.752	134.912	48
134.752	134.944	60
134.752	135.04	36
134.88	135.072	38
134.88	135.072	50
135.04	135.2	40
135.04	135.2	52
135.168	135.328	41
135.168	135.36	53
135.328	135.456	44
135.328	135.488	56
135.328	135.488	86
135.456	135.552	96
135.456	135.584	57
135.456	135.584	93
135.456	135.616	84
135.584	135.616	71
135.584	135.712	95
135.584	135.744	47
135.584	135.744	83
135.584	135.776	59
135.584	135.808	92
135.712	135.84	89
135.712	135.872	48
135.712	135.904	60
135.712	135.904	81
135.712	135.904	93
135.872	136.0	50
135.872	136.032	62
135.872	136.032	80
135.872	136.032	92
135.904	135.968	88
136.0	136.16	52
136.0	136.16	64
136.0	136.16	86
136.0	136.16	89
136.0	136.192	77
136.128	136.224	65
136.128	136.256	84
136.128	136.288	53
136.128	136.288	76
136.128	136.288	88
136.288	136.448	56
136.288	136.448	68
136.288	136.448	74
136.288	136.448	83
136.288	136.448	86
136.416	136.544	84
136.416	136.576	57
136.416	136.576	69
136.416	136.576	72
136.416	136.576	81
136.544	136.672	59
136.544	136.736	71
136.544	136.736	80
136.544	136.736	83
136.704	136.864	69
136.704	136.96	57
136.704	136.992	72
136.704	136.992	81
136.704	136.992	84
136.832	136.992	56
136.832	136.992	68
136.96	137.152	53
136.96	137.152	65
136.96	137.152	77
137.12	137.312	52
137.12	137.312	64
137.248	137.44	65
137.248	137.472	53
137.408	137.536	52
137.408	137.568	64
137.408	137.568	76
137.536	137.696	83
137.536	137.696	86
137.536	137.728	62
137.536	137.728	74
137.536	137.76	50
137.696	137.856	60
137.696	137.856	84
137.696	137.856	88
137.696	137.888	48
137.696	138.048	76
137.824	137.984	47
137.824	138.016	74
137.824	138.048	86
137.824	138.144	59
137.952	138.112	72
137.952	138.144	57
137.952	138.144	84
138.112	138.272	71
138.112	138.272	83
138.112	138.368	44
138.24	138.432	81
138.24	138.464	53
138.24	138.464	69
138.4	139.008	80
138.4	139.04	52
138.4	139.04	68
138.976	139.168	58
139.008	139.072	64
139.008	139.168	70
139.008	139.168	76
139.008	139.232	73
139.008	139.232	85
139.136	139.296	57
139.136	139.36	69
139.264	139.456	55
139.264	139.488	67
139.424	139.552	64
139.424	139.584	52
139.552	139.744	49
139.552	139.744	61
139.552	139.744	81
139.552	139.776	73
139.712	139.84	46
139.712	139.84	58
139.84	140.0	57
139.84	140.0	69
139.84	140.0	74
139.84	140.0	83
139.84	140.0	86
139.84	140.032	45
139.968	140.16	55
139.968	140.16	76
139.968	140.16	88
140.0	140.16	79
140.128	140.224	86
140.128	140.256	38
140.128	140.288	50
140.128	140.288	53
140.128	140.288	77
140.128	140.288	89
140.256	140.384	40
140.256	140.384	49
140.256	140.416	52
140.256	140.544	79
140.256	140.608	91
140.384	140.512	81
140.384	140.544	93
140.384	140.576	50
140.384	140.608	89
140.512	140.576	95
140.512	140.672	49
140.512	140.704	83
140.544	140.576	37
140.672	140.768	31
140.672	140.832	85
140.672	140.832	97
140.672	140.896	43
140.704	140.736	33
140.8	140.96	86
140.8	140.96	98
140.8	140.992	52
140.8	141.088	40
140.928	140.96	33
140.928	140.992	37
140.928	141.12	88
140.928	141.12	100
140.928	141.216	43
140.96	141.088	31
141.088	141.152	53
141.088	141.184	98
141.088	141.184	101
141.088	141.248	89
141.088	141.344	41
141.216	141.408	83
141.216	141.472	56
141.216	141.504	74
141.216	141.536	68
141.216	141.568	71
141.376	141.568	55
141.376	141.664	67
141.408	141.568	79
141.536	141.696	65
141.536	141.856	53
141.664	141.824	62
141.664	141.856	50
141.792	141.984	47
141.792	141.984	59
141.792	142.016	79
141.952	142.08	44
141.952	142.112	56
142.08	142.208	81
142.08	142.24	72
142.08	142.24	84
142.08	142.304	55
142.08	142.528	43
142.208	142.336	74
142.208	142.4	53
142.208	142.4	83
142.208	142.4	86
142.368	142.496	76
142.368	142.528	52
142.368	142.528	88
142.368	142.624	84
142.496	142.56	47
142.496	142.592	45
142.496	142.656	86
142.496	142.656	89
142.496	142.688	77
142.496	142.72	50
142.624	142.72	79
142.624	142.752	36
142.624	142.784	48
142.624	142.784	91
142.752	142.944	81
142.752	143.072	89
142.752	143.168	93
142.784	142.944	47
142.912	143.008	91
142.912	143.04	95
142.912	143.104	83
143.04	143.072	33
143.04	143.104	40
143.04	143.232	84
143.04	143.232	96
143.072	143.232	43
143.168	143.36	98
143.2	143.328	86
143.328	143.488	40
143.328	143.488	88
143.328	143.68	100
143.456	143.616	101
143.456	143.68	95
143.456	143.712	92
143.456	143.776	89
143.456	143.808	38
143.456	143.808	50
143.648	143.712	53
143.648	143.744	65
143.648	143.776	86
143.648	143.776	98
143.776	143.872	56
143.776	143.904	83
143.776	143.936	95
143.776	144.096	44
143.904	144.064	80
143.904	144.32	47
143.904	144.32	92
143.936	144.064	59
144.064	144.128	68
144.064	144.16	38
144.064	144.224	89
144.064	144.256	50
144.064	144.288	77
144.064	144.32	83
144.064	144.384	80
144.192	144.32	87
144.192	144.352	63
144.192	144.352	75
144.192	144.384	51
144.352	144.544	76
144.352	144.608	40
144.352	144.608	52
144.352	144.608	88
144.352	144.64	64
144.48	144.576	98
144.48	144.608	65
144.48	144.64	53
144.48	144.672	74
144.48	144.672	86
144.64	144.672	32
144.64	144.832	84
144.64	144.832	90
144.64	144.864	87
144.832	144.992	93
144.832	145.12	81
144.96	145.184	90
144.96	145.216	51
144.96	145.472	78
145.088	145.216	54
145.088	145.216	75
145.088	145.248	87
145.12	145.184	42
145.216	145.408	63
145.216	145.44	57
145.216	145.504	75
145.216	145.536	72
145.216	145.536	84
145.216	145.568	54
145.216	145.6	51
145.248	145.408	60
145.376	145.536	58
145.376	145.536	70
145.376	145.536	82
145.504	145.632	59
145.504	145.632	71
145.504	145.632	83
145.504	145.696	47
145.664	145.76	60
145.664	145.824	48
145.664	145.824	69
145.664	145.856	81
145.824	145.984	65
145.824	146.048	59
145.824	146.08	50
145.824	146.112	71
145.824	146.112	77
145.952	146.144	63
145.952	146.144	75
145.952	146.176	51
146.08	146.368	52
146.08	146.368	64
146.08	146.368	76
146.24	146.4	53
146.24	146.4	62
146.24	146.4	74
146.368	146.56	68
146.368	146.592	61
146.368	146.624	73
146.368	146.656	52
146.368	146.72	64
146.368	147.04	56
146.528	146.688	59
146.528	146.752	71
146.656	146.816	72
146.656	147.008	62
146.656	147.04	52
146.656	147.04	60
146.816	147.008	59
146.816	147.04	71
147.008	147.584	45
147.008	147.776	50
147.008	147.776	62
147.008	147.808	53
147.008	147.84	69
147.008	148.384	57
147.744	148.384	48
147.744	148.416	52
147.744	148.416	60
147.744	148.416	64
147.776	148.384	76
148.96	149.216	88
148.96	149.28	64
149.152	149.504	89
149.184	149.312	65
149.28	149.504	64
149.28	149.504	88
149.472	150.368	84
149.472	150.528	60
150.016	150.208	57
150.016	150.336	45
150.048	150.4	52
150.08	150.336	72
150.496	150.624	81
150.528	150.656	57
150.656	150.784	59
150.656	150.784	83
150.784	150.944	57
150.784	150.944	81
150.912	151.008	59
150.912	151.008	83
151.04	151.168	60
151.04	151.168	84
151.136	151.392	59
151.168	151.328	83
151.296	151.392	80
151.296	151.424	56
151.424	151.552	57
151.424	151.552	81
151.52	151.68	56
151.52	151.68	80
151.68	151.776	52
151.68	151.808	76
151.776	151.936	53
151.776	151.936	77
151.904	152.032	76
151.904	152.32	52
152.192	152.448	45
152.256	152.448	56
152.256	152.448	62
152.608	152.736	88
152.608	152.96	64
152.8	152.992	89
152.832	152.992	65
152.832	152.992	77
152.96	153.088	64
152.96	153.152	88
153.12	153.248	72
153.12	153.696	84
153.12	154.016	60
153.696	153.984	45
153.696	153.984	52
153.696	153.984	72
154.144	154.272	69
154.144	154.336	60
154.144	154.336	64
154.144	154.4	57
154.304	154.464	59
154.304	154.464	62
154.4	154.56	57
154.4	154.56	60
154.528	154.688	59
154.528	154.72	56
154.56	154.656	64
154.656	154.816	60
154.656	154.88	57
154.688	154.816	69
154.784	154.912	55
154.784	154.912	59
154.816	154.88	67
154.912	155.072	69
154.912	155.104	63
154.912	155.264	54
154.912	155.264	59
155.04	155.232	71
155.04	155.264	55
155.04	155.264	67
155.168	155.328	53
155.168	155.328	69
155.296	155.392	64
155.296	155.552	52
155.296	155.584	68
155.424	155.488	41
155.424	155.648	53
155.424	155.808	69
155.552	156.0	52
155.584	155.808	68
155.776	156.192	40
156.256	156.544	64
156.288	156.384	88
156.48	156.64	65
156.48	156.736	89
156.608	156.8	64
156.608	156.8	88
156.768	157.408	84
156.768	157.792	60
157.344	157.632	52
157.376	157.632	45
157.824	157.952	57
157.824	157.952	81
157.984	158.08	59
157.984	158.112	83
158.08	158.112	69
158.08	158.24	81
158.08	158.272	57
158.208	158.304	47
158.208	158.304	59
158.208	158.336	83
158.336	158.496	60
158.336	158.496	84
158.464	158.624	83
158.464	158.656	59
158.592	158.72	56
158.592	158.752	80
158.72	158.848	81
158.72	158.88	57
158.816	158.976	80
158.816	159.008	56
158.976	159.04	52
158.976	159.104	76
159.104	159.232	77
159.104	159.264	53
159.2	159.616	52
159.232	159.328	76
159.52	159.744	45
159.584	159.744	56
159.584	159.744	62
159.904	160.192	64
159.936	160.064	88
160.128	160.288	65
160.128	160.288	89
160.16	160.288	77
160.256	160.416	64
160.256	160.448	88
160.448	161.024	84
160.448	161.312	60
160.992	161.28	45
160.992	161.28	52
161.024	161.28	72
161.472	161.6	69
161.472	161.664	64
161.472	161.728	57
161.472	161.728	60
161.6	161.76	62
161.728	161.824	69
161.728	161.888	57
161.728	161.888	60
161.856	162.016	56
161.856	162.016	59
161.856	162.016	64
161.888	161.92	52
161.984	162.144	60
161.984	162.144	69
161.984	162.176	57
162.112	162.208	67
162.112	162.24	55
162.112	162.304	59
162.24	162.4	69
162.24	162.432	63
162.24	162.496	54
162.368	162.56	55
162.368	162.56	67
162.368	162.56	71
162.464	162.624	53
162.464	162.656	69
162.624	162.784	64
162.624	162.88	52
162.624	162.88	68
162.752	163.04	53
162.752	163.104	69
162.88	163.136	68
162.88	163.36	52
163.072	163.616	40
163.584	163.712	88
163.584	163.84	64
163.776	163.936	65
163.776	164.0	89
163.904	164.096	64
163.904	164.096	88
164.064	164.704	85
164.096	165.12	61
164.672	164.96	55
164.672	164.96	58
165.152	165.28	81
165.152	165.344	57
165.312	165.504	58
165.312	165.504	82
165.44	165.536	69
165.44	165.632	81
165.44	165.664	57
165.6	165.728	62
165.6	165.76	86
165.76	165.92	64
165.76	165.92	88
165.888	166.048	86
165.888	166.112	62
166.08	166.368	69
166.08	166.56	61
166.112	166.304	73
166.24	166.528	70
166.24	166.56	64
166.368	166.688	69
166.528	166.72	65
166.528	166.944	57
166.656	166.912	67
166.656	166.976	62
166.816	167.008	65
166.912	167.04	53
166.944	167.328	57
167.008	167.104	69
167.04	167.296	53
167.04	167.328	62
167.456	167.584	86
167.456	167.808	62
167.648	167.872	88
167.68	167.904	64
167.776	168.0	86
167.808	168.416	62
167.968	168.48	83
167.968	168.64	59
168.544	168.768	53
168.576	168.768	71
168.64	168.8	56
168.992	169.152	55
169.024	169.152	79
169.184	169.344	81
169.184	169.376	57
169.312	169.504	55
169.312	169.504	79
169.472	169.6	60
169.472	169.6	84
169.632	169.792	62
169.632	169.792	86
169.76	169.92	84
169.76	170.016	60
169.952	170.176	67
169.952	170.432	59
170.112	170.4	69
170.144	170.432	62
170.24	170.432	67
170.4	170.496	64
170.4	170.848	55
170.528	170.72	65
170.528	170.816	60
170.688	170.848	64
170.816	170.912	60
170.816	171.296	52
170.848	171.296	55
170.912	171.328	60
171.552	171.936	62
171.552	171.936	86
171.776	172.096	88
171.808	172.16	64
171.936	172.16	86
171.936	172.224	62
172.128	172.864	65
172.16	172.544	89
172.8	173.248	50
172.8	173.248	59
172.832	173.248	77
173.632	173.792	68
173.632	173.792	71
173.632	173.856	65
173.76	173.888	62
173.792	173.888	71
174.336	174.688	60
174.336	174.688	84
174.528	174.912	86
174.528	174.944	62
174.688	174.944	60
174.688	174.976	84
174.88	175.04	88
174.88	175.904	64
175.584	175.968	48
175.584	175.968	57
175.584	175.968	81
176.288	176.416	64
176.288	176.416	69
176.384	176.512	70
176.416	176.512	62
176.448	176.576	69
177.056	177.152	65
177.056	177.184	50
177.056	177.216	71
177.184	177.664	50
177.568	177.728	77
177.568	177.792	65
177.568	177.824	69
177.664	177.76	71
177.664	177.76	79
177.664	178.08	62
177.728	177.856	77
178.08	178.176	68
178.08	178.176	76
178.08	178.24	71
178.08	178.592	52
178.56	178.656	56
178.56	178.656	64
178.56	178.72	68
178.56	178.72	83
178.56	178.784	74
178.656	178.752	64
178.656	178.752	84
178.688	178.784	76
178.72	178.88	83
179.04	179.136	60
179.04	179.136	64
179.04	179.168	72
179.04	179.2	81
179.04	179.648	57
179.072	179.168	69
179.168	179.296	83
179.2	179.36	76
179.2	179.36	81
179.232	179.296	72
179.616	179.84	89
179.616	179.872	81
179.616	179.904	45
179.648	179.936	57
179.712	179.904	91
179.84	179.936	89
180.288	180.768	84
181.984	182.176	52
181.984	182.272	64
181.984	182.272	69
181.984	182.304	45
181.984	182.336	57
181.984	182.336	60
182.176	182.496	52
182.272	182.592	64
182.368	182.464	47
182.432	182.624	62
182.496	182.688	52
182.592	182.784	64
182.688	182.88	52
182.72	183.008	44
182.784	182.912	32
182.784	182.976	64
182.784	183.04	59
182.88	183.168	52
182.976	183.008	71
182.976	183.168	64
183.136	183.328	69
183.136	183.36	57
183.232	183.392	64
183.328	183.456	59
183.424	183.616	52
183.424	183.648	64
183.424	183.776	57
183.456	183.712	60
183.616	183.904	52
183.648	183.712	64
183.712	183.872	64
183.808	183.968	47
183.872	184.032	64
183.872	184.096	62
183.968	184.128	52
184.032	184.224	64
184.128	184.48	52
184.224	184.384	64
184.224	184.544	59
184.32	184.544	51
184.352	184.448	39
184.416	184.576	63
184.416	184.576	69
184.544	184.608	40
184.544	184.704	52
184.608	184.768	64
184.608	184.832	68
184.608	184.896	40
184.704	184.864	52
184.704	184.864	56
184.8	184.896	64
184.928	185.152	64
184.928	185.216	76
184.928	185.248	69
184.928	185.28	45
184.928	185.28	57
184.928	185.28	72
185.12	185.248	48
185.12	185.28	60
185.216	185.312	64
185.216	185.312	76
185.312	185.504	59
185.312	185.6	47
185.376	185.504	64
185.376	185.568	74
185.408	185.536	76
185.472	185.6	45
185.472	185.664	57
185.536	185.664	76
185.568	185.632	72
185.632	185.728	44
185.632	185.76	56
185.664	185.76	68
185.728	185.984	44
185.728	185.984	76
185.728	186.048	71
185.824	185.984	52
185.824	186.016	40
185.92	186.112	83
185.984	186.208	54
186.112	186.208	69
186.112	186.272	64
186.112	186.272	76
186.176	186.304	56
186.208	186.272	44
186.208	186.304	68
186.272	186.4	64
186.272	186.4	71
186.272	186.4	76
186.272	186.432	44
186.4	186.592	69
186.4	186.624	64
186.4	186.688	76
186.4	186.72	45
186.4	186.72	57
186.4	186.72	72
186.592	186.688	48
186.592	186.72	60
186.688	186.784	64
186.688	186.784	76
186.752	187.04	59
186.752	187.072	47
186.848	186.944	64
186.848	187.008	76
186.848	187.04	74
186.912	187.04	69
186.912	187.136	57
187.008	187.072	44
187.008	187.104	64
187.008	187.136	72
187.008	187.2	76
187.104	187.2	44
187.104	187.232	56
187.104	187.232	68
187.2	187.392	71
187.2	187.424	44
187.2	187.424	64
187.2	187.424	76
187.296	187.424	53
187.296	187.488	41
187.392	187.52	69
187.392	187.52	75
187.392	187.552	81
187.488	187.68	52
187.488	187.904	40
187.552	187.712	80
187.552	187.744	68
187.584	187.712	76
187.648	187.776	64
187.648	187.808	56
187.744	187.872	68
187.744	187.872	71
187.744	187.872	76
187.872	188.0	64
187.872	188.032	73
187.872	188.096	57
187.872	188.096	69
187.872	188.096	76
187.872	188.16	45
188.064	188.16	59
188.064	188.224	47
188.16	188.256	69
188.16	188.288	64
188.16	188.288	76
188.224	188.608	49
188.256	188.352	73
188.256	188.416	61
188.288	188.416	69
188.288	188.48	64
188.288	188.48	76
188.416	188.544	57
188.416	188.544	69
188.48	188.608	64
188.48	188.704	76
188.576	188.672	62
188.576	188.832	50
188.672	188.832	74
188.672	188.864	62
188.672	188.864	77
188.672	188.864	86
188.768	188.896	61
188.768	188.928	70
188.832	188.96	79
188.832	188.96	88
188.864	188.96	76
188.928	189.12	69
188.928	189.152	62
189.024	189.216	77
189.024	189.28	89
189.024	189.344	81
189.12	189.248	53
189.12	189.248	65
189.12	189.312	69
189.216	189.312	74
189.216	189.312	77
189.216	189.344	86
189.312	189.472	55
189.312	189.536	62
189.312	189.632	71
189.312	189.664	74
189.312	189.696	43
189.312	189.696	67
189.504	189.632	69
189.504	189.696	57
189.6	189.696	62
189.6	189.696	72
189.696	189.888	59
189.696	189.952	47
189.76	189.92	62
189.76	189.984	67
189.76	190.048	74
189.824	189.952	43
189.92	190.048	62
190.016	190.208	60
190.016	190.304	48
190.112	190.24	88
190.112	190.272	76
190.112	190.272	84
190.208	190.368	67
190.208	190.4	62
190.272	190.4	77
190.304	190.4	89
190.368	190.464	79
190.368	190.56	67
190.368	190.688	64
190.464	190.656	84
190.464	190.72	79
190.464	190.752	91
190.56	190.72	60
190.56	190.72	67
190.656	190.752	84
190.656	190.816	76
190.656	190.816	88
190.784	190.848	68
190.784	190.976	50
190.784	191.008	83
190.784	191.072	89
190.784	191.136	77
190.784	191.168	80
190.976	191.072	56
190.976	191.136	71
191.008	191.04	59
191.008	191.136	68
191.04	191.168	86
191.072	191.232	83
191.136	191.296	68
191.136	191.328	64
191.136	191.328	71
191.232	191.424	76
191.232	191.488	88
191.232	191.52	80
191.232	191.52	83
191.296	191.52	62
191.328	191.616	71
191.392	191.52	77
191.392	191.584	89
191.488	191.584	88
191.488	191.616	60
191.488	191.616	69
191.488	191.616	72
191.584	191.776	76
191.584	191.776	81
191.584	191.904	88
191.68	191.776	68
191.776	191.872	68
191.776	191.872	74
191.776	191.872	77
191.776	191.968	86
191.84	191.968	64
191.84	191.968	69
191.84	192.064	57
191.936	192.064	84
191.936	192.128	76
191.936	192.16	81
192.032	192.16	55
192.032	192.192	61
192.032	192.256	64
192.128	192.256	73
192.128	192.256	76
192.128	192.256	82
192.128	192.256	85
192.224	192.352	65
192.224	192.448	53
192.224	192.448	62
192.224	192.448	74
192.256	192.32	77
192.32	192.448	82
192.32	192.48	77
192.32	192.544	86
192.416	192.576	63
192.416	192.672	60
192.448	192.576	87
192.448	192.608	75
192.448	192.64	57
192.544	192.64	89
192.544	192.704	81
192.608	192.768	64
192.64	192.736	83
192.64	192.832	52
192.64	193.024	57
192.704	192.96	81
192.736	192.864	93
192.736	192.896	84
192.832	193.024	59
192.832	193.088	52
192.832	193.12	56
192.832	193.12	64
192.928	193.12	92
192.96	193.088	83
192.96	193.12	80
192.96	193.248	88
193.088	193.152	69
193.088	193.536	81
193.088	193.792	57
193.088	193.856	45
193.088	193.888	52
193.536	193.856	60
193.536	193.856	64
193.536	193.856	72
193.536	193.856	76
193.536	193.888	69
193.536	193.888	81
193.792	193.888	57
194.528	194.656	57
194.528	194.656	84
194.656	194.752	81
194.72	194.88	76
194.752	194.88	52
194.88	194.976	72
195.008	195.136	60
195.008	195.168	69
195.136	195.232	64
195.136	195.232	76
195.264	195.36	72
195.264	195.392	57
195.36	195.488	64
195.392	195.488	69
195.488	195.552	76
195.552	195.648	56
195.552	195.68	83
195.648	195.712	64
195.648	195.744	80
195.744	195.84	76
195.776	195.872	52
195.904	196.0	64
195.904	196.0	86
196.064	196.16	56
196.064	196.192	83
196.16	196.224	64
196.16	196.224	76
196.288	196.384	80
196.288	196.416	59
196.384	196.448	64
196.544	196.672	57
196.544	196.672	84
196.672	196.704	64
196.672	196.768	81
196.768	196.896	76
196.8	196.896	52
196.928	196.992	64
196.928	197.024	72
197.056	197.152	60
197.056	197.184	69
197.152	197.248	64
197.184	197.28	76
197.312	197.376	72
197.312	197.408	57
197.408	197.504	64
197.504	197.6	76
197.568	197.696	56
197.568	197.696	83
197.696	197.76	64
197.696	197.792	80
197.824	197.92	52
197.824	197.92	76
197.952	198.048	64
198.112	198.208	56
198.112	198.208	71
198.24	198.336	68
198.24	198.368	59
198.4	198.496	64
198.656	198.72	84
198.72	198.816	84
198.72	198.848	57
198.816	198.88	64
198.816	198.88	93
198.912	199.008	88
198.944	199.008	52
199.04	199.104	84
199.04	199.136	64
199.2	199.296	60
199.2	199.328	81
199.328	199.392	64
199.328	199.424	88
199.456	199.552	57
199.456	199.552	84
199.584	199.648	64
199.584	199.68	81
199.648	199.84	83
199.712	199.84	56
199.84	199.904	64
199.84	199.936	92
199.936	200.064	88
199.968	200.064	52
200.128	200.192	64
200.256	200.352	56
200.352	200.448	64
200.352	200.448	88
200.448	200.544	92
200.48	200.608	59
200.576	200.672	64
200.576	200.672	88
200.672	200.864	84
200.736	200.896	57
200.768	200.8	96
200.864	200.896	64
200.864	200.96	93
200.96	201.088	88
200.992	201.088	52
201.12	201.216	64
201.12	201.216	84
201.28	201.376	60
201.28	201.408	81
201.376	201.472	64
201.376	201.472	88
201.504	201.6	84
201.536	201.632	57
201.632	201.728	64
201.632	201.728	81
201.728	201.824	88
201.728	201.92	83
201.792	201.888	56
201.888	201.952	64
201.888	201.984	92
202.016	202.112	52
202.016	202.112	88
202.144	202.24	83
202.144	202.272	64
202.304	202.4	80
202.304	202.432	59
202.432	202.528	68
202.432	202.528	71
202.592	202.656	76
202.592	202.688	64
202.752	202.848	76
202.848	202.912	76
202.848	203.008	61
202.848	203.008	88
202.976	203.008	57
202.976	203.072	69
202.976	203.072	85
203.104	203.136	69
203.104	203.2	57
203.104	203.232	81
203.2	203.296	57
203.2	203.296	69
203.2	203.296	76
203.36	203.424	73
203.456	203.616	69
203.584	203.744	67
203.712	203.872	64
203.84	203.968	65
203.84	204.096	50
203.84	204.128	57
203.968	204.128	62
204.096	204.192	86
204.224	204.32	81
204.352	204.48	77
204.48	204.576	74
204.576	204.704	65
204.704	204.832	62
204.8	204.896	79
204.832	204.96	59
204.832	204.96	86
204.992	205.088	59
204.992	205.088	83
204.992	205.216	67
205.088	205.184	55
205.088	205.216	79
205.216	205.312	77
205.216	205.376	67
205.344	205.44	74
205.472	205.6	71
205.6	205.76	65
205.728	205.888	62
205.856	205.952	64
205.856	205.984	60
205.856	206.08	48
205.856	206.144	55
205.984	206.144	60
206.112	206.208	84
206.24	206.368	79
206.368	206.464	76
206.496	206.592	72
206.592	206.688	64
206.72	206.848	60
206.912	207.008	83
206.912	207.104	65
206.912	207.136	56
206.912	207.168	62
207.008	207.136	81
207.136	207.232	80
207.232	207.328	86
207.232	207.36	77
207.36	207.456	76
207.488	207.584	74
207.488	207.584	83
207.616	207.712	72
207.744	207.808	80
207.744	207.84	71
207.84	207.968	69
207.872	207.968	60
207.872	208.0	64
207.968	208.064	67
208.096	208.224	65
208.192	208.288	64
208.352	208.448	62
208.448	208.544	60
208.448	208.576	69
208.544	208.704	59
208.704	208.8	57
208.704	208.8	64
208.832	208.928	65
208.928	209.056	50
209.056	209.152	81
209.056	209.184	71
209.184	209.312	77
209.312	209.408	68
209.44	209.536	52
209.536	209.664	71
209.536	209.664	83
209.696	209.792	74
209.696	209.792	80
209.824	209.92	72
209.824	209.92	81
209.952	210.048	69
209.984	210.048	64
210.112	210.208	60
210.336	210.496	57
210.592	211.232	45
211.776	212.352	93
211.776	213.376	84
211.776	213.76	69
211.776	213.92	81
212.128	212.192	77
212.608	213.216	77
213.216	213.632	77
213.632	213.728	77
213.728	214.016	77
213.984	214.56	88
214.272	214.656	77
214.336	214.912	96
214.656	215.168	77
214.752	215.168	83
214.752	215.168	95
214.752	215.488	69
215.136	215.52	93
215.488	215.84	92
215.52	215.872	77
215.84	215.936	90
216.192	216.576	88
216.576	216.736	90
216.928	217.248	92
217.216	217.44	77
217.312	218.08	88
217.536	217.76	76
217.728	219.04	72
217.728	219.52	69
218.368	218.688	77
218.688	220.032	77
219.008	219.168	95
219.072	219.168	93
219.104	219.296	92
219.168	219.552	93
219.52	219.872	95
219.52	220.224	76
219.872	220.384	96
220.032	220.128	77
220.128	220.512	77
220.224	220.416	98
220.224	220.48	76
220.48	220.64	76
220.512	220.832	77
220.64	220.704	52
220.64	220.8	99
220.64	221.056	92
220.64	222.848	71
221.12	221.856	77
221.664	222.432	100
221.952	222.24	77
222.048	222.688	88
222.4	222.656	77
222.656	223.264	77
223.168	223.552	76
223.264	223.456	77
223.456	223.616	77
223.52	225.664	69
223.552	223.936	93
223.552	225.76	81
224.736	225.28	77
225.28	225.504	77
225.504	225.664	77
225.664	226.272	77
225.728	226.368	88
226.112	226.816	96
226.272	226.688	77
226.528	226.848	74
226.528	226.944	76
226.528	226.944	95
226.528	227.392	83
226.528	227.648	69
226.688	227.648	77
226.912	227.328	93
227.264	227.648	92
227.616	227.744	90
227.648	227.968	78
227.968	228.384	88
228.352	228.576	90
228.704	229.12	92
228.864	229.12	77
229.088	230.048	88
229.28	229.504	77
229.504	230.432	93
229.504	231.328	69
229.536	230.656	84
229.536	231.296	72
230.4	230.72	77
230.72	231.04	77
230.784	230.912	95
230.848	230.944	93
230.88	231.008	92
230.944	231.68	93
231.296	231.68	95
231.584	231.808	77
231.648	232.512	96
231.808	232.0	77
232.0	232.128	98
232.0	232.32	77
232.256	232.384	76
232.32	232.576	77
232.416	232.448	68
232.416	235.296	71
232.576	232.864	77
232.864	233.696	77
233.408	234.624	100
233.696	234.048	77
233.792	234.976	88
234.048	234.624	77
234.624	235.008	77
235.008	235.392	77
235.072	235.328	76
235.296	237.152	69
235.328	235.36	57
235.328	235.424	85
235.328	235.872	93
235.328	237.152	79
235.968	236.192	77
236.192	237.184	77
236.64	237.184	57
236.768	237.184	76
237.152	237.248	100
237.504	237.6	97
237.888	238.336	93
238.208	238.528	91
238.56	238.912	88
238.88	239.584	85
238.912	239.552	88
239.232	239.616	81
239.584	240.256	79
239.936	240.288	77
240.288	240.768	86
240.288	241.12	81
240.288	241.12	89
240.288	242.208	77
240.64	242.656	74
241.088	242.24	86
241.088	242.464	79
241.088	242.496	91
241.088	242.976	71
241.824	241.856	43
242.208	242.464	77
242.464	243.264	77
242.912	243.168	79
242.912	243.296	98
243.296	243.744	95
243.648	244.064	91
244.0	244.224	89
244.352	244.864	86
244.704	245.184	83
245.056	245.408	79
245.376	246.112	77
245.728	246.496	76
246.08	246.88	88
246.08	246.944	79
246.08	246.944	84
246.496	246.944	72
246.912	247.232	77
246.912	247.648	83
246.912	248.064	74
246.912	248.768	89
247.232	248.192	77
248.192	248.352	77
248.352	249.728	77
248.736	249.504	86
249.088	249.536	83
249.44	249.888	81
249.792	250.208	80
250.176	250.528	76
250.496	250.88	86
250.496	250.88	88
250.496	250.912	74
250.496	250.912	80
250.848	251.008	71
251.264	251.552	84
251.264	251.648	72
251.264	251.648	81
251.264	251.712	88
251.616	252.0	76
251.968	252.704	81
251.968	252.704	85
251.968	252.704	88
252.32	252.96	79
252.672	253.024	86
252.672	253.536	77
253.024	253.536	86
253.408	253.568	83
253.76	254.24	81
254.112	254.656	86
254.112	255.904	80
254.528	254.976	95
254.944	255.296	92
255.36	255.808	88
255.712	255.84	92
255.872	257.216	84
255.872	257.344	81
257.344	258.688	81
258.752	258.976	40
258.848	259.36	42
258.944	259.136	44
259.168	260.0	52
259.264	259.36	57
259.264	259.36	69
259.36	259.552	69
259.36	260.064	57
259.36	260.128	64
259.552	260.16	69
259.648	260.128	72
259.648	260.128	76
259.648	260.192	48
259.68	260.128	36
259.808	260.16	81
259.904	260.128	79
259.904	260.192	60
259.904	260.192	84
259.904	260.224	88
260.064	260.192	93
260.064	260.224	57
260.192	260.224	100
260.192	260.384	59
260.192	260.768	47
260.256	260.48	92
260.352	260.448	88
260.448	260.768	59
260.448	260.768	88
260.448	261.088	40
260.48	260.672	86
260.544	260.736	80
260.64	261.056	76
260.736	260.896	57
260.832	261.024	69
260.928	261.024	64
261.024	261.312	69
261.024	261.344	64
261.024	261.728	57
261.344	261.664	64
261.344	261.696	56
261.632	261.92	52
261.632	262.176	80
261.632	262.304	88
261.632	262.4	76
261.664	261.76	83
261.664	262.496	40
261.824	262.88	44
261.92	262.176	52
262.016	262.176	56
262.112	262.368	59
262.176	262.4	91
262.176	262.464	52
262.176	262.464	79
262.176	262.496	64
262.208	262.336	86
262.208	262.752	83
262.304	262.4	68
262.368	262.464	59
262.368	262.496	71
262.464	263.136	76
262.528	262.752	71
262.624	263.04	68
262.72	262.944	64
262.72	263.136	77
262.752	263.008	89
262.752	263.296	83
262.816	262.944	59
262.912	263.104	56
263.008	263.296	52
263.104	263.648	47
263.2	263.296	40
263.296	263.36	64
263.296	263.392	40
263.296	263.616	88
263.296	263.648	76
263.296	263.648	83
263.296	263.712	52
263.392	264.608	40
263.616	263.936	33
263.712	264.608	52
263.744	263.936	64
263.84	263.936	57
263.84	263.936	69
263.936	264.128	69
263.936	264.16	33
263.936	264.704	64
263.936	264.768	57
264.128	264.704	69
264.192	264.704	76
264.224	264.672	72
264.224	264.768	48
264.384	264.736	81
264.448	264.736	88
264.48	264.608	79
264.48	264.704	84
264.64	264.768	93
264.736	264.928	88
264.736	264.992	100
264.736	265.312	47
264.832	265.056	92
264.928	265.024	88
265.024	265.056	40
265.024	265.248	86
265.024	265.28	59
265.024	265.344	88
265.12	265.28	80
265.216	265.344	76
265.312	265.44	38
265.312	265.6	33
265.408	265.6	69
265.504	265.6	64
265.6	265.92	64
265.6	265.952	33
265.6	265.984	69
265.6	266.016	57
265.92	266.08	52
265.92	266.08	64
265.92	266.368	40
266.08	266.336	64
266.08	266.368	52
266.208	266.368	65
266.208	266.368	77
266.208	266.4	53
266.336	266.496	78
266.336	266.528	54
266.336	266.528	66
266.464	266.56	67
266.464	266.72	79
266.464	266.848	55
266.56	266.72	68
266.56	266.72	80
266.56	266.816	56
266.688	266.88	57
266.688	266.944	69
266.688	266.944	81
266.784	266.976	58
266.784	267.328	70
266.816	266.944	82
266.912	267.072	59
266.912	267.168	83
266.912	267.232	71
267.04	267.2	60
267.04	267.2	72
267.04	267.296	84
267.136	267.296	61
267.136	267.36	73
267.136	267.392	85
267.264	267.424	86
267.264	267.968	62
267.36	267.648	63
267.36	267.776	87
267.392	267.616	75
267.488	267.744	64
267.488	267.744	76
267.488	267.744	88
267.616	267.936	65
267.616	267.968	77
267.616	267.968	89
267.744	268.064	64
267.744	268.096	88
267.744	268.192	76
268.032	268.288	40
268.128	268.32	42
268.256	268.32	56
268.256	268.48	44
268.48	269.312	52
268.544	268.832	57
268.576	268.672	69
268.576	268.896	45
268.64	269.44	64
268.672	268.864	69
268.672	268.864	76
268.832	269.504	57
268.864	269.504	69
268.928	269.216	76
268.96	269.408	72
268.96	269.504	48
269.12	269.472	81
269.216	269.472	84
269.216	269.472	88
269.216	269.504	76
269.376	269.504	93
269.472	269.536	33
269.472	269.6	100
269.472	269.664	88
269.472	270.08	47
269.568	270.08	92
269.664	269.76	88
269.76	269.984	86
269.76	270.08	59
269.76	270.08	88
269.856	269.984	80
269.952	270.048	76
270.048	270.08	38
270.048	270.688	33
270.144	270.336	69
270.24	270.656	64
270.336	270.56	60
270.336	270.784	69
270.336	271.008	57
270.656	270.976	64
270.656	271.04	56
270.848	270.912	32
270.944	271.616	80
270.944	271.744	76
270.944	272.384	88
270.976	271.456	32
271.072	271.488	44
271.232	271.68	52
271.328	271.744	56
271.488	271.744	79
271.488	271.776	83
271.488	271.776	91
271.488	271.968	44
271.52	272.064	59
271.616	271.744	68
271.648	271.776	71
271.648	271.808	67
271.744	272.416	76
271.84	272.064	71
271.936	272.448	68
272.032	272.16	44
272.032	272.32	89
272.032	272.448	83
272.032	272.48	77
272.064	272.224	86
272.128	272.256	59
272.224	272.416	56
272.32	272.544	40
272.32	273.024	52
272.416	272.448	35
272.416	272.928	47
272.512	272.64	32
272.512	272.96	44
272.608	272.96	76
272.608	273.056	83
272.608	273.088	88
272.928	273.088	43
272.928	273.12	57
273.024	273.952	52
273.12	273.216	57
273.152	273.248	69
273.216	273.408	57
273.216	274.016	64
273.248	273.44	69
273.408	274.08	57
273.44	274.08	69
273.504	273.6	76
273.504	274.048	72
273.504	274.08	48
273.6	274.048	76
273.664	273.76	81
273.76	274.048	60
273.76	274.048	84
273.76	274.048	88
273.952	274.048	93
274.048	274.144	100
274.048	274.176	64
274.048	274.208	88
274.048	274.656	47
274.144	274.336	92
274.208	274.624	88
274.336	274.56	86
274.336	274.624	59
274.4	274.624	80
274.496	274.656	76
274.688	274.912	69
274.784	274.912	64
274.912	275.136	57
274.912	275.232	64
274.912	275.296	69
275.136	275.488	57
275.232	275.36	64
275.232	275.392	52
275.232	275.648	40
275.36	275.648	64
275.392	275.648	52
275.52	275.648	41
275.52	275.648	77
275.52	275.68	53
275.52	275.68	65
275.616	275.808	54
275.648	275.744	78
275.648	275.84	66
275.744	275.904	67
275.744	275.904	79
275.744	276.128	55
275.872	276.064	80
275.872	276.096	56
275.872	276.096	68
276.0	276.192	57
276.0	276.256	69
276.0	276.256	81
276.096	276.256	58
276.096	276.256	70
276.096	276.256	82
276.224	276.416	59
276.224	276.48	71
276.224	276.48	83
276.352	276.48	60
276.352	276.512	72
276.352	276.512	84
276.448	276.576	61
276.448	276.608	73
276.448	276.608	85
276.576	276.832	86
276.576	277.088	62
276.608	276.928	74
276.672	276.96	63
276.672	276.96	75
276.672	277.088	87
276.8	277.056	64
276.8	277.056	76
276.8	277.056	88
276.928	277.152	65
276.928	277.184	77
276.928	277.184	89
277.056	277.504	64
277.056	277.504	88
277.056	277.824	76
277.472	277.76	49
277.472	277.76	69
277.472	278.048	57
277.472	278.08	52
277.568	277.792	73
277.568	278.304	61
277.664	278.048	64
277.76	277.888	69
277.76	278.048	37
277.76	278.592	49
277.888	278.08	69
277.952	278.528	73
278.048	278.144	82
278.048	278.304	70
278.048	278.336	67
278.048	278.56	79
278.048	278.592	58
278.048	278.624	55
278.144	278.464	82
278.208	278.592	76
278.24	278.688	85
278.304	278.624	91
278.304	278.624	94
278.464	278.688	82
278.592	278.624	53
278.592	278.752	81
278.592	278.88	93
278.592	279.04	69
278.592	279.168	57
278.592	279.552	49
278.688	279.456	85
278.752	279.168	81
278.848	279.072	77
278.848	279.168	37
278.944	279.168	73
279.04	279.2	69
279.136	279.232	67
279.136	279.424	52
279.136	279.552	79
279.136	279.776	55
279.232	279.584	70
279.328	279.616	69
279.424	279.744	67
279.424	279.872	52
279.52	279.776	58
279.616	279.776	57
279.616	279.776	69
279.744	279.936	38
279.744	279.936	50
279.744	279.936	62
279.744	279.936	65
279.744	279.968	53
280.032	280.192	64
280.032	280.256	55
280.032	280.256	58
280.032	280.48	67
280.224	280.448	76
280.288	280.48	62
280.288	280.48	65
280.288	280.48	77
280.288	280.512	57
280.384	280.576	79
280.48	280.608	81
280.544	280.736	70
280.576	280.64	67
280.576	280.64	76
280.576	280.736	79
280.64	280.736	67
280.64	280.736	76
280.672	280.736	86
280.704	280.832	88
280.8	280.96	77
280.832	280.928	86
280.832	280.96	69
280.832	280.96	74
280.896	281.184	91
280.96	281.088	93
281.056	281.216	70
281.056	281.216	82
281.056	281.248	79
281.056	281.312	88
281.152	281.184	98
281.184	281.28	100
281.28	281.504	81
281.28	281.504	89
281.312	281.408	93
281.312	281.472	77
281.312	281.472	86
281.792	282.4	47
281.792	282.56	50
281.792	282.592	59
281.792	282.752	55
282.016	282.4	62
282.112	282.208	67
282.208	282.272	67
282.272	282.4	71
282.272	282.848	67
282.368	282.848	65
282.368	282.88	77
282.4	282.432	44
282.4	282.752	68
282.4	282.848	53
282.4	282.848	56
282.4	282.944	47
282.56	282.72	83
282.656	283.04	92
282.656	283.52	43
282.72	282.912	83
282.752	282.944	55
282.816	282.944	80
282.912	283.296	91
282.912	283.52	52
282.944	283.008	55
282.944	283.392	67
283.008	283.264	83
283.008	283.584	55
283.104	283.2	79
283.2	283.52	79
283.296	283.392	71
283.392	283.616	67
283.488	283.584	65
283.488	284.064	50
283.488	284.128	77
283.488	284.16	53
283.584	284.064	68
283.648	284.064	67
283.776	284.128	65
283.776	284.352	43
283.872	284.064	44
283.872	284.16	56
284.0	284.288	55
284.096	284.288	52
284.096	284.288	60
284.096	284.288	64
284.384	284.544	56
284.384	284.544	62
284.384	284.544	71
284.384	284.832	53
284.48	284.576	72
284.576	284.672	74
284.64	284.832	60
284.64	284.832	64
284.64	284.832	76
284.64	284.928	55
284.64	284.928	72
284.64	285.024	67
284.736	284.864	77
284.8	285.056	79
284.896	285.12	65
284.896	285.12	68
284.896	285.184	77
284.896	285.216	74
284.992	285.152	84
285.056	285.184	86
285.152	285.312	76
285.152	285.344	67
285.152	285.344	84
285.152	285.44	72
285.248	285.344	89
285.312	285.472	91
285.376	285.568	77
285.408	285.536	80
285.408	285.568	86
285.472	285.568	96
285.536	285.664	98
285.632	285.76	84
285.632	285.792	79
285.632	285.856	88
285.92	286.048	60
285.92	286.08	48
286.016	286.144	50
286.016	286.144	62
286.08	286.208	64
286.112	286.208	52
286.176	286.496	65
286.176	286.752	53
286.176	286.848	41
286.464	286.56	89
286.464	286.72	62
286.464	286.72	68
286.464	286.752	77
286.72	287.008	59
286.72	287.008	83
286.72	287.04	68
286.72	287.04	71
286.72	287.2	62
286.752	286.848	53
287.008	287.296	59
287.008	287.328	47
287.104	287.2	60
287.2	287.328	62
287.264	287.584	63
287.264	288.16	51
287.296	288.16	39
287.552	287.84	57
287.552	287.84	66
287.552	287.872	75
287.584	287.84	60
287.584	287.84	63
287.584	287.84	87
287.84	287.936	69
287.84	288.128	57
287.84	288.128	78
287.84	288.16	81
287.84	288.384	66
287.84	288.416	63
288.128	288.16	38
288.128	288.288	45
288.128	288.416	57
288.128	288.416	69
288.224	288.416	59
288.288	288.448	60
288.384	288.672	61
288.384	289.056	37
288.384	289.152	49
288.672	288.8	43
288.672	288.928	58
288.672	288.96	64
288.672	289.12	55
288.672	289.216	61
288.928	289.152	79
288.928	289.28	58
288.928	289.28	67
288.96	289.248	64
289.216	289.504	43
289.248	289.28	48
289.312	289.536	56
289.408	289.536	58
289.504	289.824	59
289.504	290.368	47
289.792	289.984	62
289.792	290.08	50
289.792	290.08	53
289.792	290.08	56
289.792	290.08	83
289.792	290.144	71
290.08	290.336	77
290.08	290.368	53
290.08	290.464	56
290.08	290.656	50
290.368	290.656	53
290.368	291.456	41
290.464	290.688	56
290.528	290.656	58
290.656	290.976	59
290.656	291.52	47
290.944	291.168	83
290.944	291.232	62
291.232	291.552	65
291.232	291.616	57
291.232	291.616	77
291.232	291.872	62
291.52	291.84	41
291.616	291.84	57
291.712	291.808	58
291.808	292.224	59
291.808	292.736	47
292.128	292.256	83
292.128	292.416	63
292.128	292.64	51
292.416	292.704	65
292.416	292.736	77
292.416	292.768	63
292.416	293.216	53
292.704	292.992	45
292.704	293.056	69
292.704	293.12	57
292.832	292.864	67
292.832	293.056	43
292.832	293.12	55
292.96	293.088	41
293.088	293.44	52
293.088	294.336	40
293.44	293.664	52
293.664	293.888	69
293.664	293.888	76
293.664	294.112	81
293.664	294.336	52
293.664	294.336	59
293.664	294.336	64
293.664	294.368	57
293.664	294.368	83
294.336	294.976	52
294.336	294.976	64
294.336	296.736	40
294.976	295.712	59
294.976	295.744	80
294.976	295.776	76
294.976	295.776	88
294.976	295.872	64
294.976	296.192	83
294.976	296.224	56
294.976	296.288	52
295.712	295.744	38
295.712	296.288	33
295.904	296.096	57
295.968	296.192	64
296.096	296.256	57
296.128	296.544	69
296.256	296.384	76
296.256	296.64	57
296.256	296.768	72
296.384	296.544	64
296.384	296.64	60
296.384	297.376	76
296.416	296.736	81
296.512	296.704	59
296.64	296.768	60
296.64	296.992	69
296.64	297.344	57
296.768	297.12	64
296.896	297.088	93
296.96	297.248	88
297.056	297.28	84
297.152	297.408	81
297.184	297.312	40
297.312	298.56	40
297.344	297.504	57
297.44	297.568	69
297.472	297.824	43
297.504	297.632	64
297.632	297.92	64
297.92	298.496	33
298.08	298.304	57
298.176	298.432	61
298.304	298.432	57
298.432	298.816	57
298.464	298.528	73
298.464	298.752	45
298.464	298.784	76
298.464	298.816	69
298.592	298.848	60
298.592	298.88	81
298.72	298.944	58
298.816	299.136	57
298.816	299.232	69
298.976	299.456	67
299.072	299.136	93
299.168	299.424	88
299.264	299.424	85
299.328	299.84	81
299.392	299.52	45
299.392	299.616	69
299.52	299.712	64
299.52	299.936	45
299.52	299.936	57
299.616	299.936	69
299.68	299.84	48
299.68	300.032	60
299.712	299.808	64
299.808	300.128	61
299.808	300.128	64
299.936	300.096	69
299.936	300.512	57
299.936	300.608	45
300.096	300.192	33
300.096	300.608	41
300.096	300.736	53
300.096	300.864	38
300.096	301.088	50
300.384	300.672	65
300.384	300.832	62
300.512	300.64	57
300.512	300.736	69
300.64	300.96	57
300.64	300.96	77
300.8	301.056	60
300.8	301.216	81
300.928	301.088	58
300.928	301.12	70
301.056	301.216	57
301.056	301.216	69
301.184	301.632	65
301.184	301.952	77
301.216	301.696	57
301.344	301.472	89
301.44	301.664	86
301.472	301.984	89
301.536	301.76	81
301.568	302.304	38
301.856	302.304	37
302.016	302.336	62
302.144	302.176	57
302.144	302.272	40
302.272	302.752	41
302.304	302.56	53
302.56	302.752	65
302.56	302.848	56
302.56	302.848	83
302.56	302.912	50
302.56	302.912	53
302.56	302.912	62
302.56	303.136	71
302.848	303.456	56
302.848	303.488	44
303.104	303.36	59
303.104	303.424	53
303.104	303.424	65
303.104	303.424	74
303.104	303.424	86
303.104	303.456	68
303.36	303.936	59
303.36	303.968	47
303.648	303.968	62
303.648	303.968	68
303.648	303.968	89
303.648	304.0	71
303.648	304.0	77
303.648	304.192	80
303.936	304.192	52
303.936	304.48	40
304.192	304.48	32
304.192	304.48	44
304.192	304.512	56
304.192	304.512	80
304.192	304.544	76
304.192	304.576	64
304.192	304.992	52
304.192	304.992	88
304.48	305.088	40
304.672	304.864	57
304.672	305.312	69
304.768	304.96	60
304.768	304.96	64
304.864	305.024	57
305.024	305.12	76
305.024	305.408	57
305.024	305.504	72
305.12	306.112	76
305.152	305.504	60
305.184	305.536	81
305.28	305.504	59
305.408	306.048	57
305.44	305.824	69
305.536	305.856	64
305.632	305.984	93
305.728	306.08	88
305.824	306.016	84
305.92	306.144	81
305.952	306.08	40
305.952	306.112	52
306.08	307.456	40
306.112	307.136	52
306.176	306.592	69
306.24	307.104	43
306.24	307.104	64
306.368	306.496	41
306.496	306.848	57
306.656	306.688	37
306.848	307.04	57
306.912	307.136	61
307.04	307.2	57
307.2	307.456	45
307.2	307.584	57
307.2	307.584	69
307.328	307.584	60
307.328	307.616	76
307.36	307.744	81
307.456	307.84	58
307.584	307.776	57
307.584	307.968	69
307.712	308.0	67
307.84	307.872	93
307.904	308.16	88
308.0	308.128	85
308.0	308.288	67
308.032	308.288	57
308.096	308.32	81
308.128	308.288	69
308.128	308.512	45
308.384	308.64	69
308.416	308.544	48
308.416	308.576	60
308.448	308.512	67
308.544	308.832	61
308.544	308.864	64
308.576	308.672	57
308.672	309.024	57
308.704	308.864	69
308.704	309.28	45
308.832	309.12	62
308.832	309.472	50
308.832	309.92	38
308.864	309.248	41
308.864	309.376	53
309.024	309.248	57
309.12	309.408	65
309.12	309.44	62
309.248	309.408	57
309.248	309.408	69
309.376	309.696	77
309.408	309.472	69
309.408	309.824	57
309.536	309.856	60
309.568	309.888	81
309.664	309.856	58
309.664	310.112	89
309.824	309.92	57
309.824	309.952	69
309.92	310.336	65
309.92	310.432	57
310.112	310.208	89
310.208	310.368	86
310.208	310.496	89
310.304	310.464	38
310.304	310.496	81
310.464	311.072	38
310.496	310.656	77
310.496	311.328	50
310.624	310.976	37
310.752	311.104	62
310.88	311.04	57
310.912	311.072	40
311.04	311.328	53
311.04	311.52	41
311.328	311.392	65
311.328	311.424	83
311.328	311.584	56
311.328	311.68	53
311.328	311.904	62
311.328	311.904	71
311.328	312.192	50
311.584	311.872	56
311.616	312.352	44
311.872	312.16	59
311.872	312.192	53
311.872	312.192	65
311.872	312.192	86
311.872	312.224	56
311.872	312.224	74
311.872	312.352	68
312.16	312.48	59
312.16	312.48	71
312.16	312.864	47
312.48	312.832	59
312.48	312.832	62
312.48	312.832	68
312.48	312.832	89
312.48	312.864	77
312.48	313.152	80
312.48	313.184	71
312.8	313.152	52
312.8	313.952	40
313.152	313.568	44
313.152	313.568	76
313.152	313.6	56
313.152	313.632	80
313.152	313.664	52
313.152	313.952	88
313.152	314.08	64
313.824	314.016	37
313.856	314.144	49
313.952	314.24	52
313.952	315.84	40
314.048	314.336	57
314.048	314.336	69
314.144	314.336	61
314.144	314.432	49
314.144	314.432	73
314.24	314.432	64
314.24	315.552	52
314.336	314.592	69
314.336	315.2	57
314.432	314.496	64
314.432	314.72	73
314.432	314.944	61
314.496	314.784	76
314.496	315.264	64
314.592	314.88	81
314.592	315.168	69
314.688	315.072	85
314.72	315.104	73
314.784	315.008	76
314.784	315.008	88
314.88	314.976	93
314.88	315.168	81
315.008	315.264	76
315.008	315.68	88
315.072	316.48	85
315.104	315.296	73
315.168	315.456	69
315.168	315.648	81
315.2	315.488	57
315.264	315.584	64
315.264	316.128	76
315.296	315.36	61
315.296	315.36	73
315.36	315.68	61
315.36	316.096	73
315.456	315.776	69
315.488	316.256	57
315.552	315.84	52
315.584	316.352	64
315.648	315.968	49
315.68	316.128	61
315.776	316.128	69
315.776	320.128	45
315.84	316.448	52
315.84	318.88	40
315.968	316.32	49
316.32	316.64	49
316.32	317.088	37
316.448	316.704	52
316.544	316.8	57
316.544	316.8	69
316.64	316.8	61
316.64	318.176	49
316.704	316.896	64
316.704	317.504	52
316.8	317.056	69
316.8	318.016	57
316.864	317.152	73
316.896	316.96	64
316.896	317.536	61
316.96	317.216	76
316.96	317.6	64
317.056	317.312	81
317.056	317.376	69
317.152	317.408	85
317.152	317.536	73
317.216	317.536	88
317.216	317.6	76
317.312	317.504	81
317.312	317.504	93
317.376	318.592	97
317.408	317.664	85
317.504	317.76	81
317.504	318.048	93
317.568	318.496	88
317.6	317.728	76
317.664	317.92	73
317.664	318.944	85
317.76	318.016	69
317.76	318.464	81
317.824	317.92	61
317.824	318.08	64
317.824	318.592	76
317.92	318.464	73
317.92	318.624	61
318.016	318.272	57
318.016	318.272	69
318.08	318.368	52
318.08	319.008	64
318.176	318.464	49
318.272	318.592	69
318.272	318.752	57
318.368	318.624	52
318.464	318.784	37
318.464	318.784	49
318.784	319.072	49
318.784	319.264	37
318.88	319.136	52
318.88	320.672	40
318.976	319.232	57
318.976	319.232	69
319.072	319.2	61
319.072	319.84	49
319.136	319.392	64
319.136	319.968	52
319.232	319.488	69
319.232	320.352	57
319.296	319.552	73
319.296	319.872	61
319.392	319.648	76
319.392	319.872	64
319.488	319.712	81
319.488	319.808	69
319.552	319.808	85
319.552	319.84	73
319.648	319.776	88
319.648	319.936	76
319.712	319.872	93
319.712	320.0	81
319.808	320.0	85
319.808	320.224	97
319.968	320.128	89
319.968	320.128	101
320.096	320.352	88
320.096	320.352	100
320.224	320.48	85
320.224	321.248	97
320.32	320.384	93
320.32	320.576	81
320.416	320.512	76
320.416	321.152	88
320.48	321.344	85
320.512	320.672	73
320.512	320.736	61
320.576	320.832	69
320.576	321.28	81
320.64	320.864	76
320.672	320.928	64
320.736	320.864	61
320.736	321.28	73
320.832	321.056	57
320.832	321.12	69
320.864	321.344	61
320.928	321.216	52
320.928	321.312	64
321.024	321.248	37
321.024	321.312	49
321.12	321.344	57
321.12	321.344	69
321.216	321.472	52
321.216	322.368	40
321.312	321.44	37
321.312	321.472	49
321.536	321.568	38
322.016	322.336	52
322.336	322.656	52
322.912	323.136	49
322.944	323.168	37
323.008	323.136	38
323.008	323.2	50
323.072	323.264	51
323.168	323.488	52
323.232	323.584	53
323.392	323.584	39
323.392	324.256	51
323.488	323.584	38
323.488	323.584	50
323.552	323.648	37
323.552	323.776	49
324.352	324.384	33
324.352	324.512	69
324.352	324.576	57
324.352	324.832	81
324.352	324.864	76
324.352	325.472	45
324.352	325.568	40
324.384	324.416	73
324.832	325.568	93
324.832	325.6	81
324.864	325.152	69
324.864	325.504	88
324.864	325.536	61
324.864	325.6	33
