0.832	3.456	68
0.832	4.928	65
1.76	3.488	80
1.76	3.52	77
3.52	5.28	77
3.552	4.896	73
4.864	5.312	66
4.864	8.64	69
5.312	5.76	75
5.312	6.112	72
5.312	8.672	66
5.664	6.144	73
5.664	6.144	77
6.112	9.12	72
6.112	9.248	75
8.64	10.592	68
8.64	12.544	65
9.088	9.536	70
9.088	9.536	73
9.504	9.696	56
9.504	9.984	72
9.504	10.592	75
9.888	11.776	73
9.952	11.872	70
10.56	11.904	77
11.872	12.544	73
12.512	13.792	63
12.512	16.128	66
12.896	13.312	68
12.96	13.376	72
13.312	13.344	42
13.312	16.128	70
13.76	14.88	72
13.856	16.064	68
16.064	16.352	56
16.256	17.12	61
16.256	17.984	63
16.256	18.656	66
16.736	17.184	70
17.12	17.504	72
17.12	18.656	61
17.536	18.304	70
17.952	18.752	75
18.304	18.752	70
18.656	19.84	63
18.656	20.256	66
18.72	19.136	68
18.72	20.8	60
19.104	19.872	70
19.488	19.904	68
19.84	20.992	63
19.872	20.992	58
19.872	21.056	61
20.256	20.992	66
20.64	21.024	68
20.992	22.24	66
20.992	22.272	58
22.176	23.424	57
22.176	23.68	63
22.208	22.24	41
22.208	22.24	65
22.208	22.272	53
22.208	23.456	60
23.392	24.192	58
23.392	24.608	56
23.392	24.64	61
23.776	24.224	65
24.192	24.704	66
24.192	25.824	58
24.608	25.376	65
24.608	25.792	56
25.024	25.792	70
25.376	25.856	65
25.792	26.208	63
25.792	26.976	54
26.144	26.592	65
26.56	26.976	63
26.912	28.128	58
26.944	29.28	56
26.944	29.344	53
27.328	28.128	61
27.744	28.16	63
28.128	29.344	61
28.128	29.376	58
29.28	31.168	56
29.28	31.808	54
29.312	31.808	51
30.08	33.888	44
30.912	34.144	37
31.392	31.808	56
31.392	34.592	53
31.776	33.44	68
31.776	35.04	65
31.808	34.944	56
32.32	33.632	77
32.352	33.568	80
33.632	35.04	77
33.664	33.696	73
35.008	35.424	49
35.008	38.72	42
35.424	38.72	49
35.424	38.72	66
35.424	38.752	58
35.456	35.808	61
35.456	36.256	54
35.808	35.872	77
36.256	38.752	54
38.72	39.168	41
38.72	39.168	49
39.168	39.584	41
39.168	39.648	53
39.168	40.0	56
39.168	40.064	49
39.168	40.064	61
39.584	40.064	41
39.584	40.096	63
40.064	41.312	61
40.064	41.344	41
40.064	41.344	49
40.064	42.592	68
41.312	42.592	56
41.312	42.656	73
41.312	43.008	61
41.312	43.04	65
42.56	42.976	49
42.592	46.4	42
42.976	46.432	49
43.008	43.936	61
43.008	46.368	66
43.008	46.4	54
43.008	46.4	58
43.392	43.424	77
45.088	46.4	73
46.368	49.408	44
46.784	47.232	61
46.784	47.712	68
46.784	47.712	73
46.784	47.744	53
47.2	47.712	63
47.68	48.384	70
47.68	49.472	61
47.68	49.632	65
47.712	49.632	77
48.384	49.696	68
49.472	49.664	44
49.632	50.752	77
49.632	51.008	65
50.304	51.84	46
50.72	52.064	63
50.72	54.656	58
50.72	54.752	53
51.072	52.32	77
51.52	52.288	75
52.224	54.784	61
53.536	54.56	70
54.72	56.992	39
54.752	55.424	27
55.36	56.384	66
55.392	56.384	70
56.384	56.64	63
56.384	56.64	66
56.384	56.64	70
56.768	56.992	66
56.768	56.992	70
56.768	57.024	63
57.152	57.408	66
57.152	57.408	70
57.152	57.6	63
57.536	57.76	61
57.536	57.792	66
57.568	57.76	70
57.92	58.144	70
57.92	58.176	61
57.92	58.176	66
58.304	58.528	70
58.304	58.56	66
58.304	58.752	61
58.72	58.944	60
58.72	58.944	66
58.72	58.944	70
59.104	59.328	60
59.104	59.328	66
59.104	59.328	70
59.456	59.968	70
59.456	60.096	66
59.456	60.128	60
60.096	60.64	61
60.096	60.672	70
60.096	60.704	66
60.736	62.272	66
60.768	62.592	58
60.768	62.784	61
62.176	64.768	39
62.816	62.976	77
62.816	63.072	70
62.816	63.68	66
63.84	64.128	66
63.84	64.224	70
63.84	64.448	78
64.224	64.448	66
64.224	64.544	77
64.224	64.608	70
64.576	64.8	66
64.608	64.8	70
64.608	65.152	63
64.96	65.152	66
64.96	65.184	70
64.992	65.376	65
65.152	65.248	66
65.344	65.568	66
65.344	65.6	70
65.344	65.792	63
65.728	65.92	70
65.728	65.952	66
65.728	66.112	61
66.08	66.336	66
66.08	66.336	70
66.08	66.528	63
66.496	66.688	70
66.496	66.72	66
66.496	66.88	61
66.848	67.296	70
66.848	67.36	66
66.848	67.488	60
67.424	68.128	66
67.456	67.968	70
67.456	68.192	61
68.128	69.504	58
68.128	69.504	63
68.128	69.504	66
69.472	71.552	44
69.504	71.52	32
70.016	70.528	54
70.016	70.592	66
70.016	70.592	78
70.56	71.008	56
70.56	71.072	60
70.56	71.072	68
70.56	71.616	63
71.072	71.648	72
71.072	71.808	60
71.616	72.128	66
71.616	72.16	58
71.616	72.16	70
71.616	72.576	63
71.616	73.056	78
72.128	73.024	54
72.128	73.376	66
72.672	72.736	30
73.056	73.376	54
73.056	73.376	60
73.056	73.376	63
73.056	73.376	78
73.376	73.696	54
73.376	73.696	60
73.376	73.696	63
73.376	73.696	66
73.376	73.696	78
73.696	74.016	54
73.696	74.016	60
73.696	74.016	63
73.696	74.016	66
73.696	74.016	78
74.016	74.368	60
74.016	74.368	63
74.016	74.4	54
74.016	74.4	66
74.016	74.432	78
74.368	74.56	68
74.368	74.688	56
74.368	74.72	60
74.368	74.72	63
74.72	75.776	54
74.72	75.776	60
74.72	75.776	63
74.72	75.776	66
74.72	75.84	78
75.744	75.808	46
75.744	75.968	58
76.256	76.8	61
76.256	76.832	54
76.256	76.896	58
76.256	77.312	66
76.288	77.344	78
76.768	77.312	56
76.768	77.312	68
77.28	77.792	61
77.28	77.824	73
77.792	78.304	66
77.792	78.304	78
77.792	78.336	58
77.792	78.912	61
78.304	78.912	78
78.304	79.232	54
78.304	79.232	66
78.88	78.912	36
78.88	79.2	48
78.88	79.264	60
79.232	79.52	54
79.232	79.52	58
79.232	79.52	63
79.232	79.52	66
79.232	79.52	78
79.52	79.84	54
79.52	79.84	58
79.52	79.84	63
79.52	79.84	66
79.52	79.84	78
79.84	80.16	54
79.84	80.16	58
79.84	80.16	63
79.84	80.16	66
79.84	80.544	78
80.16	80.544	54
80.16	80.576	58
80.16	80.576	63
80.16	80.576	66
80.512	80.704	65
80.512	80.864	56
80.512	80.864	60
80.512	80.864	68
80.864	81.888	54
80.864	81.888	58
80.864	81.888	63
80.864	82.016	66
80.864	82.24	78
81.856	83.424	49
81.856	84.064	37
82.368	82.88	66
82.368	82.912	54
82.368	82.912	58
82.368	82.912	61
82.368	83.104	78
82.88	83.424	80
82.88	83.456	68
82.88	83.616	56
83.392	83.936	63
83.392	84.288	75
83.904	84.416	70
83.904	84.448	61
83.904	85.024	66
84.416	84.992	58
84.416	84.992	70
84.416	84.992	82
84.96	85.312	51
84.96	85.312	63
84.96	85.472	39
85.312	85.472	54
85.312	85.472	58
85.312	85.472	63
85.312	85.472	78
85.312	85.504	70
85.312	85.632	51
85.6	85.792	58
85.632	85.792	63
85.632	85.824	54
85.632	85.824	70
85.632	85.824	78
85.632	85.92	51
85.92	86.112	58
85.92	86.112	63
85.92	86.144	54
85.92	86.144	70
85.92	86.272	78
85.92	86.72	51
86.272	86.624	54
86.272	86.624	58
86.272	86.624	63
86.272	86.624	70
86.272	86.624	78
86.592	86.976	56
86.592	86.976	60
86.592	86.976	68
86.592	86.976	80
86.592	86.976	84
86.592	87.168	65
86.624	86.944	72
86.944	87.264	66
86.944	87.264	70
86.944	87.296	54
86.944	87.296	63
86.944	87.296	75
86.944	87.328	58
86.944	87.424	78
87.264	87.488	66
87.264	87.488	70
87.264	87.616	61
87.616	87.808	63
87.616	87.808	66
87.616	87.808	70
87.616	87.808	75
87.616	87.808	78
87.776	89.888	65
87.808	89.408	68
87.904	88.8	77
87.936	88.864	73
87.968	89.28	80
88.0	89.792	85
88.032	90.016	92
89.856	91.008	68
89.856	91.04	64
89.984	90.976	70
90.016	91.008	76
90.016	91.04	80
90.08	90.368	85
90.112	91.008	92
90.976	92.896	63
91.008	92.768	68
91.008	93.184	66
91.168	92.768	80
91.264	91.648	92
93.088	94.88	56
93.12	94.88	63
93.184	94.912	66
93.344	94.368	72
93.44	93.92	68
93.536	93.92	75
93.6	94.976	80
94.88	95.584	56
94.88	95.872	37
94.88	95.936	65
94.88	95.936	68
95.168	95.84	44
95.232	95.872	49
95.392	95.936	53
95.584	96.512	56
95.776	95.936	61
95.904	96.928	41
96.096	96.32	48
96.224	96.96	53
96.512	97.056	56
96.64	96.96	60
96.704	96.992	65
96.896	97.792	68
96.96	97.856	71
96.96	98.016	44
97.12	98.016	52
97.312	98.752	56
97.44	98.048	59
97.632	98.016	64
97.792	98.048	68
98.048	98.272	37
98.048	98.976	65
98.048	99.136	68
98.24	99.04	44
98.4	99.104	49
98.56	99.04	53
98.752	99.584	56
98.944	99.136	61
99.104	100.0	41
99.264	99.52	48
99.392	100.096	53
99.584	100.096	56
99.776	100.096	60
99.84	100.096	65
100.064	100.672	68
100.064	101.024	71
100.064	101.088	44
100.224	101.088	52
100.448	101.088	56
100.544	101.088	59
100.672	101.216	68
100.864	101.088	64
101.056	101.44	37
101.056	101.792	73
101.056	101.888	65
101.28	101.92	44
101.344	101.984	49
101.504	101.92	53
101.696	101.952	56
101.696	102.08	68
101.856	102.112	61
102.016	102.24	65
102.016	102.624	77
102.08	102.784	68
102.24	102.848	65
102.464	102.944	61
102.624	102.912	56
102.752	103.04	53
102.912	103.552	73
102.912	103.936	56
102.912	103.936	65
103.04	103.936	53
103.264	103.552	49
103.424	103.68	44
103.552	103.936	73
103.552	103.936	77
103.552	104.128	49
103.68	103.936	44
103.904	104.768	39
103.904	104.768	75
103.904	104.832	79
104.064	104.736	46
104.192	104.864	51
104.224	104.512	73
104.224	104.512	77
104.352	104.736	55
104.512	104.832	73
104.544	104.864	58
104.576	104.736	70
104.672	104.768	63
104.8	105.696	67
104.832	105.088	70
104.832	106.144	73
104.96	105.696	63
105.12	105.408	65
105.152	105.696	58
105.28	105.696	55
105.44	105.728	61
105.44	106.048	51
105.728	106.592	61
105.856	106.144	46
106.048	106.304	51
106.208	106.656	55
106.208	106.72	58
106.304	106.848	51
106.528	106.72	46
106.688	107.648	70
106.752	106.88	44
106.848	107.712	51
106.976	107.584	54
107.168	107.552	58
107.328	107.584	60
107.456	107.584	66
107.616	107.744	42
107.712	108.352	49
107.84	108.48	54
108.064	108.416	58
108.192	108.416	61
108.32	108.48	66
108.48	108.992	72
108.48	109.44	41
108.64	108.864	48
108.768	109.088	53
108.928	109.376	56
109.088	109.408	68
109.088	109.44	77
109.088	109.472	60
109.216	109.472	65
109.408	110.304	44
109.408	110.304	70
109.568	110.304	51
109.696	110.304	54
109.92	110.304	58
110.048	110.304	60
110.176	110.336	66
110.304	111.232	42
110.464	111.04	49
110.592	111.232	54
110.784	111.104	58
110.912	111.104	61
111.072	111.232	66
111.2	111.712	72
111.2	112.096	41
111.36	111.552	48
111.488	112.096	53
111.648	112.064	56
111.776	112.096	68
111.776	112.128	77
111.936	112.096	65
112.096	112.864	39
112.096	112.864	78
112.256	112.864	46
112.384	112.992	51
112.544	112.992	54
112.704	112.864	58
112.832	113.024	63
112.96	113.088	66
113.088	113.408	66
113.28	113.44	70
113.408	113.76	65
113.408	113.76	77
113.536	113.76	66
113.728	113.888	70
113.856	114.304	62
113.856	114.304	74
113.984	114.208	66
114.144	114.304	70
114.272	115.552	63
114.304	114.784	75
114.432	114.656	66
114.592	114.976	70
114.72	114.976	62
114.72	115.52	82
114.848	115.52	66
114.976	115.136	62
114.976	115.136	70
115.136	115.552	70
115.136	115.584	62
115.264	115.456	78
115.552	115.904	63
115.712	116.384	66
115.904	116.224	63
115.904	116.352	70
116.096	116.288	78
116.224	116.448	63
116.416	116.704	68
116.416	117.024	80
116.416	117.312	56
116.416	117.312	60
116.544	117.312	64
116.704	117.216	68
116.864	117.024	72
116.992	117.28	76
117.12	117.312	80
117.312	118.208	49
117.312	118.24	77
117.312	118.24	80
117.472	118.112	56
117.6	118.24	61
117.76	118.176	65
117.92	118.24	68
118.208	118.912	53
118.208	119.072	56
118.368	118.976	60
118.464	118.816	65
118.624	119.008	68
118.784	119.008	72
118.88	119.072	77
119.04	119.776	80
119.072	119.584	83
119.072	119.648	56
119.072	119.872	59
119.2	119.904	64
119.328	119.808	68
119.456	119.648	71
119.616	119.936	76
119.616	119.936	85
119.648	119.936	56
119.776	119.936	80
119.936	120.768	49
119.936	120.768	77
119.936	120.8	80
120.064	120.736	56
120.224	120.832	61
120.352	120.736	65
120.512	120.832	68
120.672	120.832	73
120.8	121.536	53
120.8	121.6	56
120.96	121.536	60
121.088	121.408	65
121.216	121.6	68
121.376	121.6	72
121.504	121.696	77
121.664	121.92	83
121.664	122.176	80
121.664	122.368	56
121.664	122.368	59
121.792	122.368	64
121.92	122.368	68
122.048	122.368	71
122.176	122.368	80
122.336	122.496	76
122.464	122.912	85
122.464	123.136	61
122.592	123.232	64
122.72	123.2	68
122.848	123.136	71
122.976	123.168	80
123.104	123.264	76
123.232	123.488	88
123.232	123.968	64
123.232	124.0	61
123.36	123.904	68
123.456	123.712	71
123.584	123.904	76
123.616	123.904	73
123.712	124.0	85
123.84	124.224	80
123.968	124.352	92
123.968	124.704	64
123.968	124.704	68
124.0	124.16	83
124.064	124.544	71
124.224	124.384	73
124.32	124.672	76
124.32	124.704	80
124.448	124.736	88
124.576	124.704	83
124.704	124.864	92
124.704	125.376	68
124.832	124.992	69
124.96	125.376	73
125.056	125.376	80
125.184	125.504	85
125.312	125.504	81
125.44	125.6	90
125.44	126.08	66
125.568	126.144	69
125.696	126.144	73
125.824	126.08	78
125.952	126.144	85
126.048	126.24	81
126.08	126.208	66
126.208	126.272	65
126.208	126.688	66
126.304	126.848	69
126.432	126.848	73
126.56	126.848	78
126.688	126.816	66
126.688	126.88	85
126.816	126.976	81
126.816	127.008	66
126.944	127.168	90
126.944	127.584	64
127.072	127.584	66
127.168	127.584	69
127.296	127.584	78
127.424	127.584	85
127.552	127.744	81
127.68	128.288	63
127.68	128.352	66
127.808	128.352	69
127.936	128.128	73
128.032	128.32	78
128.16	128.32	85
128.288	128.512	81
128.416	128.672	93
128.416	128.704	61
128.416	128.928	64
128.448	128.544	69
128.544	128.96	69
128.672	129.088	73
128.704	129.216	61
128.8	128.96	76
128.896	129.216	97
128.928	129.216	64
129.056	129.216	85
129.184	129.856	78
129.184	129.888	59
129.312	129.856	63
129.44	129.568	66
129.568	129.888	66
129.696	129.856	73
129.792	129.952	69
129.92	130.656	57
130.048	130.688	61
130.176	130.688	64
130.304	130.656	66
130.432	130.688	73
130.528	130.688	69
130.656	130.912	56
130.656	131.104	81
130.784	131.328	61
130.912	131.392	64
131.04	131.296	69
131.168	131.36	76
131.168	131.36	85
131.296	131.424	69
131.296	131.424	81
131.456	131.584	88
131.456	131.744	66
131.456	131.744	85
131.456	132.32	54
131.584	131.744	61
131.712	131.904	83
131.744	131.84	64
131.744	131.904	87
131.872	132.032	66
132.0	132.224	69
132.0	132.288	81
132.032	132.32	85
132.16	132.32	73
132.288	132.448	76
132.288	132.448	80
132.288	132.48	83
132.416	132.608	78
132.576	132.736	76
132.704	133.088	81
132.736	133.28	78
132.864	133.056	69
132.992	133.12	66
133.152	133.28	64
133.248	133.44	66
133.408	133.568	64
133.408	133.696	80
133.408	133.728	76
133.568	133.728	61
133.696	133.92	57
133.696	133.984	78
133.696	134.016	75
133.824	134.016	54
133.984	134.144	42
133.984	134.208	73
133.984	134.304	76
134.112	134.304	49
134.272	134.368	52
134.272	134.56	71
134.272	134.56	75
134.4	134.56	54
134.528	134.784	57
134.528	134.816	69
134.56	134.72	73
134.688	134.848	61
134.816	135.008	64
134.816	135.136	68
134.816	135.136	71
134.944	135.136	61
135.104	135.328	57
135.104	135.424	66
135.104	135.424	69
135.264	135.424	54
135.392	135.52	52
135.392	135.616	64
135.392	135.68	68
135.552	135.648	49
135.68	136.16	57
135.712	135.808	49
135.808	136.0	49
135.968	136.256	66
135.968	136.288	63
136.128	136.288	49
136.256	136.32	42
136.256	136.416	64
136.256	136.448	61
136.384	136.576	49
136.544	136.832	44
136.544	137.568	63
136.576	137.568	54
136.832	136.896	37
136.832	137.184	44
137.184	137.312	44
137.28	137.536	56
137.312	137.696	51
137.312	137.728	44
137.6	138.08	58
137.696	137.984	51
137.824	138.144	44
137.984	138.304	51
138.144	138.496	61
138.144	138.656	44
138.304	138.592	51
138.464	139.04	63
138.464	139.072	60
138.464	139.104	66
138.592	138.912	51
138.72	139.04	44
138.912	139.168	51
139.04	139.296	44
139.04	139.36	63
139.168	139.488	51
139.296	139.392	44
139.36	140.352	63
139.392	139.456	44
139.392	139.84	54
139.456	139.648	44
139.552	139.808	51
139.648	140.0	44
139.808	140.128	51
140.0	140.32	44
140.032	140.352	56
140.128	140.256	51
140.256	140.512	51
140.32	140.608	44
140.416	140.768	58
140.512	140.736	51
140.608	140.928	44
140.736	141.088	51
140.928	141.28	61
140.928	141.472	44
141.088	141.376	51
141.248	141.824	66
141.248	142.176	60
141.248	142.208	63
141.376	141.696	51
141.536	142.464	44
141.696	141.92	51
141.824	142.496	66
141.92	141.984	51
141.984	142.624	51
142.176	142.496	61
142.304	142.88	39
142.464	142.816	77
142.464	142.912	68
142.464	142.944	44
142.624	142.848	51
142.752	143.04	66
142.784	143.072	75
142.848	143.168	51
143.04	143.296	56
143.04	143.36	61
143.04	143.84	66
143.168	143.808	51
143.296	143.616	56
143.424	143.744	58
143.488	143.744	63
143.616	143.776	56
143.648	143.808	61
143.808	144.032	51
143.904	144.768	66
143.936	144.416	56
144.032	144.32	51
144.224	144.512	44
144.32	144.832	51
144.512	144.576	63
144.512	144.8	44
144.672	144.832	39
144.768	145.152	66
144.8	145.088	44
144.832	145.12	61
144.928	145.632	39
145.088	145.152	77
145.088	145.408	68
145.088	145.6	44
145.248	145.472	51
145.376	145.664	66
145.408	145.696	75
145.472	145.792	51
145.664	145.92	56
145.664	145.952	61
145.664	146.176	66
145.792	146.432	51
145.92	146.144	56
146.048	146.496	58
146.112	146.4	63
146.24	146.496	56
146.24	146.496	61
146.432	146.688	51
146.528	147.424	66
146.56	146.848	56
146.688	146.976	51
146.848	147.136	56
146.944	147.52	60
146.976	147.264	51
147.136	147.52	56
147.168	147.424	63
147.264	147.52	51
147.488	147.712	61
147.488	148.0	75
147.488	148.352	54
147.584	148.224	63
147.744	148.064	66
147.968	148.384	70
148.064	148.416	66
148.128	148.416	56
148.224	148.48	63
148.416	149.248	58
148.48	149.152	63
148.704	148.96	66
148.896	149.248	70
148.96	149.312	61
148.96	149.344	66
149.152	149.344	63
149.312	150.208	78
149.312	150.272	60
149.408	149.952	63
149.664	150.208	66
149.952	150.176	82
149.952	150.304	63
150.112	150.272	75
150.272	150.848	61
150.272	151.136	54
150.272	151.552	75
150.4	151.04	63
150.592	150.848	66
150.752	151.168	70
150.848	151.232	66
150.912	151.2	56
151.04	151.296	63
151.2	151.296	58
151.296	151.808	58
151.296	152.0	63
151.52	151.808	66
151.712	152.16	70
151.808	152.192	58
151.808	152.224	61
151.808	152.224	66
152.0	152.224	63
152.192	153.216	78
152.192	153.28	60
152.32	153.088	63
152.576	153.28	66
152.864	153.152	82
153.088	153.312	75
153.088	153.344	63
153.28	153.312	87
153.28	154.144	66
153.44	154.4	70
153.6	153.984	73
153.792	154.24	75
153.952	154.208	78
154.144	155.104	66
154.4	155.2	70
154.528	154.944	73
154.72	155.136	75
154.88	155.136	78
155.104	156.064	66
155.328	156.096	70
155.456	155.84	73
155.648	156.096	75
155.808	156.064	78
156.064	156.608	66
156.256	156.8	69
156.416	156.832	73
156.608	156.928	66
156.608	156.928	75
156.768	156.928	78
156.896	157.056	81
156.928	157.024	66
157.024	157.568	66
157.216	157.792	69
157.568	157.92	75
157.568	157.952	66
157.76	157.92	78
157.92	158.016	83
158.016	158.656	66
158.048	158.208	87
158.208	158.592	69
158.496	158.56	73
158.656	159.2	66
158.688	159.008	75
158.816	159.168	78
158.976	159.104	81
159.232	159.776	65
159.488	160.608	68
159.744	160.448	72
159.872	160.416	77
160.128	160.576	80
160.32	160.768	84
160.544	160.736	92
160.544	160.992	89
161.856	163.136	65
163.168	163.936	65
163.424	163.872	69
163.648	164.448	72
163.68	164.064	84
164.0	165.056	77
164.256	164.416	81
164.384	164.416	87
164.384	165.6	65
165.6	166.88	65
166.88	169.312	65
167.104	168.064	68
167.328	167.936	85
167.392	167.456	82
167.68	168.128	87
167.712	168.192	77
167.744	168.64	84
168.704	169.952	85
168.768	170.048	89
169.312	170.816	65
170.016	170.752	85
170.144	170.592	82
170.72	171.488	63
170.976	171.488	66
171.168	171.52	68
171.328	171.36	44
171.328	172.032	72
171.488	172.96	66
171.488	173.024	63
171.744	171.808	78
171.872	173.376	84
173.024	174.4	63
174.368	176.448	61
174.528	175.552	63
174.784	175.072	78
174.784	175.552	66
175.04	175.456	70
175.168	175.584	80
175.2	175.424	84
175.552	176.32	82
175.552	176.544	78
175.904	176.736	87
176.32	176.704	82
176.416	177.472	63
176.512	176.8	65
176.608	176.928	68
176.704	176.768	77
176.704	177.28	80
177.056	177.504	82
177.44	178.048	80
177.856	178.816	48
177.856	178.816	60
178.016	178.848	54
178.272	178.816	78
178.56	178.848	63
178.56	178.848	80
178.848	178.912	54
178.848	178.976	66
178.944	180.192	78
179.008	180.416	70
180.128	181.184	69
180.128	181.664	77
180.128	181.824	60
180.128	181.888	63
180.128	182.272	53
181.312	182.112	56
181.664	182.368	77
181.696	182.304	61
181.888	182.144	65
182.08	182.464	78
182.112	183.52	56
182.432	183.2	77
182.88	183.328	82
183.2	183.712	77
183.36	184.8	54
183.488	185.088	58
183.52	185.312	61
183.616	184.704	63
183.968	184.384	77
184.352	185.568	75
184.768	188.864	53
184.96	185.728	56
185.152	185.792	58
185.312	185.856	61
185.568	185.632	65
185.568	185.76	72
185.568	185.92	75
185.728	185.952	56
185.888	187.104	73
185.92	187.104	70
187.072	188.896	51
187.072	188.992	60
187.072	189.216	54
187.968	191.968	44
188.832	191.04	37
189.28	193.344	53
189.728	191.776	68
189.728	193.184	65
190.336	191.744	77
190.336	193.28	59
190.368	191.68	80
191.744	193.44	77
191.84	191.904	73
193.216	193.632	49
193.216	197.216	42
193.632	197.664	49
193.664	197.216	66
193.696	194.08	61
193.696	197.248	58
194.048	194.112	77
197.184	199.712	44
197.632	198.144	61
197.632	198.56	68
197.632	198.624	53
197.632	198.624	56
198.08	198.592	63
198.56	199.872	65
198.56	199.904	61
198.56	199.968	59
198.56	201.28	68
199.872	201.664	77
199.872	201.76	65
199.904	201.312	61
201.28	203.872	46
201.696	202.688	63
201.696	205.376	53
201.696	205.376	58
202.112	204.224	77
203.936	205.824	61
205.344	206.944	41
205.824	206.88	56
205.824	206.912	61
206.304	206.944	63
206.912	208.128	65
206.912	208.224	70
206.912	208.256	61
206.944	209.728	41
208.256	209.76	61
208.256	209.888	65
208.256	210.144	56
209.696	210.176	39
210.176	210.72	61
210.176	211.264	39
210.176	211.264	66
210.176	211.296	58
210.656	211.296	68
211.264	212.48	66
211.264	214.112	39
211.264	214.528	51
212.608	214.592	66
212.672	214.112	63
212.672	214.72	61
214.08	215.072	44
214.592	215.712	66
214.592	217.12	60
214.848	217.28	51
215.04	215.648	72
215.072	215.648	44
215.648	217.024	72
215.648	217.088	68
215.648	217.28	77
215.648	218.848	44
217.216	218.88	66
217.216	219.424	60
217.216	219.904	56
218.816	220.256	37
219.168	220.192	44
219.36	220.256	49
219.584	220.128	53
219.904	220.224	56
220.064	220.256	61
220.224	222.72	41
220.48	220.608	48
220.672	221.504	53
220.992	222.496	56
221.216	221.28	60
221.344	221.472	65
221.472	222.112	37
221.76	222.112	44
221.92	222.752	49
222.112	222.688	53
222.112	222.72	44
222.496	222.688	56
222.56	222.752	61
222.72	224.0	41
222.976	223.136	48
223.136	223.968	53
223.488	224.064	56
223.68	223.744	60
223.776	223.872	65
224.0	224.992	68
224.0	225.248	71
224.0	227.296	44
224.224	226.784	52
224.64	226.336	59
224.864	225.248	64
225.216	225.312	66
225.248	228.0	64
225.28	227.04	68
226.752	228.128	49
227.008	228.128	56
227.232	228.128	61
227.488	228.032	65
227.648	228.128	68
228.064	229.408	53
228.448	229.248	60
228.544	229.216	65
228.736	229.344	68
228.96	229.312	72
229.12	229.376	77
229.344	230.56	49
229.792	230.432	61
229.984	230.496	65
230.176	230.528	68
230.56	231.872	53
230.912	231.712	60
231.008	231.488	65
231.2	231.744	68
231.424	231.744	72
231.616	231.744	77
231.84	231.904	83
231.84	234.432	56
232.064	234.432	59
232.256	234.368	64
232.48	234.336	68
232.672	232.768	71
232.96	233.088	76
233.152	233.216	85
234.528	234.56	80
234.528	234.72	68
234.528	235.392	56
234.784	238.752	59
235.008	237.6	64
235.232	237.28	68
235.392	235.68	56
235.392	236.096	71
235.648	235.936	76
235.68	238.112	56
235.904	236.192	85
237.312	238.688	88
237.312	238.944	44
238.72	239.584	92
238.72	243.008	37
238.944	243.072	44
239.264	242.432	49
239.52	243.36	53
239.904	243.424	56
240.096	243.36	61
240.384	242.688	65
240.896	243.072	68
241.984	243.008	77
242.624	243.392	80
243.136	243.52	85
243.648	248.224	61
243.744	248.352	68
243.936	244.128	77
244.192	248.128	80
244.224	248.256	85
244.32	247.808	89
244.48	248.384	92
