0.512	0.576	27
0.512	0.672	39
0.512	4.64	60
0.512	4.672	43
4.64	5.024	55
4.64	5.056	51
4.64	5.056	60
5.024	6.144	55
5.024	6.176	50
5.024	6.176	62
5.024	6.208	59
6.144	6.592	48
6.144	6.592	60
6.144	6.592	63
6.144	6.624	55
6.56	10.304	54
6.592	9.92	57
6.592	9.984	60
6.592	10.016	63
9.888	11.488	59
9.952	11.424	62
11.36	11.424	44
12.48	12.768	44
12.48	12.864	56
12.864	16.832	59
12.864	16.832	65
12.864	16.992	56
12.864	16.992	62
16.992	17.376	59
16.992	17.376	62
16.992	17.408	65
16.992	18.272	56
17.376	18.496	59
17.376	18.496	62
17.376	18.624	55
17.376	18.72	67
18.496	18.72	62
18.496	18.912	59
18.496	18.912	68
18.496	18.944	53
18.72	18.912	62
18.912	22.24	51
18.912	23.04	68
18.912	23.328	59
18.912	23.744	62
22.24	23.744	51
22.24	23.744	60
22.24	23.744	63
22.24	23.744	67
24.832	25.312	51
25.216	29.216	66
25.216	29.216	69
25.216	29.28	63
25.216	29.28	72
29.344	29.696	66
29.344	29.696	69
29.344	29.76	63
29.344	29.76	72
29.696	30.688	66
29.696	30.784	69
29.696	30.912	62
29.728	30.72	74
30.688	30.848	66
30.848	31.136	66
30.848	31.232	69
30.848	31.296	60
30.88	31.2	75
31.136	31.264	66
31.264	34.528	66
31.264	34.56	69
31.264	34.592	75
31.296	34.848	60
34.496	34.848	59
34.496	34.88	62
34.496	34.88	67
34.848	34.912	43
35.616	35.904	69
35.616	35.968	66
35.616	36.0	63
35.616	36.0	72
35.968	37.056	69
35.968	37.184	66
35.968	37.216	62
36.0	37.056	74
37.184	37.408	66
37.184	37.472	75
37.184	37.504	60
37.184	37.504	69
37.408	37.568	66
37.568	40.64	66
37.568	40.672	69
37.568	40.672	75
37.568	41.12	60
40.608	41.888	59
40.608	42.016	67
40.608	42.048	62
42.016	42.784	76
42.016	43.68	60
42.016	43.68	64
42.016	43.712	58
42.016	43.776	67
43.648	44.384	65
43.68	44.384	56
43.68	44.384	60
43.68	44.384	72
43.68	44.384	77
43.68	44.416	68
45.056	46.56	80
46.56	46.72	46
46.56	47.424	58
46.976	47.136	79
47.168	47.392	80
47.36	47.648	82
47.52	47.936	80
47.712	47.904	79
47.904	48.128	77
48.064	48.288	75
48.256	48.48	74
48.448	48.672	72
48.64	48.864	70
48.832	48.992	68
48.928	49.056	67
49.024	49.152	65
49.12	49.248	63
49.216	49.344	62
49.312	49.44	65
49.408	49.536	68
49.504	49.664	65
49.632	49.76	62
49.728	50.464	63
49.728	50.496	51
49.728	50.528	39
50.496	50.976	51
50.496	51.008	55
50.496	51.04	58
50.976	51.072	51
51.232	51.744	55
51.232	51.776	58
51.232	51.808	51
51.232	52.576	63
51.936	52.544	58
51.968	52.512	55
51.968	52.704	51
52.704	53.248	55
52.704	53.28	58
52.704	53.344	51
53.44	54.016	58
53.472	53.856	55
53.472	54.048	51
53.824	54.272	63
53.856	53.92	75
54.24	54.496	77
54.24	54.784	55
54.24	54.816	51
54.24	54.816	58
54.24	55.008	65
54.944	55.584	55
54.944	55.776	51
54.944	55.808	58
55.36	55.616	79
55.36	55.776	67
55.776	56.32	56
55.776	56.48	51
55.776	56.544	79
55.776	57.312	67
56.48	57.024	51
56.48	57.088	56
57.024	57.28	51
57.248	58.048	65
57.28	57.792	51
57.28	57.792	56
57.28	57.824	60
57.792	57.984	51
57.984	58.4	56
57.984	58.752	60
57.984	58.816	51
58.368	58.688	65
58.752	59.488	50
58.752	59.488	53
58.752	59.584	56
59.488	59.84	38
59.488	59.84	50
59.488	59.84	53
59.84	60.128	65
59.84	60.16	53
59.84	60.224	38
59.84	60.224	50
59.84	60.224	56
60.224	60.448	65
60.224	60.928	48
60.224	60.928	60
60.224	61.024	53
60.224	61.056	56
60.928	61.28	60
60.928	61.632	36
60.928	61.632	48
61.28	61.568	56
61.28	61.6	53
61.28	61.6	65
61.28	61.696	60
61.696	62.016	50
61.696	62.208	56
61.696	62.944	47
61.696	62.944	53
61.696	63.648	62
62.432	63.008	50
62.432	63.008	56
63.2	63.584	77
63.2	63.712	47
63.2	63.712	50
63.2	63.744	53
63.2	63.776	56
63.2	63.936	65
63.872	64.64	50
63.904	64.64	53
63.904	64.672	56
64.64	65.216	50
64.64	65.216	53
64.672	65.408	56
65.376	65.92	50
65.408	65.92	53
65.408	66.016	56
65.792	65.952	77
65.792	66.176	65
66.112	66.688	50
66.208	66.688	56
66.208	66.912	67
66.88	67.744	50
66.912	67.584	56
66.912	67.68	53
67.328	67.584	68
67.328	67.584	80
67.712	68.256	52
67.712	68.256	55
67.712	68.448	49
67.712	69.312	68
68.448	69.024	52
68.448	69.024	55
68.448	69.056	49
69.184	69.248	49
69.248	69.76	52
69.248	69.76	55
69.248	69.92	49
69.248	69.984	67
69.92	70.368	49
69.952	70.24	55
69.952	70.752	52
70.336	70.72	61
70.336	70.752	64
70.336	70.752	67
70.336	70.848	55
70.72	71.36	61
70.72	71.392	57
70.72	71.488	63
70.72	71.552	69
71.808	72.192	57
71.808	72.224	63
71.808	72.224	69
71.808	72.256	61
72.16	72.416	58
72.192	72.928	70
72.416	73.248	58
72.896	73.376	43
73.248	73.568	70
73.248	73.632	51
73.248	73.664	58
73.248	73.664	61
73.248	73.664	63
73.632	73.664	54
73.632	73.856	50
73.632	73.856	62
73.632	74.304	69
73.632	74.368	57
73.632	75.136	66
73.856	74.368	62
73.856	74.624	50
74.368	74.88	54
74.368	74.944	57
74.368	74.944	62
74.88	74.976	69
75.104	75.648	54
75.104	75.648	57
75.104	75.648	62
75.104	75.648	69
75.808	76.384	54
75.808	76.384	57
75.808	76.384	62
76.544	77.12	54
76.544	77.12	57
76.544	77.12	62
77.312	77.824	54
77.312	77.856	57
77.312	77.856	62
77.696	78.08	69
77.696	78.08	81
78.048	78.592	57
78.048	78.624	54
78.048	78.624	62
78.08	78.176	83
78.08	78.752	71
78.752	79.584	54
78.784	79.52	62
78.784	79.584	57
79.168	79.52	72
79.168	80.352	84
79.584	80.096	72
79.584	80.128	53
79.584	80.128	56
79.584	80.16	62
80.32	80.896	53
80.32	80.896	56
80.32	80.896	62
81.088	81.568	53
81.088	81.6	56
81.088	81.632	62
81.088	81.824	71
81.792	82.304	53
81.792	82.56	56
81.792	83.008	62
82.528	83.072	50
82.528	83.072	53
82.528	83.2	59
83.232	83.808	50
83.232	83.808	53
83.232	83.904	59
83.968	84.512	50
83.968	84.512	53
83.968	84.608	59
83.968	84.672	71
84.672	85.248	50
84.672	85.44	59
84.672	85.472	53
85.056	85.44	72
85.056	85.472	84
85.44	86.016	50
85.44	86.016	56
85.44	86.016	85
85.44	86.048	47
85.44	86.272	73
86.176	86.752	47
86.176	86.752	50
86.176	86.752	56
86.912	87.424	74
86.912	87.424	86
86.912	87.456	47
86.912	87.456	50
86.912	87.456	56
87.584	88.288	47
87.584	88.352	50
87.584	88.352	56
88.288	88.864	47
88.32	88.352	35
88.32	88.832	44
88.32	88.864	53
88.992	89.568	44
88.992	89.568	47
88.992	89.6	53
89.024	89.568	56
89.696	90.272	74
89.696	90.304	47
89.696	90.304	86
89.696	90.336	53
90.432	91.136	47
90.432	91.168	44
90.432	91.2	53
90.464	90.784	56
90.784	91.2	75
90.784	91.2	87
91.168	91.744	43
91.168	91.776	76
91.2	91.264	31
91.2	91.264	59
91.2	91.744	47
91.2	91.744	53
91.2	91.744	88
91.904	92.48	43
91.904	92.48	47
91.904	92.48	53
91.936	92.48	59
92.608	93.216	47
92.608	93.248	53
92.608	93.248	77
92.64	93.184	43
93.312	94.048	53
93.312	94.112	43
93.344	93.376	59
93.344	94.048	47
94.048	94.624	44
94.048	94.72	48
94.048	94.72	53
94.72	95.296	53
94.72	95.36	44
94.72	95.392	48
95.392	96.032	53
95.392	96.032	77
95.392	96.128	48
96.128	96.992	44
96.128	96.992	53
96.128	97.12	48
96.96	98.464	43
96.96	98.464	59
96.992	97.024	65
96.992	97.024	77
96.992	98.432	53
98.752	98.976	87
98.944	99.104	86
99.104	99.232	89
99.296	99.456	87
99.488	99.68	86
99.648	99.776	84
99.84	99.968	83
100.544	100.736	83
101.344	101.44	55
101.344	101.472	74
101.344	101.472	77
101.344	101.728	67
101.344	101.728	83
102.144	102.56	83
102.144	102.592	67
102.144	102.592	74
102.144	102.592	77
103.008	103.36	75
103.008	103.872	68
103.008	104.416	84
103.04	104.32	72
103.04	104.48	56
108.8	109.408	84
110.592	110.816	83
110.784	110.976	84
110.944	111.104	86
111.072	111.232	84
111.2	111.328	82
111.296	111.456	80
111.424	111.584	79
111.552	111.712	82
111.68	112.096	80
112.416	112.832	80
113.184	113.6	80
113.184	113.632	53
113.216	113.632	62
113.984	114.432	80
113.984	114.464	53
114.016	114.464	62
114.88	115.616	79
114.88	116.288	60
114.88	116.32	63
114.88	116.48	55
115.68	116.48	87
116.544	116.704	86
116.672	116.928	85
116.8	116.928	84
116.896	117.056	83
117.024	117.184	82
117.152	117.28	81
117.248	117.376	80
117.344	117.472	79
117.44	117.568	78
117.536	117.664	77
117.632	117.76	76
117.728	117.824	75
117.792	118.016	53
117.792	118.304	50
117.888	118.016	73
117.984	118.112	72
118.048	118.208	71
118.144	118.272	70
118.24	118.368	69
118.336	118.464	68
118.432	118.56	67
118.528	118.624	66
118.592	118.72	65
118.688	118.816	64
118.784	118.912	63
118.88	118.976	62
118.944	119.072	61
119.04	119.168	60
119.136	119.264	59
119.232	120.32	68
119.264	119.328	59
120.288	120.64	59
120.608	120.768	36
120.608	120.8	48
120.608	120.8	60
120.768	120.992	36
120.864	121.024	48
120.896	120.992	60
120.992	121.6	36
121.184	121.312	58
121.184	121.312	64
121.184	122.112	48
121.408	121.504	53
121.408	121.504	56
121.6	121.696	64
121.6	121.696	67
121.6	122.112	36
121.792	121.856	53
121.792	121.888	68
121.792	121.92	65
121.984	122.112	62
122.176	122.272	60
122.176	122.304	63
122.176	122.368	36
122.368	122.464	64
122.368	122.56	36
122.368	122.688	48
122.56	123.328	36
122.784	123.008	48
122.976	123.072	68
122.976	123.104	77
123.072	123.168	48
123.168	123.264	76
123.168	123.296	79
123.168	123.36	48
123.36	123.456	48
123.36	123.456	77
123.36	123.456	80
123.456	123.744	48
123.552	123.68	55
123.552	123.68	83
123.584	123.648	74
123.744	123.968	75
123.744	124.032	48
123.744	124.032	79
123.744	124.128	84
123.904	124.192	36
124.032	124.192	48
124.032	124.192	60
124.16	124.256	50
124.16	124.352	77
124.16	124.48	67
124.16	124.544	79
124.256	124.416	50
124.32	124.448	38
124.416	124.736	50
124.448	124.864	38
124.544	124.64	39
124.544	124.96	67
124.544	124.96	75
124.64	124.832	51
124.64	124.928	39
124.832	124.96	51
124.928	125.376	68
124.928	125.376	74
124.928	125.408	41
124.96	125.056	53
125.216	125.344	53
125.312	125.6	43
125.312	125.76	67
125.312	125.856	63
125.344	125.632	72
125.6	125.632	55
125.6	125.888	43
125.728	126.336	66
125.824	126.016	44
125.856	125.952	56
126.016	126.144	56
126.016	126.528	44
126.144	126.176	42
126.144	126.4	69
126.176	126.24	54
126.24	126.56	54
126.304	126.944	42
126.528	126.784	43
126.528	126.976	71
126.56	126.976	62
126.784	127.648	43
126.944	127.072	60
126.944	127.072	63
126.944	127.072	72
127.136	127.392	48
127.136	127.552	60
127.296	128.416	36
127.392	128.032	48
127.52	127.648	58
127.52	127.648	64
127.744	127.808	53
127.744	127.84	56
127.744	127.84	65
127.936	128.032	64
127.936	128.032	67
127.936	128.064	60
128.032	128.224	48
128.128	128.224	65
128.128	128.224	68
128.224	128.352	48
128.32	128.416	43
128.32	128.448	62
128.512	128.608	60
128.512	128.64	63
128.704	128.8	64
128.704	128.896	36
128.736	128.832	72
128.8	128.928	48
128.8	128.96	60
128.896	128.992	36
128.992	129.088	36
128.992	129.504	48
129.088	130.016	36
129.312	129.408	68
129.312	129.408	77
129.504	129.568	76
129.504	129.632	79
129.504	129.696	48
129.664	129.792	77
129.696	129.792	80
129.696	130.08	48
129.888	129.952	55
129.888	129.984	74
129.888	130.016	64
129.888	130.016	83
130.08	130.272	79
130.08	130.304	84
130.08	130.336	75
130.08	130.496	48
130.24	130.56	36
130.496	130.752	77
130.496	130.784	67
130.496	130.912	79
130.528	130.592	50
130.592	130.752	50
130.656	131.104	38
130.752	130.944	50
130.88	130.976	39
130.88	131.296	67
130.88	131.328	75
130.976	131.136	51
130.976	131.264	39
131.136	131.328	51
131.264	131.328	53
131.264	131.712	41
131.264	131.712	68
131.264	131.712	74
131.552	131.68	53
131.648	131.84	43
131.648	132.096	67
131.68	131.968	72
131.68	132.288	63
131.84	131.936	43
131.936	132.0	55
131.936	132.224	43
132.064	132.832	66
132.192	132.256	56
132.192	132.352	44
132.352	132.48	56
132.352	132.832	44
132.48	132.544	42
132.48	132.896	69
132.576	132.768	54
132.608	133.312	42
132.768	132.928	54
132.928	133.12	54
133.12	133.312	54
133.28	133.472	62
133.28	133.632	71
133.28	133.664	67
133.28	133.696	43
133.472	133.664	59
133.472	133.664	62
133.664	133.856	59
133.664	133.856	62
133.664	134.368	67
133.664	134.464	79
133.856	134.208	59
133.856	134.304	62
134.08	134.464	55
134.272	134.464	60
134.272	134.464	63
134.464	134.656	60
134.464	134.656	63
134.464	134.656	79
134.464	134.72	67
134.656	134.912	60
134.656	134.912	63
134.656	134.976	79
134.88	135.072	62
134.912	135.008	65
134.944	135.104	77
135.072	135.2	74
135.168	135.296	71
135.232	135.392	67
135.36	135.488	65
135.456	135.584	62
135.552	135.712	59
135.648	135.776	60
135.744	135.872	63
135.808	135.968	60
135.904	136.064	55
136.032	136.128	60
136.032	136.16	54
136.128	136.288	60
136.128	136.352	44
136.224	136.352	56
136.32	136.448	54
136.416	136.736	55
136.416	136.864	31
136.64	136.896	59
136.832	137.024	62
136.832	137.472	67
136.832	137.632	79
137.024	137.216	62
137.024	137.248	59
137.216	137.472	62
137.216	137.696	55
137.44	137.632	60
137.44	137.632	63
137.632	137.792	63
137.632	137.824	60
137.632	137.824	67
137.632	138.112	79
137.792	138.08	63
137.824	138.112	60
138.048	138.112	65
138.048	138.24	62
138.112	138.24	77
138.208	138.368	74
138.304	138.432	71
138.4	138.56	67
138.496	138.656	65
138.592	138.72	62
138.688	138.848	59
138.784	138.912	60
138.88	139.008	63
138.976	139.104	60
139.072	139.2	55
139.168	139.392	54
139.264	139.424	60
139.392	139.488	56
139.456	139.616	54
139.584	139.808	55
139.584	139.904	43
139.776	139.904	66
139.968	140.096	67
139.968	140.128	43
140.16	140.288	66
140.16	140.288	72
140.352	140.416	43
140.352	140.448	59
140.352	140.48	67
140.352	140.48	71
140.544	140.64	43
140.544	140.64	50
140.544	140.672	72
140.544	140.672	78
140.64	140.704	43
140.736	140.864	43
140.736	140.864	71
140.736	140.864	79
140.928	141.024	50
140.928	141.024	78
140.928	141.056	84
140.928	141.088	43
141.12	141.28	79
141.12	141.28	83
141.408	141.6	43
141.6	141.856	43
141.888	142.24	63
141.888	142.304	61
141.888	142.624	51
141.888	142.784	58
142.688	142.912	60
142.912	142.944	73
142.976	143.168	44
143.072	143.2	72
143.168	143.392	44
143.264	143.424	73
143.264	143.424	79
143.392	143.488	44
143.456	143.584	72
143.488	143.616	80
143.488	143.84	44
143.648	143.776	79
143.68	143.776	51
143.68	143.808	85
143.84	144.0	80
143.84	144.0	84
143.84	144.16	44
143.872	144.032	32
144.032	144.16	51
144.032	144.16	79
144.064	144.192	85
144.16	144.384	44
144.224	144.352	84
144.224	144.416	80
144.256	144.384	32
144.416	144.608	32
144.544	144.704	44
144.608	144.736	32
144.704	144.864	44
144.736	144.768	56
144.736	144.8	32
144.8	144.992	32
144.928	145.024	44
145.024	145.536	75
145.024	145.568	78
145.024	145.664	51
145.024	145.76	63
145.024	145.824	66
145.024	145.856	60
145.504	145.856	45
145.824	145.92	46
145.824	145.952	53
145.824	146.048	62
145.824	146.048	65
145.92	146.048	46
146.016	146.144	69
146.016	146.144	75
146.208	146.304	46
146.208	146.336	51
146.208	146.336	70
146.208	146.336	74
146.304	146.336	46
146.4	146.528	46
146.4	146.528	75
146.4	146.528	81
146.592	146.688	46
146.592	146.72	74
146.592	146.72	82
146.688	146.752	46
146.784	146.88	53
146.784	146.88	81
146.784	146.88	87
146.88	147.136	46
146.976	147.072	79
146.976	147.072	86
146.976	147.104	82
147.168	147.264	81
147.168	147.264	87
147.168	147.392	46
147.36	147.488	82
147.36	147.488	86
147.648	147.84	46
147.744	147.968	81
147.744	148.032	75
147.84	148.032	46
147.936	148.064	85
148.032	148.32	46
148.128	148.352	74
148.128	148.352	82
148.16	148.352	34
148.416	148.544	46
148.512	148.736	69
148.512	148.96	75
148.832	149.088	46
148.928	149.056	34
148.928	149.12	74
148.928	149.152	70
149.216	149.312	46
149.312	149.504	69
149.312	149.664	63
149.6	149.728	46
149.696	149.92	62
149.696	149.952	70
149.984	150.048	46
150.08	150.432	63
150.08	150.496	57
150.368	150.72	46
150.464	150.72	58
150.464	150.72	62
150.688	150.912	57
150.88	151.104	58
151.072	151.328	57
151.264	151.52	58
151.488	151.712	57
151.68	151.904	58
151.872	152.128	57
152.064	152.448	58
152.288	152.384	66
152.288	152.416	46
152.48	152.608	51
152.48	152.608	63
152.48	152.608	66
152.672	152.736	66
152.672	152.832	53
152.672	152.928	63
152.896	153.024	54
152.896	153.216	58
153.088	153.216	63
153.088	153.216	66
153.088	153.376	70
153.28	153.408	66
153.28	153.472	63
153.28	153.536	75
153.472	153.664	66
153.472	153.664	77
153.472	153.728	63
153.664	154.304	78
153.696	154.176	58
153.888	153.984	66
153.888	154.016	63
154.08	154.208	66
154.08	154.24	63
154.304	154.496	66
154.304	154.528	63
154.304	154.528	75
154.496	154.976	70
154.496	155.008	58
154.496	155.104	78
154.688	154.784	66
154.688	154.816	63
154.88	155.008	66
154.88	155.104	63
155.104	155.296	66
155.104	155.328	63
155.104	155.328	75
155.296	155.456	74
155.296	155.616	58
155.52	155.648	46
155.712	155.808	65
155.712	155.84	53
155.904	156.064	54
156.096	156.224	56
156.096	156.32	58
156.32	156.384	65
156.32	156.416	68
156.32	156.544	58
156.32	156.544	70
156.512	156.608	65
156.512	156.704	68
156.512	156.736	80
156.704	156.832	68
156.704	156.832	78
156.704	156.896	65
156.896	157.024	66
156.896	157.024	78
156.896	157.152	58
156.96	157.088	80
157.024	157.152	78
157.12	157.184	65
157.12	157.184	77
157.12	157.216	68
157.312	157.408	65
157.312	157.44	68
157.312	157.44	77
157.376	157.472	78
157.44	157.536	77
157.536	157.632	56
157.536	157.632	65
157.536	157.632	75
157.536	157.728	68
157.728	157.856	75
157.728	158.176	58
157.792	157.888	77
157.856	157.984	75
157.92	158.048	68
157.92	158.176	74
158.144	158.272	65
158.144	158.272	68
158.144	158.272	72
158.336	158.496	74
158.336	158.56	65
158.336	158.56	68
158.528	158.784	75
158.528	158.88	58
158.752	158.848	66
158.752	158.912	46
158.944	159.072	63
158.944	159.136	66
158.944	159.2	51
159.136	159.232	66
159.136	159.264	53
159.328	159.488	54
159.328	159.488	58
159.552	159.648	66
159.552	159.68	63
159.552	159.712	70
159.744	159.84	66
159.744	159.872	63
159.744	159.968	75
159.936	160.032	66
159.936	160.128	63
159.936	160.128	77
160.128	160.512	58
160.128	160.64	70
160.128	160.736	78
160.32	160.416	66
160.32	160.448	63
160.544	160.64	66
160.544	160.672	63
160.736	160.928	66
160.736	160.96	63
160.736	160.96	75
160.896	161.12	70
160.928	161.44	78
160.96	161.312	58
161.152	161.248	66
161.152	161.28	63
161.344	161.44	66
161.344	161.472	63
161.536	161.76	66
161.536	161.792	63
161.568	161.792	75
161.76	161.92	72
161.76	161.984	56
161.952	162.048	63
161.952	162.048	66
161.952	162.24	44
162.144	162.272	66
162.144	162.304	51
162.368	162.464	53
162.368	162.528	63
162.56	162.688	54
162.752	162.816	66
162.752	162.848	63
162.752	162.976	68
162.944	163.04	63
162.944	163.072	66
162.944	163.168	78
163.136	163.264	66
163.136	163.36	63
163.168	163.232	77
163.36	163.456	77
163.36	163.776	56
163.456	163.584	77
163.552	163.648	63
163.552	163.648	66
163.584	163.648	75
163.744	163.84	63
163.744	163.872	66
163.776	163.84	75
163.872	164.0	75
163.968	164.064	66
163.968	164.064	73
163.968	164.16	63
164.16	164.288	73
164.16	164.352	56
164.288	164.416	73
164.384	164.48	63
164.384	164.48	66
164.384	164.512	72
164.576	164.704	63
164.576	164.704	66
164.576	164.736	70
164.768	164.928	72
164.768	164.96	66
164.768	164.992	63
164.992	165.216	56
164.992	165.248	73
165.216	165.248	65
165.216	165.44	44
165.376	165.472	61
165.376	165.504	49
165.568	165.728	51
165.792	165.92	53
165.792	166.08	56
165.984	166.08	61
165.984	166.08	65
165.984	166.112	68
166.176	166.304	61
166.176	166.304	65
166.208	166.304	73
166.4	166.56	61
166.4	166.56	65
166.4	166.56	75
166.528	166.72	68
166.592	166.88	56
166.592	167.168	77
166.784	166.848	61
166.784	166.88	65
166.976	167.072	61
166.976	167.072	65
167.2	167.392	65
167.2	167.392	73
167.2	167.424	61
167.392	167.488	68
167.392	167.68	56
167.392	167.872	77
167.584	167.68	61
167.584	167.68	65
167.776	167.904	65
167.808	167.872	61
168.0	168.128	73
168.0	168.192	61
168.0	168.224	65
168.224	168.384	72
168.224	168.448	56
168.416	168.512	66
168.416	168.64	44
168.608	168.736	66
168.608	168.768	51
168.8	168.832	66
168.8	168.928	53
168.8	168.928	63
168.992	169.152	54
169.216	169.28	66
169.216	169.312	63
169.216	169.44	68
169.408	169.504	63
169.408	169.504	66
169.408	169.632	78
169.6	169.696	77
169.6	169.728	66
169.6	169.824	63
169.792	169.92	77
169.792	170.24	56
169.888	169.952	78
169.92	170.048	77
170.016	170.112	63
170.016	170.112	66
170.016	170.112	75
170.208	170.304	63
170.208	170.304	66
170.272	170.368	77
170.336	170.432	75
170.368	170.528	66
170.432	170.496	73
170.432	170.624	63
170.624	170.752	73
170.624	170.784	56
170.752	170.88	73
170.816	170.912	66
170.816	170.944	63
170.816	170.976	72
171.008	171.136	63
171.008	171.136	66
171.008	171.168	70
171.2	171.424	66
171.232	171.392	72
171.232	171.456	63
171.424	171.68	61
171.456	171.616	73
171.648	171.872	49
171.648	171.872	65
171.84	172.064	56
171.84	172.064	59
172.032	172.224	47
172.032	172.224	68
172.256	172.384	46
172.256	172.384	58
172.448	172.48	65
172.448	172.544	68
172.448	172.672	58
172.448	172.672	70
172.64	172.736	65
172.64	172.8	68
172.672	172.736	58
172.672	172.832	80
172.832	172.96	56
172.832	172.96	78
172.864	173.024	68
172.864	173.056	65
173.024	173.152	78
173.056	173.312	58
173.088	173.184	80
173.152	173.28	78
173.248	173.312	65
173.248	173.344	68
173.248	173.344	77
173.44	173.536	65
173.44	173.568	68
173.44	173.568	77
173.504	173.6	78
173.568	173.696	77
173.664	173.792	65
173.664	173.792	75
173.664	173.888	68
173.856	173.984	75
173.856	174.304	58
173.92	174.016	77
173.984	174.112	75
174.08	174.144	65
174.08	174.272	68
174.08	174.272	74
174.272	174.4	65
174.272	174.4	68
174.272	174.4	72
174.464	174.624	74
174.464	174.72	65
174.464	174.72	68
174.688	174.944	63
174.688	174.944	75
174.88	175.104	66
174.88	175.136	51
175.104	175.296	61
175.104	175.328	58
175.296	175.456	49
175.488	175.648	48
175.488	175.648	60
175.712	175.776	67
175.712	175.808	70
175.712	175.808	72
175.712	175.968	60
175.904	176.0	67
175.904	176.032	70
176.096	176.192	80
176.096	176.288	70
176.096	176.32	67
176.288	176.416	80
176.288	176.448	60
176.416	176.544	80
176.512	176.608	67
176.512	176.608	70
176.512	176.64	79
176.704	176.832	67
176.704	176.832	79
176.704	176.864	70
176.768	176.832	80
176.832	176.96	79
176.928	177.024	77
176.928	177.12	67
176.928	177.152	70
177.12	177.216	77
177.12	177.312	60
177.184	177.28	79
177.216	177.344	77
177.312	177.408	67
177.312	177.44	70
177.312	177.536	76
177.536	177.632	67
177.536	177.632	70
177.536	177.664	74
177.728	177.952	76
177.728	177.984	67
177.728	177.984	70
177.952	178.048	79
177.952	178.176	65
177.984	178.048	80
178.048	178.176	79
178.144	178.272	77
178.336	178.464	68
178.336	178.464	77
178.4	178.496	79
178.464	178.56	77
178.56	178.624	75
178.56	178.656	72
178.56	178.784	68
178.752	178.88	75
178.752	179.04	58
178.816	178.912	77
178.88	179.008	75
178.944	179.04	68
178.944	179.136	74
179.136	179.264	68
179.168	179.264	65
179.168	179.328	72
179.168	179.552	59
179.36	179.584	65
179.36	179.584	68
179.36	179.584	74
179.552	179.648	77
179.584	179.744	60
179.616	179.712	79
179.68	179.808	77
179.776	179.872	75
179.808	179.84	67
179.968	180.064	67
179.968	180.096	63
179.968	180.096	75
180.0	180.096	77
180.096	180.192	75
180.16	180.256	74
180.16	180.384	63
180.16	180.384	67
180.384	180.48	74
180.384	180.736	56
180.48	180.608	74
180.576	180.704	63
180.576	180.704	72
180.768	180.864	72
180.768	180.896	63
180.864	180.896	74
180.896	181.024	72
180.992	181.216	63
180.992	181.216	65
180.992	181.216	71
181.216	181.376	72
181.216	181.504	58
181.408	181.504	63
181.408	181.504	67
181.408	181.536	70
181.6	181.696	63
181.6	181.696	67
181.6	181.728	70
181.824	181.984	70
181.824	182.048	63
181.824	182.048	67
182.016	182.56	58
182.144	182.304	72
182.272	182.432	70
182.464	182.56	65
182.464	182.592	70
182.688	182.848	70
182.688	182.88	65
182.784	182.88	62
182.912	184.192	51
183.008	183.264	58
183.168	183.264	55
183.264	183.36	55
183.264	183.648	63
183.264	183.712	58
183.36	183.552	55
183.552	183.712	67
183.552	183.776	55
183.648	183.776	63
183.776	183.872	67
183.776	184.032	55
183.84	184.096	63
184.032	184.384	55
184.032	184.544	58
184.096	184.192	63
184.192	184.608	51
184.192	184.608	63
184.384	184.576	55
184.384	184.576	67
184.576	184.928	49
184.832	184.96	67
184.832	184.992	55
184.896	185.184	63
184.992	185.184	55
185.12	185.344	58
185.184	185.344	63
185.184	185.376	67
185.184	185.408	55
185.344	185.44	58
185.344	185.44	63
185.408	185.536	55
185.536	185.632	58
185.536	185.728	63
185.632	185.824	55
185.632	185.856	58
185.728	185.92	63
185.792	186.24	49
185.92	186.144	63
185.92	186.304	58
186.048	186.24	55
186.048	186.24	67
186.144	186.304	63
186.272	186.4	75
186.272	186.432	48
186.368	186.464	63
186.4	186.464	56
186.496	186.624	68
186.496	186.656	51
186.592	186.688	63
186.688	186.784	64
186.688	186.816	46
186.688	186.816	76
186.784	186.848	64
186.784	186.88	55
186.88	187.104	60
186.912	187.008	72
186.976	187.04	67
186.976	187.104	55
186.976	187.104	64
187.072	187.232	77
187.072	187.264	44
187.2	187.264	65
187.296	187.392	72
187.296	187.456	48
187.36	187.488	65
187.456	187.584	79
187.456	187.616	43
187.488	187.584	67
187.584	187.68	55
187.584	187.68	67
187.68	187.776	72
187.68	187.808	48
187.68	187.808	60
187.744	187.904	55
187.744	187.904	67
187.84	187.968	41
187.872	187.968	68
187.872	188.0	80
187.968	188.064	68
187.968	188.256	41
188.064	188.192	72
188.16	188.256	53
188.16	188.288	68
188.256	188.352	57
188.256	188.352	81
188.256	188.384	39
188.352	188.48	69
188.352	188.512	51
188.448	188.576	41
188.448	188.576	72
188.512	188.672	51
188.544	188.64	69
188.64	188.736	50
188.64	188.832	38
188.64	188.832	82
188.736	188.864	70
188.736	188.896	50
188.832	189.088	41
188.832	189.088	77
188.896	189.056	50
189.024	189.184	48
189.024	189.184	84
189.152	189.216	72
189.216	189.312	72
189.216	189.344	41
189.216	189.344	77
189.312	189.408	72
189.408	189.6	85
189.504	189.6	73
189.6	189.76	41
189.6	189.76	77
189.696	189.824	46
189.728	189.792	73
189.792	189.952	86
189.824	190.144	44
189.984	190.112	41
189.984	190.112	77
190.08	190.176	74
190.112	190.176	56
190.176	190.272	75
190.176	190.4	87
190.272	190.4	75
190.368	190.496	82
190.368	190.528	39
190.464	190.592	75
190.56	190.752	83
190.592	190.624	52
190.656	190.816	71
190.688	190.88	43
190.784	191.008	39
190.784	191.008	75
190.816	190.912	51
190.88	191.008	71
190.88	191.104	43
190.976	191.072	44
191.072	191.2	72
191.072	191.264	44
191.168	191.392	75
191.264	191.36	72
191.264	191.648	44
191.36	191.456	72
191.36	191.52	84
191.456	191.648	72
191.552	191.68	75
191.648	191.808	44
191.648	191.808	72
191.776	191.936	32
191.872	192.064	65
191.968	192.352	68
192.064	192.256	65
192.16	192.512	74
192.256	192.448	65
192.352	192.608	68
192.448	192.64	65
192.608	193.056	51
192.8	192.928	67
192.8	193.024	55
192.896	193.088	63
192.896	193.376	58
193.024	193.184	55
193.024	193.344	75
193.088	193.44	63
193.184	193.408	55
193.408	193.632	55
193.504	193.728	58
193.504	193.728	63
193.632	194.016	55
193.728	193.92	63
193.728	194.208	58
193.824	194.144	75
193.824	194.272	51
193.92	194.112	63
194.016	194.176	67
194.016	194.208	55
194.112	194.272	63
194.24	194.56	49
194.336	194.528	63
194.432	194.56	55
194.464	194.624	67
194.528	194.752	63
194.56	194.656	55
194.56	194.72	58
194.656	194.848	55
194.688	195.104	75
194.752	194.976	63
194.848	195.04	67
194.848	195.072	55
194.976	195.104	63
195.072	195.232	67
195.072	195.36	55
195.168	195.36	63
195.2	195.488	58
195.264	195.648	67
195.36	195.584	63
195.36	195.68	55
195.456	195.904	49
195.488	195.776	75
195.584	195.776	63
195.584	195.872	58
195.68	195.808	67
195.68	195.904	55
195.776	195.936	63
195.808	195.904	67
195.904	196.064	48
195.904	196.064	75
196.0	196.096	63
196.128	196.256	68
196.128	196.288	51
196.224	196.32	63
196.32	196.448	46
196.32	196.448	76
196.352	196.416	64
196.416	196.512	55
196.416	196.512	64
196.544	196.64	72
196.544	196.704	60
196.576	196.736	64
196.608	196.768	55
196.736	196.896	44
196.736	196.896	77
196.832	196.896	65
196.928	197.024	72
196.928	197.056	60
196.928	197.12	48
196.992	197.12	65
197.024	197.088	53
197.024	197.152	56
197.12	197.216	67
197.12	197.248	79
197.12	197.28	43
197.216	197.312	55
197.216	197.312	67
197.312	197.44	48
197.312	197.44	60
197.344	197.44	72
197.376	197.536	67
197.408	197.536	55
197.504	197.6	41
197.504	197.632	80
197.6	197.696	68
197.6	197.728	41
197.696	197.824	60
197.696	197.824	72
197.792	197.888	53
197.792	197.888	68
197.792	197.92	41
197.888	198.016	39
197.888	198.016	81
198.016	198.08	69
198.016	198.112	51
198.112	198.24	72
198.112	198.304	41
198.176	198.272	69
198.176	198.304	51
198.272	198.368	50
198.272	198.464	82
198.272	198.496	38
198.368	198.56	50
198.4	198.496	70
198.464	198.72	77
198.464	198.848	41
198.56	198.688	50
198.656	198.816	84
198.784	198.88	72
198.848	199.008	41
198.848	199.008	77
198.944	199.072	72
199.04	199.264	85
199.168	199.264	73
199.264	199.456	77
199.264	199.488	41
199.36	199.552	46
199.424	199.68	86
199.552	199.68	74
199.648	199.744	77
199.648	199.808	41
199.744	199.808	56
199.744	199.84	74
199.84	199.936	75
199.84	200.064	87
199.84	200.128	43
199.936	200.064	75
200.032	200.16	39
200.032	200.16	82
200.128	200.224	75
200.128	200.32	43
200.224	200.32	76
200.224	200.672	88
200.32	200.416	76
200.32	200.672	43
200.416	200.672	82
200.512	200.64	76
200.608	201.12	44
200.64	201.344	32
200.704	200.896	80
200.8	201.024	84
200.896	201.12	80
200.992	201.248	89
201.12	201.312	80
201.12	201.44	92
201.216	201.44	84
201.312	201.472	80
201.504	201.696	77
201.6	201.92	80
201.696	201.92	77
201.824	202.048	86
201.92	202.112	77
201.984	202.24	80
202.112	202.208	77
202.208	202.976	79
202.208	203.136	51
202.208	203.584	39
202.432	202.976	87
202.624	202.848	67
202.624	202.88	63
202.848	203.008	67
202.88	203.04	63
203.04	203.072	89
203.104	203.488	87
203.232	203.424	67
203.232	203.584	63
203.424	203.616	67
203.456	203.552	83
203.584	203.904	63
203.616	204.032	67
203.744	203.872	84
203.84	204.224	56
203.872	204.064	82
203.936	204.192	80
204.032	204.224	63
204.032	204.352	79
204.032	204.544	67
204.16	204.256	77
204.224	204.448	63
204.256	204.352	76
204.32	204.512	77
204.352	204.544	65
204.416	204.608	79
204.448	204.672	63
204.512	204.672	77
204.544	204.608	65
204.672	204.768	75
204.736	204.928	74
204.768	205.44	58
204.832	205.024	65
204.864	205.056	72
205.024	205.472	65
205.024	205.472	69
205.12	205.408	70
205.248	205.44	72
205.312	205.472	56
205.344	205.472	68
205.408	205.792	79
205.44	206.4	51
205.632	205.824	55
205.632	206.048	87
205.632	206.272	75
205.824	206.016	55
206.016	206.144	86
206.016	206.272	55
206.016	206.272	63
206.112	206.272	87
206.208	206.336	89
206.24	206.304	48
206.304	206.464	87
206.304	206.496	48
206.432	206.592	86
206.432	206.624	51
206.432	206.624	55
206.528	206.72	84
206.624	206.816	51
206.624	206.848	55
206.656	206.848	83
206.72	206.944	84
206.816	206.944	51
206.848	206.976	86
206.848	207.008	55
206.944	207.072	84
206.944	207.136	60
206.944	207.232	51
207.04	207.264	82
207.04	207.296	44
207.136	207.328	80
207.232	207.424	51
207.232	207.456	63
207.232	207.552	79
207.328	207.488	77
207.424	207.552	76
207.424	207.616	51
207.424	207.84	53
207.424	207.872	56
207.52	207.712	77
207.616	207.872	79
207.616	208.096	51
207.648	207.872	63
207.712	207.872	77
207.84	208.064	75
207.84	208.192	46
207.936	208.064	74
208.032	208.16	72
208.032	208.192	53
208.032	208.224	50
208.128	208.224	70
208.224	208.416	58
208.224	208.448	53
208.224	208.48	70
208.224	208.672	50
208.416	208.608	72
208.416	208.672	58
208.512	208.672	70
208.64	208.864	39
208.64	209.312	75
208.736	208.96	51
208.864	209.056	39
208.864	209.12	63
208.96	209.152	51
209.056	210.016	39
209.152	209.344	51
209.248	209.408	61
209.248	209.44	67
209.344	209.504	51
209.44	209.6	68
209.44	209.664	60
209.536	209.664	51
209.632	209.824	67
209.632	209.824	70
209.728	209.888	51
209.856	209.984	68
209.856	209.984	72
209.952	210.08	51
210.048	210.176	74
210.048	210.208	68
210.144	210.272	51
210.24	210.368	67
210.24	210.368	75
210.24	210.4	39
210.336	210.496	51
210.464	210.656	39
210.464	210.88	75
210.56	210.72	51
210.656	211.232	39
210.752	210.88	51
210.848	210.976	73
210.848	210.976	79
210.944	211.072	51
211.04	211.168	80
211.04	211.2	72
211.136	211.296	51
211.264	211.424	79
211.264	211.424	82
211.36	211.488	51
211.456	211.552	80
211.456	211.584	84
211.552	211.648	51
211.648	211.776	80
211.648	211.776	86
211.744	211.904	51
211.84	212.032	87
211.84	212.096	79
211.936	212.16	51
212.064	212.256	39
212.16	212.288	51
212.256	212.448	39
212.352	212.48	51
212.448	212.704	39
212.544	212.704	51
212.672	212.768	43
212.672	212.864	38
212.672	212.864	75
212.672	212.896	79
212.672	213.536	67
212.768	212.96	50
212.864	213.248	38
212.96	213.152	50
213.152	213.344	50
213.248	213.504	38
213.344	213.504	50
213.472	213.536	48
213.472	213.536	87
213.472	213.792	79
213.664	213.856	36
213.76	213.984	48
213.856	214.048	36
213.984	214.272	48
214.048	214.304	36
214.272	214.592	46
214.272	215.008	79
214.272	215.072	67
214.272	215.296	75
214.592	214.976	46
214.88	215.104	51
214.976	215.104	46
215.072	215.52	87
215.072	216.096	84
215.584	215.616	56
215.584	215.776	44
215.776	215.968	44
215.872	216.288	72
215.872	216.288	75
216.0	216.384	43
216.384	216.736	43
216.672	216.8	86
216.672	216.992	84
216.672	217.696	81
217.664	219.712	31
217.664	219.712	50
217.664	219.712	53
217.664	219.712	55
217.664	219.712	59
217.664	219.84	62
217.664	220.352	43
219.68	219.712	48
219.68	219.84	36
219.68	220.192	60
219.84	220.032	36
220.032	220.448	36
220.128	220.256	48
220.256	220.384	58
220.256	220.384	64
220.256	220.544	48
220.448	220.576	53
220.448	220.576	56
220.448	220.576	65
220.448	221.056	36
220.544	220.736	48
220.64	220.736	55
220.64	220.768	64
220.64	220.768	67
220.736	220.8	60
220.736	221.056	48
220.832	220.928	53
220.832	220.96	41
220.832	220.96	65
220.832	220.96	68
221.024	221.152	62
221.024	221.152	71
221.12	221.376	48
221.216	221.344	60
221.216	221.344	63
221.216	221.408	36
221.408	221.504	64
221.408	221.6	36
221.44	221.536	55
221.6	221.824	36
221.696	221.888	48
221.824	222.208	36
222.016	222.112	41
222.016	222.144	68
222.016	222.176	77
222.016	222.208	48
222.208	222.368	79
222.208	222.4	48
222.208	222.944	36
222.24	222.336	76
222.4	222.432	53
222.4	222.432	68
222.4	222.496	48
222.4	222.528	77
222.4	222.528	80
222.496	222.784	48
222.592	222.688	74
222.592	222.72	55
222.592	222.72	64
222.624	222.72	83
222.784	223.008	79
222.784	223.072	48
222.784	223.104	84
222.816	222.976	75
222.944	223.264	36
223.072	223.264	48
223.2	223.296	50
223.2	223.424	77
223.2	223.488	67
223.2	223.584	79
223.296	223.488	50
223.456	223.52	62
223.488	223.776	38
223.488	223.904	50
223.584	223.648	51
223.584	224.0	39
223.584	224.0	67
223.584	224.032	75
223.68	223.872	51
223.872	224.352	51
223.968	224.416	41
223.968	224.416	74
224.0	224.064	53
224.0	224.448	68
224.256	224.416	53
224.384	224.64	43
224.384	224.672	72
224.384	224.8	67
224.384	224.928	63
224.64	224.96	43
224.672	224.704	55
224.768	225.408	66
224.864	225.056	44
224.896	225.152	56
225.056	225.472	44
225.184	225.248	42
225.184	225.28	54
225.184	225.6	69
225.28	225.472	54
225.376	226.016	42
225.472	225.696	54
225.6	225.792	43
225.6	226.016	62
225.6	226.016	71
225.792	226.688	43
225.856	226.016	55
225.984	226.112	36
225.984	226.112	60
225.984	226.112	63
225.984	226.112	72
226.176	226.464	48
226.176	226.624	60
226.368	226.976	36
226.464	226.88	48
226.56	226.688	64
226.56	226.72	58
226.784	226.88	53
226.784	226.88	56
226.784	226.88	65
226.88	227.072	48
226.976	227.072	55
226.976	227.104	64
226.976	227.104	67
226.976	227.392	36
227.072	227.392	48
227.168	227.264	53
227.168	227.296	65
227.168	227.296	68
227.36	227.488	62
227.392	227.488	71
227.456	227.584	48
227.552	227.68	60
227.552	227.68	63
227.552	227.744	36
227.584	227.68	72
227.744	227.872	64
227.744	227.936	36
227.776	227.872	72
227.872	227.968	48
227.872	227.968	60
227.936	228.864	36
228.032	228.224	48
228.224	228.544	48
228.352	228.416	41
228.352	228.448	68
228.352	228.48	77
228.544	228.64	48
228.544	228.64	76
228.544	228.672	79
228.64	228.832	48
228.736	228.768	53
228.736	228.832	77
228.736	228.832	80
228.832	228.896	60
228.832	228.96	48
228.928	229.024	55
228.928	229.024	74
228.928	229.056	83
229.024	229.408	48
229.12	229.344	75
229.12	229.344	79
229.12	229.408	84
229.28	229.6	36
229.408	229.568	48
229.536	229.664	71
229.536	229.728	77
229.536	229.952	79
229.568	229.632	50
229.568	229.792	67
229.632	229.792	50
229.728	229.824	81
229.792	230.176	50
229.792	230.24	38
229.824	229.856	62
229.92	230.112	39
229.92	230.304	75
229.92	230.368	67
229.952	230.08	72
230.016	230.336	51
230.112	230.336	39
230.336	230.368	53
230.336	230.496	41
230.336	230.656	74
230.336	230.688	68
230.496	230.592	41
230.592	230.72	53
230.592	230.816	41
230.72	230.816	43
230.72	230.912	63
230.72	230.912	72
230.72	231.008	67
230.816	231.328	43
230.848	230.88	55
231.008	231.072	55
231.008	231.136	67
231.104	231.872	66
231.232	231.392	44
231.232	231.392	56
231.392	231.552	56
231.392	231.904	44
231.52	231.552	42
231.52	231.616	54
231.52	232.032	69
231.616	231.776	54
231.776	232.0	54
231.776	232.352	42
232.0	232.192	54
232.192	232.416	54
232.32	232.512	62
232.32	232.704	67
232.32	232.736	71
232.32	232.928	43
232.512	232.704	62
232.512	232.896	59
232.704	232.896	62
232.704	233.344	67
232.704	233.344	79
232.896	233.184	59
232.896	233.344	62
233.12	233.44	55
233.312	233.504	60
233.312	233.504	63
233.504	233.696	60
233.504	233.696	63
233.504	233.888	67
233.504	233.952	79
233.696	233.792	60
233.696	233.952	63
233.792	233.984	60
233.92	234.048	65
233.92	234.112	62
234.016	234.144	77
234.112	234.24	74
234.208	234.336	71
234.304	234.432	67
234.4	234.528	65
234.496	234.624	62
234.592	234.752	59
234.688	234.816	60
234.784	234.912	63
234.88	235.008	60
234.976	235.104	55
235.072	235.2	54
235.168	235.296	60
235.264	235.392	56
235.296	235.392	44
235.36	235.52	54
235.456	235.808	55
235.68	235.872	59
235.68	235.872	62
235.872	236.064	62
235.872	236.096	67
235.872	236.128	59
235.872	236.448	79
236.064	236.288	62
236.288	236.512	62
236.288	236.704	55
236.48	236.672	60
236.48	236.672	63
236.672	236.864	60
236.672	236.864	63
236.672	236.96	67
236.672	237.184	79
236.864	237.088	60
236.864	237.12	63
237.088	237.28	65
237.088	237.312	62
237.152	237.312	77
237.28	237.408	74
237.344	237.504	71
237.472	237.6	67
237.536	237.696	65
237.632	237.76	62
237.728	237.888	59
237.824	237.952	60
237.92	238.08	63
238.016	238.144	60
238.112	238.24	55
238.208	238.432	54
238.336	238.496	60
238.432	238.56	56
238.528	238.656	54
238.624	238.848	55
238.624	239.008	43
238.816	238.944	66
239.008	239.136	67
239.008	239.328	43
239.2	239.328	60
239.2	239.328	66
239.2	239.328	72
239.392	239.52	43
239.392	239.52	67
239.392	239.52	71
239.584	239.712	43
239.584	239.712	72
239.584	239.712	78
239.776	239.872	43
239.776	239.872	71
239.776	239.904	79
239.872	240.0	43
239.968	240.096	78
239.968	240.096	84
240.096	240.16	43
240.16	240.288	55
240.16	240.32	79
240.16	240.32	83
240.16	240.448	43
240.448	240.64	43
240.576	240.64	50
240.64	241.248	43
240.96	241.184	61
240.96	241.312	63
240.96	241.408	51
240.96	241.824	58
241.248	241.44	43
241.44	241.632	43
241.632	241.824	43
241.76	241.984	60
241.952	242.048	73
242.048	242.24	44
242.144	242.272	72
242.24	242.528	44
242.336	242.464	73
242.336	242.464	79
242.528	242.624	44
242.528	242.624	72
242.528	242.656	80
242.624	242.72	44
242.72	242.816	44
242.72	242.848	79
242.72	242.848	85
242.816	242.912	44
242.912	243.008	44
242.912	243.04	80
242.912	243.04	84
243.008	243.424	44
243.104	243.232	51
243.104	243.232	79
243.104	243.264	85
243.296	243.424	84
243.296	243.456	32
243.296	243.488	80
243.456	243.68	32
243.68	243.872	32
243.776	243.968	44
243.872	244.032	32
243.968	244.096	44
244.064	244.512	75
244.064	244.672	60
244.064	244.704	51
244.064	244.832	54
244.064	244.832	63
244.064	244.896	66
244.672	244.896	60
244.864	245.088	65
244.864	245.12	53
244.864	245.184	62
244.896	244.96	46
244.96	245.12	46
245.056	245.184	69
245.088	245.216	75
245.248	245.376	50
245.248	245.408	74
245.248	245.472	70
245.344	245.408	46
245.44	245.536	46
245.44	245.568	75
245.44	245.568	81
245.536	245.632	46
245.632	245.728	46
245.632	245.76	74
245.632	245.792	82
245.728	245.856	46
245.824	245.888	53
245.824	245.92	81
245.824	245.92	87
245.92	246.048	46
246.016	246.112	79
246.016	246.144	82
246.016	246.144	86
246.208	246.304	75
246.208	246.304	81
246.208	246.336	87
246.304	246.432	46
246.4	246.528	86
246.4	246.56	82
246.688	247.072	46
246.784	247.008	81
246.784	247.104	75
247.072	247.36	46
247.168	247.392	74
247.168	247.392	82
247.2	247.392	34
247.488	247.584	46
247.584	247.872	69
247.584	247.872	75
247.872	247.968	46
247.968	248.128	46
247.968	248.16	34
247.968	248.192	70
247.968	248.192	74
248.256	248.32	46
248.352	248.672	69
248.352	248.736	63
248.64	248.704	46
248.736	248.832	74
248.736	248.992	62
248.736	248.992	70
248.928	248.992	74
249.024	249.12	46
249.12	249.44	63
249.12	249.536	57
249.12	249.536	69
249.408	249.536	46
249.504	249.76	58
249.536	249.76	46
249.536	249.76	62
249.728	249.952	57
249.92	250.144	58
250.112	250.368	57
250.336	250.56	58
250.528	250.752	57
250.72	250.976	58
250.944	251.168	57
251.136	251.488	58
251.36	251.424	66
251.36	251.488	46
251.52	251.68	66
251.52	251.776	51
251.552	251.648	63
251.744	251.808	66
251.744	251.872	53
251.744	251.968	63
251.936	252.064	54
251.936	252.256	58
252.128	252.256	63
252.128	252.256	66
252.128	252.416	70
252.352	252.448	66
252.352	252.544	63
252.352	252.576	75
252.544	252.64	66
252.544	252.736	77
252.544	252.768	63
252.736	253.248	58
252.736	253.376	78
252.928	253.024	66
252.928	253.088	63
253.12	253.248	66
253.12	253.28	63
253.344	253.536	66
253.344	253.568	63
253.344	253.568	75
253.536	254.048	58
253.536	254.144	78
253.728	253.824	66
253.728	253.952	63
253.952	254.048	66
253.952	254.144	63
254.144	254.336	66
254.144	254.368	63
254.144	254.4	75
254.336	254.656	58
254.368	254.56	74
254.56	254.592	65
254.56	254.688	46
254.56	254.688	68
254.752	254.88	53
254.752	254.88	68
254.944	255.072	54
254.944	255.104	68
255.168	255.264	56
255.168	255.296	58
255.36	255.424	65
255.36	255.456	68
255.36	255.584	70
255.552	255.648	58
255.552	255.648	65
255.552	255.712	68
255.552	255.776	80
255.744	255.84	56
255.744	255.872	78
255.744	255.904	68
255.744	255.936	65
255.936	256.064	78
255.936	256.224	58
255.968	256.064	66
256.032	256.128	80
256.064	256.192	78
256.16	256.224	65
256.16	256.224	77
256.16	256.256	68
256.352	256.448	65
256.352	256.48	68
256.352	256.48	77
256.416	256.544	78
256.48	256.608	77
256.576	256.704	65
256.576	256.704	75
256.576	256.8	68
256.768	256.896	75
256.768	257.152	58
256.832	256.992	77
256.896	257.024	75
256.992	257.184	68
256.992	257.184	74
257.184	257.28	65
257.184	257.28	68
257.184	257.312	72
257.376	257.536	74
257.376	257.6	65
257.376	257.632	68
257.6	257.888	75
257.6	257.92	58
257.792	257.888	66
257.792	257.92	46
257.984	258.144	66
257.984	258.208	51
258.176	258.24	66
258.176	258.304	53
258.176	258.4	63
258.4	258.528	54
258.4	258.56	58
258.592	258.688	66
258.592	258.72	63
258.592	258.752	70
258.784	258.88	66
258.784	258.912	63
258.784	259.008	75
258.976	259.104	66
258.976	259.104	77
258.976	259.168	63
259.136	259.552	70
259.168	259.68	78
259.2	259.552	58
259.392	259.488	63
259.392	259.488	66
259.584	259.68	66
259.584	259.712	63
259.776	259.936	66
259.776	260.0	63
259.808	260.0	75
259.936	260.16	70
260.0	260.352	58
260.0	260.48	78
260.192	260.288	66
260.192	260.32	63
260.384	260.48	66
260.384	260.512	63
260.608	260.8	66
260.608	260.864	63
260.608	260.864	75
260.832	261.024	56
260.832	261.024	72
261.024	261.056	63
261.024	261.12	66
261.024	261.28	44
261.216	261.312	66
261.216	261.44	51
261.408	261.44	66
261.408	261.536	53
261.408	261.568	63
261.6	261.728	54
261.792	261.888	63
261.792	261.888	66
261.792	262.016	68
262.016	262.112	63
262.016	262.144	66
262.016	262.24	78
262.208	262.304	77
262.208	262.336	66
262.208	262.4	63
262.4	262.528	77
262.4	262.816	56
262.528	262.656	77
262.624	262.688	66
262.624	262.688	75
262.624	262.72	63
262.816	262.912	63
262.816	262.912	66
262.88	262.944	77
262.944	263.04	75
263.008	263.104	66
263.008	263.104	73
263.008	263.232	63
263.232	263.328	73
263.232	263.392	56
263.328	263.488	73
263.424	263.52	63
263.424	263.52	66
263.424	263.552	72
263.616	263.744	63
263.616	263.744	66
263.616	263.776	70
263.808	263.968	72
263.808	264.0	66
263.808	264.032	63
264.032	264.288	56
264.032	264.32	73
264.256	264.32	65
264.256	264.48	44
264.448	264.576	49
264.64	264.8	51
264.64	264.8	61
264.832	264.96	53
264.832	265.088	56
265.024	265.12	61
265.024	265.12	65
265.024	265.152	68
265.248	265.344	61
265.248	265.344	65
265.248	265.344	73
265.44	265.568	61
265.44	265.568	75
265.44	265.6	65
265.568	265.728	68
265.6	265.984	56
265.632	266.112	77
265.824	265.92	61
265.824	265.92	65
266.016	266.112	61
266.016	266.112	65
266.048	266.112	56
266.24	266.368	73
266.24	266.432	61
266.24	266.432	65
266.432	266.528	68
266.432	266.816	77
266.432	266.88	56
266.624	266.72	61
266.624	266.72	65
266.848	266.944	61
266.848	266.944	65
267.04	267.2	73
267.04	267.232	61
267.04	267.264	65
267.264	267.424	72
267.264	267.488	56
267.456	267.552	66
267.456	267.68	44
267.648	267.776	66
267.648	267.808	51
267.84	267.936	66
267.84	267.968	53
268.064	268.192	54
268.256	268.32	66
268.256	268.352	63
268.256	268.48	68
268.448	268.544	63
268.448	268.544	66
268.448	268.672	78
268.64	268.736	77
268.64	268.768	66
268.64	268.864	63
268.864	268.96	77
268.864	269.28	56
268.928	268.992	78
268.96	269.088	77
269.056	269.152	63
269.056	269.152	66
269.088	269.152	75
269.248	269.344	63
269.248	269.344	66
269.376	269.504	75
269.472	269.568	66
269.472	269.568	73
269.472	269.664	63
269.664	269.792	73
269.664	269.824	56
269.792	269.92	73
269.888	269.984	63
269.888	269.984	66
269.888	270.016	72
270.08	270.176	63
270.08	270.176	66
270.08	270.208	70
270.272	270.432	72
270.272	270.464	66
270.272	270.496	63
270.496	270.656	73
270.496	270.72	61
270.688	270.912	49
270.88	271.232	56
270.912	271.232	59
271.072	271.264	47
271.072	271.296	65
271.072	271.328	68
271.296	271.424	46
271.296	271.424	58
271.488	271.552	65
271.488	271.584	68
271.488	271.744	58
271.52	271.744	70
271.712	271.808	65
271.712	271.904	68
271.712	271.904	80
271.904	272.0	78
271.904	272.064	68
271.904	272.096	65
272.096	272.192	78
272.096	272.384	58
272.192	272.256	80
272.192	272.352	78
272.32	272.384	65
272.32	272.384	68
272.32	272.384	77
272.512	272.576	65
272.512	272.608	77
272.512	272.64	68
272.576	272.64	78
272.608	272.736	77
272.704	272.832	75
272.704	272.896	65
272.704	272.96	68
272.928	273.024	75
272.928	273.28	58
272.96	273.056	77
273.024	273.152	75
273.12	273.248	68
273.12	273.28	74
273.312	273.44	65
273.312	273.44	68
273.312	273.44	72
273.504	273.664	74
273.504	273.76	65
273.504	273.76	68
273.728	273.984	63
273.76	273.984	75
273.92	274.176	51
273.952	274.144	66
274.144	274.304	61
274.144	274.368	58
274.336	274.528	49
274.56	274.72	48
274.56	275.008	60
274.752	274.816	67
274.752	274.848	70
274.752	274.848	72
274.944	275.04	67
274.944	275.072	70
275.136	275.232	80
275.136	275.36	67
275.136	275.36	70
275.36	275.456	80
275.36	275.52	60
275.456	275.584	80
275.552	275.648	67
275.552	275.648	70
275.552	275.68	79
275.744	275.872	67
275.744	275.872	70
275.744	275.872	79
275.84	275.904	80
275.872	276.0	79
275.968	276.064	77
275.968	276.16	67
275.968	276.192	70
276.16	276.256	77
276.16	276.416	60
276.224	276.32	79
276.256	276.416	77
276.384	276.48	67
276.384	276.48	70
276.384	276.512	76
276.576	276.672	67
276.576	276.672	70
276.576	276.672	74
276.768	277.024	67
276.768	277.024	70
276.768	277.024	76
276.992	277.088	79
276.992	277.28	65
277.024	277.12	80
277.088	277.216	79
277.184	277.28	77
277.376	277.504	77
277.376	277.536	68
277.44	277.536	79
277.504	277.632	77
277.6	277.696	75
277.6	277.728	72
277.6	277.824	68
277.792	277.888	75
277.792	278.08	58
277.856	277.952	77
277.92	278.048	75
277.984	278.08	68
277.984	278.176	74
278.016	278.08	65
278.208	278.304	65
278.208	278.304	68
278.208	278.368	72
278.208	278.624	59
278.4	278.624	74
278.4	278.656	65
278.4	278.656	68
278.624	278.72	77
278.624	278.784	60
278.656	278.752	79
278.72	278.848	77
278.848	278.912	75
279.008	279.136	75
279.008	279.168	63
279.072	279.168	77
279.136	279.232	75
279.2	279.328	67
279.2	279.424	63
279.232	279.296	74
279.424	279.52	56
279.424	279.52	74
279.52	279.648	74
279.52	279.776	56
279.648	279.744	63
279.648	279.776	72
279.808	279.936	63
279.808	279.936	72
279.904	279.936	74
279.936	280.064	72
280.032	280.256	63
280.032	280.256	65
280.032	280.256	71
280.256	280.352	58
280.256	280.352	72
280.32	280.352	74
280.352	280.512	58
280.352	280.512	72
280.48	280.576	63
280.48	280.608	70
280.64	280.768	63
280.64	280.768	70
280.864	280.992	70
280.864	281.12	63
280.896	281.12	67
281.056	281.632	58
281.184	281.344	72
281.344	281.536	70
281.536	281.632	65
281.536	281.632	70
281.728	281.888	62
281.76	281.888	70
281.76	281.984	65
281.984	283.232	51
282.08	282.336	58
282.272	282.432	67
282.336	282.464	58
282.464	282.752	63
282.464	282.784	58
282.592	282.752	55
282.592	282.752	67
282.752	282.848	63
282.816	283.072	55
282.816	283.552	67
283.072	283.424	55
283.104	283.552	63
283.232	283.648	51
283.424	283.616	55
283.552	283.68	63
283.616	283.904	49
283.744	283.968	63
283.744	284.0	58
283.872	284.0	67
283.872	284.064	55
283.968	284.16	63
284.0	284.064	58
284.064	284.16	55
284.064	284.16	58
284.096	284.128	75
284.16	284.256	55
284.16	284.256	58
284.16	284.384	63
284.256	284.384	58
284.256	284.48	55
284.384	284.48	58
284.384	284.48	63
284.48	284.608	55
284.576	284.768	58
284.576	284.8	63
284.704	284.864	55
284.768	284.928	58
284.8	284.992	63
284.864	285.28	49
284.896	285.12	75
284.992	285.216	63
284.992	285.248	58
285.088	285.216	67
285.088	285.28	55
285.216	285.344	63
285.312	285.44	75
285.312	285.472	48
285.408	285.536	63
285.536	285.664	68
285.536	285.696	51
285.632	285.728	63
285.728	285.856	76
285.728	285.888	46
285.76	285.824	64
285.824	285.92	55
285.824	285.92	64
285.952	286.048	72
285.952	286.144	60
285.984	286.112	64
286.016	286.144	55
286.112	286.272	77
286.144	286.304	44
286.24	286.304	65
286.336	286.464	60
286.336	286.464	72
286.336	286.496	48
286.4	286.528	65
286.432	286.528	53
286.464	286.528	56
286.528	286.624	67
286.528	286.624	79
286.528	286.688	43
286.624	286.72	55
286.624	286.752	67
286.72	286.848	60
286.752	286.848	48
286.752	286.88	72
286.784	286.912	67
286.784	286.944	55
286.912	287.008	41
286.912	287.008	68
286.912	287.04	80
287.008	287.072	53
287.008	287.104	68
287.008	287.296	41
287.104	287.232	72
287.2	287.296	53
287.2	287.328	68
287.296	287.36	69
287.296	287.392	57
287.296	287.392	81
287.296	287.424	39
287.392	287.52	51
287.424	287.52	69
287.488	287.616	41
287.52	287.648	72
287.584	287.712	51
287.584	287.712	69
287.68	287.776	50
287.68	287.872	82
287.712	287.84	38
287.776	287.904	70
287.776	287.968	50
287.872	288.032	41
287.872	288.032	77
287.968	288.096	50
288.064	288.224	84
288.192	288.352	72
288.256	288.416	41
288.256	288.416	77
288.352	288.48	72
288.448	288.64	85
288.576	288.64	73
288.64	288.768	77
288.64	288.8	41
288.768	288.8	73
288.832	289.024	86
289.024	289.152	41
289.024	289.152	77
289.152	289.216	56
289.152	289.216	74
289.216	289.344	75
289.216	289.44	87
289.344	289.472	75
289.44	289.568	82
289.504	289.632	75
289.6	289.824	83
289.728	289.856	71
289.728	289.92	43
289.824	289.952	51
289.824	290.048	39
289.824	290.048	75
289.92	290.08	43
289.92	290.144	71
290.016	290.144	44
290.112	290.272	72
290.144	290.304	44
290.208	290.432	75
290.304	290.496	44
290.304	290.496	72
290.4	290.56	84
290.496	290.688	44
290.496	290.72	72
290.592	290.752	75
290.688	290.88	44
290.72	290.848	72
290.816	290.88	58
290.816	290.944	32
290.816	291.136	46
290.912	291.104	65
291.008	291.072	56
291.008	291.392	68
291.104	291.296	65
291.2	291.552	74
291.296	291.52	65
291.392	291.616	68
291.52	291.68	65
291.648	292.864	51
291.872	291.936	67
291.872	292.096	55
291.968	292.384	58
291.968	292.384	63
292.064	292.48	75
292.384	292.576	58
292.384	292.576	63
292.448	292.672	67
292.576	292.736	63
292.576	292.96	58
292.672	292.96	67
292.736	292.896	63
292.864	293.248	75
292.864	293.312	51
292.896	293.184	63
292.96	293.312	58
293.056	293.248	55
293.088	293.28	67
293.184	293.312	63
293.28	293.568	49
293.376	293.6	58
293.376	293.6	63
293.504	293.728	55
293.504	293.728	67
293.6	293.792	58
293.6	293.792	63
293.728	293.792	55
293.792	293.888	55
293.792	294.016	58
293.792	294.016	63
293.888	294.112	55
294.016	294.144	58
294.016	294.208	63
294.112	294.336	55
294.208	294.432	63
294.24	294.496	58
294.336	294.464	67
294.336	294.656	55
294.432	294.624	63
294.496	294.944	49
294.528	294.816	75
294.624	294.848	63
294.752	294.912	55
294.752	294.912	67
294.848	294.976	63
294.944	295.104	48
294.944	295.104	75
295.04	295.168	63
295.168	295.296	68
295.168	295.328	51
295.264	295.392	56
295.264	295.392	63
295.36	295.456	58
295.36	295.488	76
295.456	295.552	55
295.456	295.552	64
295.584	295.744	60
295.616	295.68	72
295.648	295.776	64
295.648	295.808	55
295.776	295.904	77
295.776	295.936	44
295.872	295.968	65
295.968	296.096	60
295.968	296.096	72
295.968	296.16	48
296.064	296.16	65
296.064	296.192	53
296.064	296.192	56
296.16	296.288	67
296.16	296.288	79
296.16	296.32	43
296.256	296.352	55
296.288	296.352	67
296.384	296.48	72
296.384	296.512	60
296.448	296.576	55
296.448	296.576	67
296.544	296.64	41
296.544	296.672	80
296.64	296.736	68
296.64	296.928	41
296.736	296.864	72
296.832	296.928	53
296.832	296.96	68
296.928	296.96	69
296.928	297.056	81
296.928	297.152	39
297.056	297.184	69
297.056	297.216	51
297.152	297.344	41
297.184	297.28	72
297.216	297.344	51
297.216	297.344	69
297.312	297.44	50
297.312	297.536	38
297.312	297.536	82
297.344	297.472	62
297.44	297.536	70
297.44	297.6	50
297.504	297.664	77
297.504	297.92	41
297.6	297.728	50
297.696	297.856	84
297.824	297.92	72
297.92	298.016	72
297.92	298.048	41
297.92	298.048	77
298.016	298.112	72
298.112	298.304	85
298.24	298.336	73
298.304	298.432	41
298.304	298.464	77
298.496	298.688	86
298.496	298.848	44
298.688	298.816	77
298.688	298.848	41
298.784	298.848	74
298.88	298.976	75
298.88	299.104	87
298.912	299.168	43
298.976	299.104	75
299.072	299.2	39
299.072	299.2	82
299.168	299.264	75
299.168	299.712	43
299.264	299.392	76
299.264	299.392	88
299.392	299.456	76
299.392	299.712	88
299.456	299.712	82
299.584	299.68	76
299.68	300.192	44
299.68	300.352	32
299.776	299.968	80
299.872	300.032	84
299.968	300.16	80
300.032	300.384	89
300.16	300.352	80
300.256	300.512	84
300.352	300.64	80
300.48	300.512	58
300.544	300.768	77
300.64	300.992	80
300.768	300.96	77
300.864	301.088	86
300.96	301.152	77
301.056	301.28	80
301.152	301.28	77
301.248	302.048	79
301.248	302.144	51
301.248	302.496	39
301.472	301.888	87
301.632	301.856	67
301.632	301.984	63
301.856	302.08	67
301.952	302.08	87
301.984	302.112	63
302.08	302.176	89
302.144	302.528	87
302.272	302.464	67
302.464	302.688	63
302.464	302.688	67
302.688	302.912	86
302.688	302.976	63
302.688	303.648	67
302.816	302.976	84
302.912	303.136	82
302.944	303.296	56
302.976	303.232	80
303.072	303.456	79
303.104	303.232	63
303.2	303.328	77
303.232	303.488	63
303.296	303.392	76
303.36	303.552	77
303.392	303.648	65
303.456	303.68	79
303.488	303.744	63
303.552	303.712	77
303.712	304.032	75
303.776	304.0	74
303.872	304.096	65
303.936	304.128	72
304.064	304.512	62
304.096	304.288	65
304.096	304.544	69
304.16	304.512	70
304.288	304.544	65
304.32	304.512	72
304.384	304.48	68
304.48	305.184	79
304.48	305.312	51
304.672	304.928	55
304.672	305.152	87
304.672	305.248	75
304.928	305.088	55
305.088	305.184	86
305.088	305.344	55
305.152	305.344	87
305.28	305.408	89
305.312	305.632	48
305.344	305.6	87
305.472	305.664	51
305.504	305.664	55
305.504	305.696	86
305.568	305.76	84
305.664	305.76	51
305.664	305.76	55
305.696	305.824	83
305.76	305.856	51
305.76	305.888	55
305.76	305.888	79
305.76	305.984	84
305.856	305.984	51
305.888	306.048	55
305.888	306.048	86
305.984	306.112	51
305.984	306.112	84
306.08	306.336	44
306.08	306.336	82
306.176	306.368	80
306.272	306.464	51
306.272	306.656	79
306.368	306.496	77
306.464	306.56	51
306.464	306.688	76
306.464	306.784	53
306.56	306.656	51
306.56	306.72	77
306.656	306.912	79
306.656	307.104	51
306.784	306.912	53
306.784	306.912	77
306.88	307.04	46
306.88	307.136	75
306.976	307.168	74
307.072	307.264	50
307.072	307.296	72
307.072	307.456	53
307.168	307.488	70
307.264	307.488	50
307.264	307.712	58
307.456	307.712	53
307.488	307.648	72
307.488	307.712	50
307.552	307.712	70
307.68	307.904	39
307.68	308.032	75
307.776	308.0	51
307.904	308.096	39
307.904	308.256	63
308.0	308.192	51
308.096	308.672	39
308.192	308.384	51
308.288	308.448	61
308.288	308.512	67
308.384	308.544	51
308.512	308.672	68
308.512	308.736	60
308.608	308.736	51
308.704	308.832	70
308.704	308.864	67
308.8	308.928	51
308.896	309.024	68
308.896	309.024	72
308.896	309.248	39
308.992	309.12	51
309.088	309.216	74
309.088	309.248	68
309.184	309.312	51
309.28	309.44	67
309.312	309.408	75
309.312	309.472	39
309.408	309.536	51
309.504	309.696	39
309.504	309.92	75
309.6	309.728	51
309.696	309.92	39
309.792	309.952	51
309.92	310.048	73
309.92	310.048	79
310.016	310.144	51
310.112	310.24	80
310.112	310.272	72
310.112	310.272	84
310.208	310.368	51
310.304	310.432	82
310.304	310.464	79
310.4	310.528	51
310.496	310.592	80
310.496	310.656	84
310.592	310.72	51
310.688	310.816	80
310.688	310.848	86
310.784	310.944	51
310.912	311.136	87
310.912	311.2	79
311.008	311.2	51
311.104	311.296	39
311.2	311.328	51
311.296	311.488	39
311.392	311.584	51
311.488	311.744	39
311.584	311.744	51
311.712	311.808	43
311.712	311.904	38
311.712	311.936	75
311.712	312.576	67
311.808	311.936	50
311.904	312.544	38
312.0	312.192	50
312.192	312.384	50
312.384	312.544	50
312.512	312.576	87
312.512	312.768	48
312.512	312.864	79
312.544	312.576	91
312.704	312.896	36
312.896	313.12	36
313.12	313.344	36
313.312	313.408	46
313.312	314.016	75
313.312	314.144	67
313.632	313.824	46
313.824	314.016	46
313.92	314.08	51
314.016	314.144	46
314.112	314.432	84
314.112	314.432	87
314.304	314.336	46
314.432	314.464	44
314.432	314.464	56
314.624	314.816	44
314.816	314.976	44
314.912	315.232	75
314.912	315.36	72
315.04	315.424	43
315.424	315.776	43
315.712	318.688	81
315.744	315.808	50
315.744	315.84	42
315.744	316.064	84
315.744	316.064	86
316.704	318.72	60
316.704	318.752	54
316.704	318.752	57
316.704	319.008	62
318.688	322.752	43
318.72	320.832	58
318.72	321.984	67
322.816	323.2	62
322.816	323.232	58
322.816	323.232	67
323.2	324.32	62
323.2	324.32	66
323.2	324.352	57
323.2	324.352	69
324.32	324.672	67
324.32	324.8	55
324.32	324.8	62
324.352	324.64	70
324.768	327.744	70
324.768	328.096	61
324.768	328.128	64
324.768	328.128	67
328.064	329.536	66
328.064	329.568	69
328.192	329.568	62
330.688	331.136	51
331.04	335.008	66
331.04	335.008	69
331.04	335.04	63
331.04	335.04	72
335.168	335.52	66
335.168	335.552	69
335.168	335.584	63
335.168	335.584	72
335.52	336.576	66
335.552	336.672	69
335.552	336.704	62
336.64	336.992	66
336.672	336.992	69
336.672	337.184	60
336.704	336.96	75
337.088	340.48	66
337.088	340.48	69
337.12	340.448	58
337.12	340.448	75
340.448	341.728	70
340.448	341.824	58
340.448	341.888	74
340.448	341.92	67
343.008	343.456	51
343.392	347.36	69
343.392	347.392	63
343.392	347.424	72
343.392	347.456	66
347.52	347.712	66
347.52	347.808	69
347.52	347.936	63
347.52	347.936	72
347.712	347.904	66
347.904	348.896	74
347.904	349.024	66
347.904	349.056	69
347.904	349.088	62
349.024	349.28	66
349.056	349.344	75
349.056	349.408	69
349.056	349.472	60
349.28	349.472	66
349.472	352.096	60
349.472	352.544	75
349.472	352.736	66
349.472	353.44	69
351.072	354.208	59
352.672	355.424	76
352.672	355.936	67
352.672	355.968	64
354.208	355.936	59
355.872	359.008	69
355.936	358.944	66
355.936	359.136	62
357.472	360.576	47
359.072	360.608	59
359.104	359.168	67
359.168	360.672	64
359.168	362.368	67
360.576	370.304	47
360.608	361.984	59
362.336	363.264	60
362.336	365.76	57
362.336	365.792	62
362.336	365.824	66
365.76	368.768	57
365.792	365.888	54
365.792	368.768	62
365.888	371.424	54
371.104	371.232	52
371.104	371.296	64
371.104	371.328	40
371.232	371.392	52
371.328	371.36	57
371.328	371.488	69
371.328	371.52	40
371.392	371.616	52
371.52	371.68	67
371.52	371.904	40
371.616	371.808	52
371.712	371.84	75
371.712	371.936	69
371.808	371.936	52
371.904	372.032	67
371.904	372.032	76
371.904	372.064	40
371.936	372.0	52
372.0	372.064	52
372.096	372.224	81
372.128	372.192	52
372.128	372.224	75
372.192	372.384	52
372.288	372.416	76
372.288	372.416	79
372.288	372.64	40
372.384	372.576	52
372.48	372.608	81
372.48	372.608	87
372.576	372.672	52
372.672	372.896	79
372.672	372.896	88
372.672	372.928	40
372.672	372.928	52
372.864	372.96	55
372.864	372.992	59
373.056	373.152	55
373.056	373.184	59
373.056	373.184	64
373.056	373.312	76
373.248	373.504	55
373.248	373.504	59
373.472	373.696	52
373.664	373.76	55
373.664	373.76	76
373.664	373.792	59
373.664	373.792	64
373.856	373.984	55
373.856	373.984	66
373.856	373.984	78
374.08	374.176	55
374.08	374.208	67
374.08	374.208	79
374.08	374.24	59
374.272	374.496	52
374.272	374.528	79
374.272	374.688	67
374.464	374.56	57
374.464	374.56	60
374.496	374.528	69
374.688	374.752	60
374.688	374.784	57
374.688	374.816	66
374.688	374.848	78
374.848	375.008	69
374.848	375.104	57
374.848	375.104	60
375.072	375.296	51
375.264	375.36	57
375.264	375.36	60
375.264	375.36	66
375.264	375.36	78
375.456	375.584	57
375.456	375.584	60
375.456	375.584	67
375.456	375.584	79
375.648	375.808	69
375.648	375.872	81
375.648	375.904	57
375.68	375.84	60
375.872	376.032	69
375.872	376.032	81
375.872	377.184	38
375.968	376.096	50
376.064	376.256	67
376.16	376.288	50
376.256	376.416	66
376.352	376.512	50
376.448	376.608	67
376.48	376.576	73
376.544	376.736	50
376.64	376.768	66
376.64	376.768	74
376.736	376.928	50
376.864	376.96	73
376.864	376.992	79
376.928	377.024	50
377.056	377.12	50
377.056	377.152	74
377.056	377.152	78
377.088	377.184	62
377.12	377.312	50
377.248	377.376	85
377.248	377.408	79
377.312	377.44	50
377.44	377.664	50
377.44	377.664	78
377.44	377.664	86
377.472	377.664	62
377.632	377.696	57
377.632	377.696	60
377.824	377.92	57
377.824	377.952	66
377.824	378.048	78
378.016	378.176	60
378.016	378.24	57
378.048	378.112	69
378.208	378.432	50
378.432	378.528	57
378.432	378.528	60
378.432	378.528	66
378.432	378.528	78
378.624	378.72	57
378.624	378.72	60
378.624	378.72	67
378.624	378.72	79
378.816	378.944	69
378.816	378.944	81
378.816	378.976	60
378.816	379.008	57
379.008	379.264	50
379.008	379.264	69
379.008	379.296	81
379.232	379.328	55
379.232	379.328	58
379.424	379.52	55
379.424	379.52	58
379.424	379.52	79
379.424	379.648	67
379.616	379.808	55
379.616	379.84	58
379.808	380.032	49
380.032	380.128	55
380.032	380.128	58
380.032	380.128	67
380.032	380.128	79
380.224	380.32	55
380.224	380.32	58
380.224	380.32	69
380.224	380.32	81
380.416	380.576	58
380.416	380.576	70
380.416	380.64	55
380.448	380.512	82
380.608	380.736	60
380.608	380.736	70
380.608	380.832	48
380.704	380.864	82
380.8	380.928	70
380.8	381.056	49
380.928	381.024	82
380.992	381.088	48
380.992	381.088	70
381.088	381.216	82
381.088	381.248	48
381.184	381.408	53
381.216	381.312	70
381.312	381.504	82
381.376	381.632	52
381.408	381.504	70
381.504	381.856	82
381.6	381.696	70
381.6	381.76	61
381.792	381.888	70
381.792	381.952	60
381.888	382.016	82
381.984	382.112	70
381.984	382.208	65
382.08	382.208	82
382.176	382.272	64
382.176	382.272	70
382.272	382.464	82
382.368	382.496	70
382.368	382.56	66
382.464	382.624	82
382.592	382.656	70
382.592	382.784	67
382.656	382.848	82
382.752	382.88	70
382.848	383.04	82
382.944	383.072	70
383.04	383.232	82
383.136	383.264	70
383.232	383.456	82
383.328	383.456	70
383.456	383.616	82
383.552	383.776	70
383.616	383.808	82
383.744	383.872	69
383.84	384.032	81
383.936	384.064	69
383.936	384.128	42
384.032	384.128	81
384.128	384.224	69
384.128	384.384	41
384.224	384.352	81
384.352	384.384	69
384.352	384.576	49
384.416	384.544	69
384.416	384.576	81
384.544	384.64	48
384.544	384.64	69
384.544	384.704	60
384.64	384.8	48
384.64	384.8	81
384.736	384.832	69
384.736	384.96	54
384.832	384.96	81
384.928	385.024	69
384.928	385.088	53
385.024	385.152	81
385.12	385.216	69
385.12	385.248	61
385.216	385.312	81
385.312	385.44	69
385.312	385.536	60
385.408	385.504	81
385.536	385.632	64
385.536	385.632	69
385.632	385.696	81
385.728	385.824	69
385.728	385.92	65
385.824	385.92	81
385.888	386.016	69
386.016	386.112	81
386.112	386.24	69
386.176	386.304	81
386.304	386.432	69
386.4	386.496	81
386.496	386.624	69
386.592	386.72	81
386.688	386.88	69
386.784	386.912	81
386.88	387.008	68
386.976	387.168	80
387.072	387.168	48
387.072	387.2	68
387.104	387.232	60
387.168	387.328	48
387.168	387.328	80
387.264	387.36	47
387.264	387.36	59
387.264	387.392	68
387.36	387.52	47
387.36	387.552	80
387.456	387.616	68
387.456	387.68	50
387.552	387.712	80
387.68	387.808	53
387.68	387.808	68
387.744	387.904	80
387.872	388.0	68
387.872	388.096	60
387.968	388.096	80
388.064	388.192	68
388.064	388.32	59
388.16	388.32	80
388.256	388.384	68
388.256	388.416	62
388.352	388.48	80
388.448	388.576	65
388.448	388.576	68
388.544	388.64	80
388.64	388.768	68
388.736	388.864	80
388.864	388.96	68
388.864	388.992	62
388.928	389.056	80
389.024	389.152	68
389.12	389.312	80
389.216	389.312	59
389.216	389.472	68
389.312	389.408	59
389.312	389.472	80
389.44	389.568	67
389.536	389.664	79
389.632	389.76	55
389.632	389.856	67
389.728	389.856	79
389.824	389.92	65
389.824	389.92	77
389.92	390.112	77
390.016	390.112	61
390.016	390.24	49
390.016	390.24	65
390.112	390.272	77
390.208	390.304	64
390.304	390.496	76
390.4	390.496	58
390.4	390.528	64
390.496	390.624	58
390.496	390.624	76
390.592	390.72	61
390.688	390.816	73
390.784	391.008	55
390.784	391.008	61
390.88	391.008	73
391.008	391.2	60
391.104	391.264	72
391.168	391.392	52
391.168	391.424	40
391.2	391.424	60
391.264	391.424	72
391.392	391.552	58
391.488	391.584	70
391.552	391.648	58
391.584	391.648	41
391.584	391.648	53
391.648	391.744	70
391.648	391.776	58
391.648	391.808	41
391.776	391.904	56
391.872	392.032	68
391.936	392.032	56
392.032	392.192	56
392.032	392.192	68
392.16	392.256	67
392.16	392.288	55
392.256	392.448	67
392.352	392.448	41
392.352	392.576	55
392.448	392.608	41
392.448	392.608	67
392.544	392.672	53
392.64	392.8	65
392.736	392.96	53
392.832	392.96	65
392.928	393.056	51
392.96	393.024	63
393.024	393.152	63
393.12	393.376	39
393.12	393.376	51
393.152	393.184	42
393.216	393.376	63
393.312	393.504	50
393.44	393.536	62
393.504	393.728	50
393.6	393.728	62
393.728	393.92	51
393.824	393.92	63
393.92	394.08	39
393.92	394.144	51
393.984	394.144	63
394.112	394.272	50
394.208	394.336	62
394.272	394.368	50
394.368	394.528	50
394.368	394.528	62
394.496	394.592	48
394.496	394.592	60
394.592	394.72	48
394.592	394.72	60
394.688	394.784	35
394.688	394.88	47
394.688	394.912	59
394.88	395.008	43
395.072	395.168	49
395.072	395.712	43
395.104	395.136	37
395.232	395.264	56
395.264	395.36	52
395.36	395.456	49
395.456	395.584	50
395.552	395.712	48
395.744	395.872	50
395.744	395.936	43
395.84	396.0	48
395.936	397.056	43
396.0	396.064	56
396.064	396.192	51
396.16	396.256	48
396.224	396.352	50
396.256	396.352	47
396.256	396.352	59
396.448	396.576	50
396.64	396.736	49
396.864	396.928	52
396.928	397.056	49
397.024	397.12	50
397.216	397.408	62
397.248	397.44	50
397.504	397.632	56
397.696	397.824	43
397.824	397.952	59
397.824	397.984	62
397.824	398.016	43
397.824	398.016	50
398.016	398.176	55
398.016	398.208	64
398.016	398.304	43
398.208	398.304	50
398.208	398.336	53
398.208	398.336	65
398.304	398.688	43
398.4	398.528	64
398.4	398.624	55
398.592	398.72	53
398.592	398.72	74
398.624	398.72	65
398.688	398.976	43
398.784	398.912	76
398.976	399.072	43
398.976	399.104	77
399.072	399.168	43
399.168	399.264	76
399.168	399.296	43
399.168	399.296	85
399.296	399.552	43
399.36	399.488	77
399.36	399.488	86
399.36	399.584	50
399.552	399.648	76
399.552	399.808	85
399.552	399.808	88
399.552	399.872	55
399.552	399.968	43
399.776	399.904	86
399.776	400.0	89
399.968	400.288	43
400.16	400.288	60
400.16	400.576	36
400.352	400.64	43
400.544	400.704	89
400.544	400.8	84
400.576	400.64	77
400.736	400.992	43
400.768	400.896	55
400.832	400.96	86
400.96	401.184	83
400.96	401.216	86
400.992	401.152	43
401.152	401.216	40
401.152	401.344	43
401.344	401.44	43
401.344	401.44	49
401.44	401.632	43
401.536	401.664	52
401.632	401.76	49
401.632	402.4	43
401.728	401.856	50
401.856	401.952	56
401.92	402.016	53
401.984	402.176	50
402.24	402.336	56
402.336	402.464	51
402.4	402.528	43
402.496	402.944	47
402.528	402.592	50
402.624	402.816	43
402.688	402.912	50
402.816	403.392	43
402.912	403.008	49
403.104	403.168	52
403.168	403.296	49
403.264	403.392	50
403.392	403.744	43
403.552	403.744	50
403.744	403.968	43
403.904	404.032	51
403.968	404.064	43
404.064	404.096	38
404.064	404.288	43
404.064	404.288	50
404.096	404.256	59
404.288	404.512	64
404.288	404.864	43
404.288	404.896	55
404.48	404.608	53
404.48	404.608	65
404.672	404.8	64
404.864	404.96	43
404.864	404.992	53
404.864	404.992	65
404.864	404.992	74
404.96	405.056	43
405.056	405.248	43
405.056	405.28	76
405.248	405.344	43
405.248	405.44	77
405.344	405.44	43
405.44	405.568	76
405.44	405.568	85
405.44	405.824	43
405.632	405.696	38
405.632	405.728	86
405.632	405.76	50
405.632	405.856	77
405.824	405.92	76
405.824	406.048	85
405.824	406.048	88
405.824	406.112	55
405.824	406.208	43
406.016	406.496	89
406.016	406.56	86
406.048	406.08	40
406.208	406.624	43
406.432	406.496	60
406.432	406.816	36
406.624	407.04	43
406.816	406.88	80
406.816	406.976	77
406.816	407.104	84
406.816	407.232	89
407.04	407.296	55
407.04	407.392	43
407.136	407.232	86
407.232	407.264	50
407.232	407.424	74
407.232	407.424	83
407.232	407.424	86
407.392	407.456	76
407.392	407.648	85
407.392	407.648	88
407.392	407.744	43
407.616	408.128	86
407.616	408.128	89
407.808	408.128	43
408.0	408.384	36
408.192	408.576	43
408.416	408.448	77
408.416	408.48	50
408.416	408.48	80
408.416	408.832	84
408.416	408.832	89
408.576	408.992	43
408.608	408.832	55
408.672	408.8	86
408.8	409.024	50
408.8	409.024	74
408.8	409.024	83
408.8	409.024	86
408.832	408.864	52
408.992	409.024	76
408.992	409.216	85
408.992	409.216	88
408.992	409.376	43
408.992	409.632	31
409.184	409.696	89
409.184	409.728	86
409.376	409.696	43
409.568	410.016	36
409.76	409.984	43
409.792	409.952	55
409.984	410.016	29
409.984	410.176	89
409.984	410.304	84
410.016	410.208	87
410.176	410.464	43
410.176	410.464	89
410.272	410.368	86
410.368	410.496	83
410.368	410.528	86
410.464	410.592	89
410.528	410.688	86
410.656	410.784	84
410.752	410.88	83
410.848	410.976	89
410.944	411.104	86
411.072	411.2	84
411.168	411.328	83
411.232	411.36	89
411.328	411.488	86
411.456	411.584	84
411.552	411.648	83
411.616	411.744	86
411.744	411.872	83
411.84	412.0	79
411.936	412.032	80
412.032	412.16	82
412.128	412.256	80
412.256	412.352	79
412.32	412.448	77
412.416	412.544	80
412.512	412.64	77
412.64	412.736	75
412.704	412.832	74
412.8	412.928	77
412.896	413.024	74
413.024	413.12	72
413.12	413.216	71
413.184	413.312	74
413.28	413.408	71
413.408	413.536	67
413.504	413.632	68
413.6	413.728	70
413.664	413.824	68
413.792	413.92	67
413.888	413.984	65
413.984	414.112	68
414.08	414.208	65
414.176	414.304	63
414.272	414.4	62
414.368	414.496	65
414.464	414.592	62
414.56	414.688	60
414.656	414.816	59
414.752	414.88	62
414.848	415.008	59
414.976	415.104	55
415.072	415.168	56
415.168	415.296	58
415.264	415.392	56
415.36	415.488	55
415.456	415.584	53
415.552	415.68	51
415.648	415.776	50
415.744	415.808	60
415.744	415.872	48
415.84	415.968	47
415.936	416.032	60
415.936	416.064	48
416.032	416.16	47
416.128	416.256	44
416.224	416.352	43
416.32	416.48	41
416.448	416.576	39
416.512	417.056	38
416.64	416.896	48
416.64	417.024	60
416.8	416.992	36
416.896	417.088	48
416.992	418.144	36
417.088	417.216	48
417.216	417.312	64
417.216	417.344	58
417.216	417.376	48
417.408	417.536	56
417.44	417.536	65
417.632	417.728	64
417.632	417.728	67
417.632	417.76	60
417.824	417.888	53
417.824	417.92	65
417.824	417.92	68
418.016	418.144	62
418.08	418.464	48
418.208	418.272	60
418.208	418.304	63
418.208	418.592	36
418.4	418.496	60
418.4	418.496	64
418.4	418.528	55
418.496	418.624	48
418.496	418.656	60
418.592	419.296	36
418.688	418.88	48
418.784	418.912	58
418.88	419.072	48
418.976	419.04	53
418.976	419.072	41
418.976	419.104	68
419.008	419.104	77
419.072	419.2	48
419.2	419.264	48
419.2	419.296	76
419.2	419.296	79
419.264	419.456	48
419.392	419.424	89
419.392	419.488	77
419.392	419.488	80
419.456	419.584	48
419.584	419.68	74
419.584	419.68	83
419.648	419.776	48
419.776	419.968	75
419.776	419.968	79
419.776	420.0	84
419.776	420.032	48
419.936	420.256	36
420.032	420.192	60
420.032	420.224	48
420.16	420.352	77
420.16	420.576	79
420.192	420.256	50
420.192	420.288	71
420.256	420.448	50
420.448	420.736	38
420.448	420.736	50
420.576	420.736	39
420.576	420.928	72
420.576	420.992	67
420.576	420.992	75
420.672	420.992	51
420.736	420.96	39
420.96	421.024	53
420.96	421.12	41
420.96	421.344	68
420.96	421.376	74
421.12	421.472	41
421.216	421.376	53
421.344	421.536	43
421.344	421.568	72
421.344	421.792	63
421.344	421.792	67
421.536	421.856	43
421.632	421.728	55
421.76	421.792	32
421.76	422.368	66
421.856	421.952	44
421.856	422.112	56
421.952	422.464	44
422.144	422.208	42
422.144	422.4	69
422.24	422.432	54
422.368	422.592	42
422.432	422.592	54
422.56	422.624	65
422.56	422.752	43
422.56	422.848	62
422.56	422.944	71
422.688	422.848	55
422.752	423.072	43
422.848	422.976	55
422.944	423.072	60
422.944	423.072	63
422.944	423.072	72
423.136	423.424	60
423.168	423.424	48
423.328	424.48	36
423.424	423.584	48
423.424	423.584	60
423.552	423.648	64
423.552	423.68	58
423.584	423.776	48
423.744	423.84	56
423.776	423.872	65
423.84	424.352	48
423.968	424.064	64
423.968	424.064	67
424.16	424.192	53
424.16	424.256	65
424.16	424.256	68
424.352	424.448	62
424.352	424.448	71
424.512	424.64	60
424.512	424.64	63
424.704	424.896	36
424.736	424.832	64
424.832	425.024	48
424.896	425.664	36
425.024	425.152	60
425.024	425.344	48
425.312	425.44	68
425.312	425.44	77
425.408	425.504	60
425.536	425.632	76
425.536	425.632	79
425.6	425.728	48
425.696	425.824	77
425.696	425.824	80
425.792	425.856	60
425.792	425.92	48
425.888	426.016	64
425.888	426.016	74
425.92	426.016	83
425.984	426.112	48
426.112	426.304	60
426.112	426.304	79
426.112	426.304	84
426.112	426.368	48
426.112	426.4	75
426.272	426.496	36
426.368	426.976	48
426.496	426.656	36
426.496	426.784	68
426.496	426.912	75
426.496	426.912	80
426.656	426.912	36
426.88	426.976	49
426.88	427.072	77
426.88	427.264	37
426.88	427.296	68
426.976	427.168	49
427.168	427.328	49
427.296	427.648	66
427.296	427.68	75
427.392	427.584	51
427.584	427.712	51
427.68	427.84	73
427.68	427.872	41
427.68	427.968	53
427.68	428.096	68
427.872	428.128	41
427.968	428.128	53
428.096	428.192	42
428.096	428.224	70
428.096	428.288	61
428.096	428.288	66
428.192	428.32	54
428.192	428.384	42
428.384	428.512	42
428.48	428.768	56
428.48	428.832	65
428.48	428.864	61
428.48	428.992	68
428.512	428.544	32
428.672	429.184	44
428.768	428.96	56
428.896	429.056	63
428.896	429.344	60
428.96	429.184	56
429.184	429.472	44
429.184	429.536	56
429.312	429.472	62
429.312	429.504	70
429.472	429.568	44
429.568	429.664	56
429.568	429.824	44
429.696	429.92	58
429.696	429.92	77
429.792	430.144	50
429.888	430.272	38
430.08	430.24	39
430.08	430.432	78
430.112	430.432	75
430.176	430.368	51
430.24	430.496	39
430.368	430.496	51
430.496	430.656	41
430.496	430.88	68
430.496	430.88	77
430.656	431.008	41
430.784	430.88	53
430.88	430.912	54
430.88	431.04	42
430.88	431.072	66
430.88	431.072	70
430.88	431.136	75
430.976	431.104	54
431.04	431.296	42
431.168	431.296	54
431.296	431.36	44
431.296	431.456	71
431.296	431.616	63
431.296	431.744	68
431.36	431.872	44
431.392	431.584	56
431.584	431.712	56
431.68	431.744	58
431.68	431.808	78
431.68	432.032	66
431.68	432.128	63
431.68	432.288	70
431.808	431.968	58
431.968	432.192	58
432.096	432.416	62
432.096	432.448	65
432.192	432.352	58
432.352	432.768	58
432.48	432.736	64
432.512	432.608	60
432.512	432.672	72
432.512	432.704	67
432.672	432.896	46
432.768	433.024	58
432.896	432.992	40
432.896	433.12	84
432.896	433.248	72
432.896	433.312	79
432.928	432.992	52
432.992	433.056	40
432.992	433.152	52
433.056	433.376	40
433.152	433.408	52
433.28	433.376	41
433.28	433.472	77
433.28	433.536	80
433.28	433.632	72
433.376	433.536	41
433.376	433.536	53
433.536	433.728	53
433.536	433.824	41
433.696	433.792	43
433.696	433.888	76
433.696	433.952	70
433.696	434.016	79
433.792	434.144	43
433.824	433.952	55
433.952	434.112	55
434.08	434.496	72
434.08	434.496	77
434.08	434.528	68
434.08	434.624	44
434.176	434.368	56
434.368	434.528	56
434.496	434.656	65
434.496	434.848	73
434.496	435.136	46
434.592	434.752	58
434.752	435.2	58
434.88	435.2	65
434.88	435.232	72
434.976	435.072	48
434.976	435.424	60
435.072	435.296	48
435.264	435.456	49
435.264	435.488	71
435.264	435.648	65
435.296	435.552	37
435.392	435.552	61
435.456	435.712	49
435.552	435.712	61
435.68	435.744	64
435.68	435.776	36
435.68	435.872	60
435.68	435.904	48
435.68	435.904	72
435.872	436.064	59
436.064	436.256	60
436.256	436.48	59
436.48	436.64	60
436.672	436.896	59
436.896	437.056	60
437.056	437.312	59
437.28	437.472	60
437.504	437.568	65
437.504	437.664	48
437.696	437.792	65
437.696	437.824	53
437.888	438.048	55
437.888	438.08	65
437.984	438.048	68
438.08	438.24	56
438.112	438.24	60
438.304	438.4	68
438.304	438.432	65
438.304	438.432	72
438.496	438.592	65
438.496	438.592	68
438.496	438.624	77
438.688	438.848	79
438.688	438.88	68
438.688	438.944	65
438.848	438.944	72
438.912	439.104	80
438.912	439.2	60
439.072	439.2	68
439.104	439.2	65
439.296	439.424	65
439.296	439.424	68
439.488	439.616	77
439.488	439.744	65
439.488	439.744	68
439.648	439.744	72
439.712	439.872	80
439.712	440.224	60
439.904	440.0	65
439.904	440.0	68
440.096	440.224	65
440.096	440.224	68
440.32	440.544	65
440.32	440.544	68
440.32	440.544	77
440.512	440.736	60
440.512	440.768	76
440.736	440.832	48
440.736	440.832	60
440.736	440.832	70
440.928	441.024	70
440.928	441.056	55
440.928	441.056	67
441.12	441.248	56
441.12	441.344	70
441.312	441.344	60
441.312	441.472	58
441.504	441.6	67
441.504	441.792	60
441.536	441.6	70
441.536	441.6	72
441.728	441.824	67
441.728	441.824	70
441.92	442.016	80
441.92	442.112	67
441.92	442.112	70
442.112	442.208	80
442.112	442.304	60
442.208	442.24	82
442.208	442.336	80
442.336	442.4	67
442.336	442.432	70
442.336	442.432	79
442.528	442.624	67
442.528	442.624	70
442.528	442.624	79
442.592	442.624	80
442.624	442.752	79
442.72	442.816	77
442.72	442.88	67
442.72	442.912	70
442.912	443.04	77
442.912	443.168	60
442.976	443.072	79
443.04	443.168	77
443.136	443.232	67
443.136	443.232	70
443.136	443.232	76
443.328	443.424	67
443.328	443.424	70
443.328	443.424	74
443.52	443.68	76
443.52	443.712	67
443.52	443.744	70
443.744	443.904	77
443.744	444.064	60
443.968	444.192	48
444.16	444.256	53
444.16	444.256	65
444.352	444.48	55
444.352	444.512	65
444.544	444.672	56
444.544	444.704	60
444.736	444.864	65
444.736	444.864	68
444.768	444.864	72
444.928	445.056	68
444.96	445.056	65
444.96	445.056	77
445.152	445.312	68
445.152	445.344	65
445.152	445.376	80
445.312	445.44	72
445.376	445.472	84
445.376	445.76	56
445.536	445.632	60
445.536	445.664	65
445.728	445.856	60
445.728	445.856	65
445.76	445.952	56
445.952	446.08	77
445.952	446.176	60
445.952	446.176	65
446.08	446.24	77
446.144	446.56	56
446.176	446.24	89
446.336	446.464	60
446.336	446.464	65
446.56	446.656	60
446.56	446.656	65
446.56	446.72	56
446.752	447.008	60
446.752	447.008	65
446.784	447.008	84
446.976	447.136	83
446.976	447.232	55
447.168	447.232	65
447.168	447.488	43
447.36	447.488	50
447.36	447.488	62
447.552	447.712	51
447.776	447.872	53
447.776	448.224	55
447.968	448.032	65
447.968	448.064	62
447.968	448.16	67
448.16	448.256	62
448.16	448.256	65
448.16	448.416	77
448.384	448.448	75
448.384	448.608	62
448.384	448.64	65
448.576	448.672	75
448.576	449.056	55
448.608	448.704	77
448.672	448.8	75
448.768	448.864	62
448.8	448.896	74
448.96	449.056	62
448.96	449.088	65
448.96	449.088	74
449.088	449.216	74
449.184	449.248	53
449.184	449.28	72
449.184	449.376	65
449.184	449.408	62
449.376	449.504	72
449.376	449.856	55
449.472	449.536	74
449.504	449.6	72
449.6	449.632	65
449.6	449.696	62
449.6	449.792	71
449.792	449.888	62
449.792	449.92	65
449.792	449.92	69
449.984	450.208	62
449.984	450.208	65
449.984	450.208	71
450.208	450.432	55
450.208	450.432	72
450.4	450.688	43
450.592	450.72	60
450.592	450.72	63
450.592	450.752	48
450.784	450.944	50
451.008	451.168	51
451.008	451.456	55
451.2	451.296	60
451.2	451.328	63
451.2	451.328	79
451.392	451.52	60
451.392	451.52	63
451.392	451.52	84
451.584	451.776	60
451.616	451.712	86
451.616	451.808	63
451.744	451.872	79
451.808	451.968	87
451.808	452.32	55
452.0	452.096	60
452.0	452.192	63
452.192	452.32	60
452.192	452.352	63
452.384	452.544	84
452.384	452.608	63
452.384	452.64	60
452.416	452.608	87
452.544	452.608	79
452.608	452.672	79
452.608	452.768	87
452.608	453.088	55
452.8	452.896	60
452.8	452.928	63
452.992	453.12	60
452.992	453.12	63
452.992	453.12	79
453.216	453.376	84
453.216	453.44	60
453.216	453.44	63
453.408	453.536	83
453.408	453.664	55
453.632	453.856	43
453.824	453.952	50
453.824	453.952	62
454.016	454.208	51
454.208	454.304	53
454.208	454.848	55
454.4	454.528	62
454.4	454.528	65
454.4	454.56	79
454.624	454.72	62
454.624	454.72	65
454.624	454.72	77
454.624	454.72	89
454.816	455.008	65
454.816	455.008	87
454.816	455.04	62
455.008	455.104	87
455.008	455.584	55
455.104	455.136	89
455.104	455.232	87
455.2	455.296	62
455.2	455.328	86
455.232	455.296	65
455.392	455.52	62
455.424	455.52	86
455.424	455.552	65
455.52	455.68	86
455.616	455.84	62
455.648	455.808	65
455.648	455.808	84
455.808	455.936	84
455.808	456.576	55
455.872	455.936	86
455.936	456.064	84
456.032	456.096	65
456.032	456.128	62
456.032	456.224	83
456.224	456.352	62
456.224	456.352	65
456.224	456.384	81
456.448	456.672	62
456.448	456.672	65
456.448	456.672	83
456.64	456.736	60
456.64	456.736	86
456.736	456.896	86
456.736	457.056	60
456.864	456.992	84
457.056	457.152	84
457.056	457.184	67
457.152	457.312	84
457.248	457.472	63
457.248	457.504	67
457.28	457.344	82
457.44	457.568	82
457.44	457.888	53
457.568	457.632	84
457.568	457.728	82
457.664	457.792	63
457.664	457.888	81
457.856	458.016	63
457.856	458.016	79
457.888	458.016	65
458.048	458.304	81
458.08	458.272	65
458.08	458.304	63
458.304	458.4	84
458.304	458.784	58
458.4	458.56	84
458.496	458.56	61
458.496	458.592	65
458.496	458.656	82
458.656	458.784	61
458.656	458.784	65
458.656	458.784	82
458.784	458.944	82
458.912	458.976	80
458.912	459.072	61
458.912	459.136	65
459.072	459.168	80
459.072	459.872	51
459.104	459.2	63
459.2	459.328	80
459.296	459.392	61
459.296	459.456	79
459.488	459.584	61
459.488	459.616	63
459.488	459.616	77
459.68	459.904	63
459.68	459.904	79
459.68	459.936	61
459.904	460.0	82
459.936	460.0	56
460.0	460.032	84
460.0	460.16	56
460.0	460.16	82
460.128	460.192	63
460.128	460.192	80
460.32	460.416	80
460.32	460.448	63
460.384	460.448	82
460.448	460.544	80
460.544	460.672	79
460.544	460.704	60
460.544	460.736	63
460.736	460.864	79
460.736	460.992	56
460.864	461.024	79
460.96	461.024	60
460.96	461.056	63
460.96	461.056	78
461.12	461.248	63
461.12	461.248	78
461.152	461.248	60
461.344	461.568	60
461.344	461.568	63
461.344	461.568	78
461.632	461.92	55
461.792	461.92	63
461.792	461.92	79
461.984	462.112	63
461.984	462.112	79
461.984	462.144	60
462.208	462.464	63
462.208	462.464	79
462.208	462.496	60
462.432	462.752	55
462.528	462.656	82
462.656	462.784	59
462.656	462.88	79
462.848	462.976	59
462.88	463.04	79
463.072	463.392	59
463.072	463.392	62
463.104	463.392	79
463.328	463.904	48
463.36	464.128	60
463.488	463.712	55
463.68	463.84	51
463.712	463.904	55
463.84	464.256	51
463.904	464.128	55
464.128	464.288	55
464.128	464.352	60
464.256	464.544	51
464.352	464.576	60
464.352	465.056	55
464.544	464.832	51
464.544	465.056	63
464.576	464.672	60
464.672	465.024	72
464.672	465.152	60
464.832	465.12	51
465.088	465.536	46
465.184	465.376	61
465.376	465.504	52
465.376	465.536	64
465.376	465.6	61
465.504	465.6	52
465.6	465.696	52
465.6	465.792	55
465.6	465.792	61
465.696	465.824	64
465.696	466.368	52
465.792	465.92	55
465.792	465.92	61
465.92	466.048	64
466.016	466.208	55
466.016	466.432	61
466.112	466.432	64
466.208	466.432	55
466.336	466.784	46
466.432	466.656	52
466.432	466.656	55
466.432	466.656	61
466.656	466.784	55
466.656	466.784	61
466.752	466.944	44
466.784	466.88	72
466.88	467.008	60
466.976	467.104	65
466.976	467.136	48
467.072	467.2	56
467.072	467.2	60
467.168	467.296	46
467.168	467.296	58
467.168	467.296	76
467.264	467.328	64
467.392	467.52	60
467.392	467.52	72
467.392	467.584	48
467.424	467.552	64
467.552	467.712	77
467.584	467.712	44
467.68	467.776	65
467.776	467.904	60
467.776	467.904	72
467.776	467.968	48
467.84	467.968	65
467.968	468.064	79
467.968	468.096	67
467.968	468.128	43
468.064	468.16	55
468.096	468.16	67
468.16	468.288	60
468.192	468.288	48
468.192	468.288	72
468.256	468.384	55
468.256	468.384	67
468.352	468.448	41
468.352	468.448	68
468.352	468.48	80
468.448	468.512	53
468.448	468.544	68
468.448	468.736	41
468.544	468.672	72
468.64	468.736	53
468.64	468.768	68
468.736	468.8	69
468.736	468.832	81
468.736	468.96	39
468.832	469.024	51
468.864	468.96	69
468.96	469.088	72
468.992	469.088	60
469.024	469.152	51
469.024	469.152	69
469.12	469.248	71
469.12	469.28	83
469.152	469.216	50
469.216	469.344	50
469.248	469.344	71
469.312	469.44	77
469.312	469.536	43
469.408	469.536	50
469.408	469.536	71
469.504	469.632	84
469.632	469.728	72
469.696	469.824	77
469.696	469.92	43
469.792	469.92	48
469.792	469.92	72
469.888	470.048	86
469.984	470.144	47
470.016	470.08	74
470.08	470.208	77
470.112	470.144	89
470.112	470.24	43
470.176	470.304	74
470.208	470.4	47
470.272	470.4	76
470.272	470.528	88
470.4	470.528	76
470.464	470.688	79
470.56	470.688	76
470.656	470.88	89
470.656	470.976	44
470.784	470.912	77
470.848	470.976	80
470.944	471.136	77
470.976	471.04	56
471.04	471.168	86
471.072	471.136	41
471.136	471.296	77
471.136	471.36	41
471.264	471.424	80
471.36	471.552	77
471.36	471.648	41
471.456	473.28	43
471.552	471.744	75
471.648	472.032	79
471.744	471.936	75
471.84	472.16	84
471.936	472.16	75
472.032	472.48	79
472.16	472.32	75
472.256	472.96	55
472.352	472.48	74
472.448	472.832	77
472.544	472.736	74
472.64	472.992	83
472.736	472.96	74
472.832	472.992	77
472.96	473.088	74
472.992	473.056	77
473.088	473.792	48
473.312	473.472	63
473.312	473.6	55
473.472	473.664	51
473.504	473.856	72
473.504	473.984	60
473.6	473.792	55
473.664	473.888	51
473.696	473.888	63
473.792	473.984	55
473.888	474.08	51
473.888	474.112	63
473.984	474.176	55
473.984	474.4	60
474.08	474.56	51
474.176	474.4	55
474.304	474.688	72
474.4	474.592	55
474.4	474.752	60
474.56	474.752	51
474.592	474.848	55
474.72	475.2	46
474.848	475.008	55
474.848	475.008	61
475.008	475.072	52
475.008	475.2	55
475.008	475.2	64
475.008	475.232	61
475.168	475.328	52
475.2	475.456	55
475.232	475.456	61
475.328	475.456	52
475.36	475.488	64
475.456	475.552	52
475.456	475.584	55
475.456	475.616	61
475.552	475.68	52
475.552	475.808	64
475.648	475.872	55
475.68	475.872	61
475.68	476.224	52
475.808	476.224	64
475.872	476.064	61
475.872	476.096	58
475.872	476.128	55
475.968	476.16	73
476.064	476.224	61
476.128	476.256	55
476.224	476.384	52
476.224	476.416	64
476.224	476.448	61
476.416	476.512	72
476.416	476.608	44
476.64	476.768	48
476.64	476.768	65
476.736	476.832	56
476.8	476.928	46
476.8	476.928	76
476.896	476.992	64
477.024	477.12	60
477.024	477.152	48
477.024	477.152	72
477.088	477.216	64
477.152	477.248	58
477.216	477.344	77
477.216	477.376	44
477.312	477.408	65
477.44	477.536	60
477.44	477.536	72
477.44	477.6	48
477.504	477.6	65
477.536	477.6	56
477.6	477.696	67
477.6	477.728	79
477.6	477.792	43
477.696	477.824	67
477.728	477.792	55
477.824	477.92	48
477.824	477.92	60
477.824	477.92	72
477.888	477.984	67
477.888	478.016	55
477.984	478.08	41
477.984	478.08	68
477.984	478.112	80
478.08	478.176	53
478.08	478.176	68
478.08	478.4	41
478.176	478.304	72
478.272	478.368	53
478.272	478.4	68
478.368	478.464	81
478.368	478.528	39
478.496	478.624	69
478.496	478.656	51
478.592	478.72	72
478.656	478.784	69
478.656	478.816	51
478.784	478.816	71
478.784	478.88	50
478.784	478.944	83
478.88	478.976	50
478.88	478.976	71
478.976	479.104	77
478.976	479.168	43
479.04	479.168	71
479.04	479.2	50
479.136	479.296	84
479.264	479.36	72
479.36	479.456	77
479.36	479.488	43
479.424	479.552	72
479.456	479.52	48
479.456	479.552	60
479.52	479.68	86
479.552	479.68	59
479.648	479.744	74
479.648	479.776	47
479.744	479.84	77
479.744	479.872	43
479.84	479.968	74
479.84	480.0	47
479.936	480.096	88
480.032	480.16	76
480.128	480.352	79
480.192	480.352	76
480.32	480.352	41
480.32	480.544	89
480.32	480.64	44
480.416	480.544	77
480.512	480.64	80
480.608	480.704	56
480.608	480.736	77
480.704	480.832	40
480.704	480.832	86
480.8	480.928	77
480.8	480.992	41
480.896	481.152	80
480.992	481.248	77
480.992	481.28	41
481.12	481.184	48
481.12	481.888	43
481.216	481.344	75
481.312	481.696	79
481.408	481.504	75
481.504	481.6	75
481.504	481.696	41
481.504	481.856	84
481.6	481.792	75
481.696	481.952	79
481.792	481.952	75
481.888	482.496	55
481.888	482.72	43
482.016	482.112	74
482.08	482.496	77
482.208	482.304	74
482.304	482.4	74
482.304	482.688	83
482.4	482.592	74
482.496	482.688	77
482.592	482.72	74
482.688	482.816	72
482.688	483.072	60
482.688	483.392	48
482.912	483.264	84
483.072	483.392	60
483.296	483.456	83
483.296	483.488	63
483.392	483.424	79
483.392	483.552	84
483.392	483.616	60
483.52	483.648	86
483.552	484.128	56
483.584	484.192	84
483.712	483.936	63
483.84	484.0	80
483.904	484.128	79
483.936	484.128	63
484.0	484.192	80
484.096	484.352	60
484.128	484.192	63
484.128	484.224	82
484.192	484.32	79
484.192	484.352	63
484.192	484.352	80
484.32	484.544	53
484.32	484.896	79
484.416	484.64	77
484.512	484.96	60
484.544	484.768	75
484.64	484.768	74
484.736	484.896	73
484.736	484.928	62
484.8	484.992	74
484.928	484.992	62
484.992	485.088	62
484.992	485.12	74
485.152	485.28	72
485.216	485.344	71
485.216	485.376	55
485.312	485.472	59
485.312	485.568	68
485.312	485.696	62
485.472	485.76	59
485.536	485.664	66
485.632	485.952	67
485.696	485.952	62
485.728	485.952	68
485.76	485.952	59
485.92	486.112	63
485.92	486.464	48
486.112	486.368	51
486.112	486.528	72
486.112	486.592	84
486.112	486.752	60
486.368	486.496	51
486.496	486.752	51
486.528	486.688	83
486.592	486.752	84
486.72	486.944	44
486.72	486.944	86
486.816	486.976	84
486.912	487.104	51
486.912	487.136	48
486.912	487.168	82
487.008	487.2	80
487.104	487.296	51
487.136	487.232	79
487.136	487.52	48
487.2	487.392	80
487.296	487.52	82
487.296	487.68	51
487.328	487.552	56
487.392	487.552	80
487.52	487.808	79
487.52	487.872	41
487.616	487.744	77
487.712	487.872	53
487.712	487.936	50
487.712	487.968	75
487.808	488.128	74
487.936	487.968	73
487.936	488.096	50
488.096	488.288	75
488.096	488.448	50
488.128	488.224	53
488.128	488.352	48
488.224	488.448	74
488.32	488.64	72
488.416	488.576	71
488.512	488.672	68
488.512	488.704	47
488.512	488.704	50
488.544	488.576	53
488.544	488.64	56
488.608	489.024	67
488.704	488.832	66
488.704	488.896	47
488.704	489.152	50
488.896	489.152	47
488.928	489.088	68
489.024	489.184	67
489.12	489.216	48
489.12	489.216	60
489.12	489.216	72
489.12	489.28	36
489.344	489.536	36
489.344	489.632	48
489.344	489.728	60
489.536	490.368	36
489.632	489.728	48
489.728	489.856	58
489.728	489.856	64
489.728	489.888	48
489.92	490.08	56
489.952	490.048	53
489.952	490.08	65
490.144	490.272	60
490.144	490.272	64
490.144	490.272	67
490.336	490.464	53
490.336	490.464	65
490.336	490.464	68
490.336	490.496	48
490.528	490.656	55
490.528	490.656	62
490.528	490.656	71
490.72	490.816	60
490.72	490.848	72
490.72	490.88	63
490.72	490.944	48
490.944	491.04	48
490.944	491.072	64
490.944	491.136	36
490.944	491.168	72
490.976	491.168	60
491.04	491.232	48
491.136	491.712	36
491.232	491.328	48
491.328	491.456	76
491.328	491.488	70
491.328	491.552	48
491.552	491.584	60
491.552	491.616	53
491.552	491.68	48
491.552	491.68	68
491.552	491.68	77
491.744	491.872	48
491.744	491.872	76
491.744	491.872	79
491.936	492.0	60
491.936	492.0	89
491.936	492.064	77
491.936	492.064	80
491.936	492.096	48
492.128	492.256	74
492.128	492.256	83
492.352	492.448	60
492.352	492.608	84
492.352	492.64	48
492.352	492.64	72
492.352	492.672	75
492.544	492.736	36
492.64	492.832	48
492.736	492.928	36
492.832	493.152	48
492.928	493.472	36
493.152	493.664	63
493.152	493.824	58
493.152	493.92	60
493.152	493.952	72
493.44	493.632	46
493.632	493.824	46
493.824	493.984	46
493.824	494.112	58
493.952	494.24	44
493.952	494.496	32
493.952	494.592	72
493.952	494.848	75
493.984	494.176	84
494.24	494.432	44
494.432	494.656	44
494.464	494.496	56
494.656	494.944	44
494.752	495.04	60
494.752	495.616	63
494.752	495.648	72
495.04	495.648	60
495.072	495.264	43
495.168	495.232	50
495.264	495.648	43
495.616	496.608	75
495.616	498.048	81
496.576	496.64	30
496.576	498.592	51
496.576	498.624	57
496.576	498.688	54
496.608	498.624	48
498.592	498.784	51
502.72	502.944	66
502.72	502.944	69
502.72	503.008	72
502.72	503.104	63
503.072	504.096	66
503.072	504.192	69
503.072	504.224	62
504.192	504.48	60
504.192	504.512	69
504.192	504.544	66
504.224	504.448	75
504.64	505.984	75
504.64	508.0	66
504.64	508.352	69
504.64	508.416	60
507.936	509.44	59
507.968	508.096	71
507.968	509.44	74
507.968	509.568	67
515.072	515.168	74
515.072	515.232	77
515.072	515.264	71
515.072	515.392	68
515.424	516.352	74
515.424	516.48	79
515.424	516.544	71
515.424	516.576	67
516.544	516.864	71
516.544	516.864	74
516.576	516.832	80
516.576	516.864	65
516.96	517.792	80
516.992	520.352	71
516.992	520.416	65
516.992	521.6	74
520.288	521.568	79
520.352	521.824	63
527.392	527.616	67
527.392	527.808	70
527.424	527.648	64
527.424	527.68	79
527.424	527.712	76
527.776	528.8	64
527.776	528.8	72
527.776	528.8	76
527.776	528.8	84
527.776	528.832	79
527.776	528.864	67
527.776	528.928	60
528.928	529.312	64
528.928	529.312	79
528.928	529.344	58
528.96	529.312	67
528.96	529.312	73
528.96	529.312	76
529.44	530.112	73
529.44	532.672	64
529.44	532.672	76
529.44	532.736	58
529.44	532.736	67
529.44	535.872	56
532.64	534.24	60
532.64	534.272	65
532.64	534.272	72
532.64	534.304	68
534.24	534.368	67
534.24	535.84	60
534.24	535.936	70
534.24	536.128	55
534.24	536.128	64
534.272	534.304	48
535.84	537.44	60
535.84	537.504	53
535.84	537.568	68
537.44	539.04	67
537.44	539.072	60
537.472	539.072	51
537.472	540.608	55
539.008	540.704	50
539.04	540.736	65
539.04	540.992	53
539.04	542.048	59
540.608	542.336	55
540.672	542.24	63
542.272	545.76	53
544.0	545.76	68
544.0	547.648	65
544.0	547.648	74
545.76	546.144	43
547.616	551.072	50
547.616	551.104	59
547.616	551.136	53
551.072	551.232	36
551.072	551.264	60
551.072	551.36	48
551.232	551.424	36
551.36	551.552	48
551.36	551.712	60
551.424	552.48	36
551.552	551.776	48
551.648	551.776	58
551.68	551.776	64
551.776	552.064	48
551.872	551.968	53
551.872	551.968	56
551.872	551.968	65
552.064	552.16	64
552.064	552.192	67
552.064	552.48	48
552.256	552.352	53
552.256	552.352	65
552.256	552.352	68
552.448	552.544	71
552.448	552.576	62
552.64	552.768	60
552.64	552.768	63
552.672	552.768	72
552.832	552.928	64
552.832	553.024	36
552.832	553.056	60
553.024	553.728	36
553.12	553.44	48
553.44	553.536	68
553.44	553.536	77
553.44	553.632	48
553.632	553.728	76
553.632	553.728	79
553.632	553.824	48
553.792	553.92	77
553.824	553.856	89
553.824	553.888	48
553.824	553.92	80
553.888	554.208	48
554.016	554.112	74
554.016	554.144	83
554.208	554.4	87
554.208	554.496	48
554.208	554.496	75
554.208	554.56	84
554.368	554.624	36
554.496	554.624	48
554.592	554.624	58
554.592	554.656	46
554.592	554.656	51
554.592	554.784	72
554.592	554.784	75
554.592	554.976	84
554.72	555.04	46
554.976	555.104	72
554.976	555.136	75
554.976	555.232	42
554.976	555.296	84
555.104	555.2	44
555.264	555.392	44
555.392	555.712	72
555.392	555.776	75
555.392	555.904	84
555.776	556.0	81
555.776	556.032	42
555.776	556.064	75
556.608	556.64	51
556.608	556.8	63
556.608	556.864	57
556.608	556.864	60
556.608	556.864	72
556.608	556.864	75
556.608	556.896	54
556.8	556.896	63
557.408	557.632	63
557.408	557.664	72
557.408	557.696	75
557.408	557.696	79
557.408	557.728	55
557.408	557.792	60
557.632	557.728	63
558.24	558.272	26
558.24	558.272	27
558.24	558.496	50
558.24	558.528	31
558.24	558.56	43
559.136	559.2	27
559.136	559.424	24
559.136	559.52	43
559.136	559.552	60
