0.512	0.64	65
0.608	0.736	66
0.736	0.864	65
0.736	0.864	67
0.832	0.928	68
0.896	1.056	69
1.024	1.152	68
1.056	1.184	70
1.12	1.216	71
1.216	1.312	72
1.28	1.408	71
1.344	1.472	73
1.44	1.504	74
1.504	1.632	75
1.6	1.696	74
1.728	1.824	77
1.792	1.92	78
1.888	2.016	77
1.92	2.592	53
1.952	2.08	79
2.016	2.208	68
2.016	2.432	62
2.048	2.176	80
2.112	2.176	81
2.176	2.432	80
2.24	2.368	82
2.336	2.464	83
2.4	2.496	84
2.464	2.656	83
2.56	2.656	86
2.624	2.752	84
2.624	3.008	63
2.72	2.752	85
2.752	2.976	84
2.848	2.976	86
2.912	3.264	67
2.944	3.04	87
3.008	3.072	89
3.04	3.232	87
3.136	3.328	90
3.232	3.36	91
3.232	3.744	63
3.296	3.52	92
3.36	3.68	91
3.456	3.488	95
3.488	3.648	96
3.52	3.776	60
3.616	3.648	97
3.648	3.808	96
3.712	3.872	98
3.808	3.936	99
3.872	4.064	98
3.936	4.096	99
4.032	4.16	97
4.064	4.224	96
4.192	4.256	95
4.224	4.416	96
4.32	4.416	94
4.384	4.512	93
4.448	4.608	92
4.512	4.768	93
4.608	4.8	91
4.704	4.832	90
4.768	4.832	89
4.832	5.024	90
4.928	4.992	88
4.96	5.12	87
5.024	5.152	86
5.12	5.28	87
5.216	5.44	85
5.312	5.536	84
5.344	5.504	83
5.408	6.048	53
5.536	6.112	63
5.568	6.048	66
5.632	5.92	80
5.792	6.016	79
5.888	6.016	78
5.952	6.112	77
6.016	6.144	78
6.112	6.272	75
6.112	7.072	58
6.176	6.848	62
6.272	6.496	73
6.432	6.688	72
6.56	6.752	65
6.592	6.816	69
6.752	6.848	68
6.784	7.296	61
6.816	7.168	66
7.008	7.296	65
7.072	7.328	58
7.232	7.36	67
7.264	7.36	53
7.328	7.52	58
7.36	7.52	55
7.36	7.84	53
7.52	7.84	61
7.52	7.84	64
7.52	7.872	58
8.096	8.192	97
8.096	8.288	91
8.192	8.288	94
8.256	8.608	90
8.32	8.608	87
8.384	8.64	91
8.512	8.608	88
8.576	8.704	84
8.608	8.736	75
8.608	8.832	78
8.64	8.992	81
8.736	8.992	79
8.8	9.056	82
8.832	9.216	78
8.96	9.216	75
8.992	9.248	79
9.152	9.312	63
9.184	9.28	72
9.344	9.632	67
9.408	9.6	70
9.664	9.856	58
9.664	9.856	61
9.664	9.856	64
9.664	9.856	67
10.016	10.208	41
10.24	10.368	73
10.24	10.4	67
10.4	10.464	58
10.4	10.496	67
10.528	10.624	61
10.592	10.72	83
10.688	10.816	67
10.72	10.816	73
10.752	10.784	82
10.88	10.976	57
10.912	11.008	67
10.912	11.008	73
11.008	11.104	61
11.072	11.424	58
11.104	11.168	84
11.136	11.264	53
11.168	11.264	76
11.232	11.456	82
11.744	11.84	71
11.776	11.872	99
11.84	11.968	96
11.904	11.968	92
11.968	12.032	83
11.968	12.192	86
12.0	12.16	89
12.064	12.128	93
12.064	12.16	87
12.16	12.256	90
12.192	12.32	86
12.32	12.448	87
12.32	12.576	83
12.352	12.64	78
12.448	12.608	84
12.544	12.64	80
12.576	12.704	77
12.768	13.184	78
12.832	13.152	74
12.96	13.184	71
13.024	13.248	75
13.12	13.248	72
13.152	13.344	68
13.312	13.472	63
13.312	13.472	66
13.92	14.08	41
14.112	14.24	63
14.112	14.24	78
14.144	14.176	90
14.304	14.4	63
14.304	14.464	78
14.464	14.528	81
14.464	14.56	69
14.464	14.56	78
14.496	14.56	88
14.624	14.688	69
14.624	14.72	78
14.624	14.72	81
14.624	14.72	87
14.784	14.88	69
14.784	14.88	81
14.784	14.944	78
14.944	15.072	63
14.944	15.136	78
14.944	15.168	81
14.976	15.136	89
15.04	15.168	69
15.072	15.168	88
15.104	15.2	87
15.104	15.232	63
15.136	15.2	78
15.488	15.584	87
15.488	15.616	63
15.488	15.616	78
15.68	15.776	86
15.808	15.904	75
15.84	15.904	78
15.872	15.936	85
16.0	16.096	63
16.0	16.096	75
16.0	16.128	78
16.192	16.32	75
16.192	16.32	87
16.288	16.416	63
16.384	16.512	86
16.416	16.608	75
16.48	16.608	85
16.576	16.704	84
16.896	17.024	63
16.928	16.992	75
16.928	17.056	84
17.088	17.216	83
17.088	17.312	63
17.12	17.248	75
17.216	17.312	82
17.312	17.408	81
17.312	17.44	63
17.6	17.76	66
17.632	17.728	75
17.632	17.76	69
17.664	17.76	81
17.824	17.952	80
17.824	17.984	66
17.856	17.952	68
17.856	17.984	75
17.856	18.016	72
17.952	18.048	79
18.016	18.176	78
18.4	18.496	69
18.4	18.496	75
18.4	18.56	77
18.592	18.72	78
18.752	18.976	77
18.848	18.912	69
18.944	19.008	72
18.944	19.04	75
18.944	19.072	79
19.136	19.232	75
19.136	19.328	77
19.328	19.424	75
19.328	19.456	78
19.488	19.616	77
19.52	19.616	72
19.52	19.616	75
19.68	19.808	79
19.776	19.904	77
19.936	20.032	78
20.032	20.128	77
20.128	20.256	79
20.224	20.352	77
20.352	20.448	78
20.448	20.576	77
20.544	20.704	79
20.672	20.864	77
20.736	21.024	78
20.864	20.992	77
20.864	21.056	79
20.992	21.152	77
21.024	21.376	78
21.12	21.216	79
21.216	21.408	79
21.28	21.664	77
21.376	21.664	78
21.504	21.824	79
21.664	21.984	78
21.792	22.112	77
21.824	22.016	79
21.984	22.272	78
22.112	22.272	77
22.144	22.304	79
22.272	22.4	77
22.368	22.464	78
22.432	22.56	77
22.528	22.656	79
22.624	22.816	77
22.624	22.88	63
22.656	22.816	65
22.72	22.944	78
22.784	23.008	69
22.816	23.008	77
22.88	23.04	63
22.88	23.296	79
23.008	23.2	77
23.04	23.392	63
23.104	23.424	78
23.136	23.488	62
23.2	23.424	77
23.296	23.456	79
23.424	23.584	77
23.456	23.872	60
23.488	23.744	78
23.584	23.808	77
23.584	23.84	69
23.68	24.096	79
23.808	24.0	70
23.808	24.0	77
23.808	24.352	58
24.0	24.224	70
24.096	24.256	79
24.224	24.416	80
24.32	24.48	53
24.32	24.608	62
24.352	24.48	77
24.448	24.608	74
24.48	24.736	77
24.576	24.8	53
24.608	24.8	72
24.608	24.832	63
24.704	24.8	81
24.8	24.992	72
24.8	25.088	81
24.896	25.024	75
24.992	25.184	72
24.992	25.312	63
25.088	25.184	57
25.088	25.216	75
25.12	25.376	79
25.184	25.472	72
25.28	25.44	75
25.28	25.472	78
25.408	25.504	77
25.408	25.6	70
25.472	25.632	58
25.472	25.632	78
25.568	25.728	77
25.6	25.76	70
25.696	25.856	79
25.792	25.984	65
25.792	25.984	77
25.824	26.592	63
25.92	26.016	78
25.984	26.208	77
26.08	26.464	79
26.208	26.368	77
26.24	26.592	70
26.272	26.496	78
26.304	26.656	62
26.368	26.56	77
26.464	26.624	79
26.56	26.752	77
26.656	26.816	78
26.656	27.2	60
26.752	26.976	77
26.752	27.008	69
26.848	27.296	79
26.976	27.2	77
27.008	27.168	70
27.008	27.424	58
27.168	27.36	70
27.296	27.424	79
27.392	27.52	74
27.392	27.552	80
27.424	27.552	53
27.488	27.744	62
27.52	27.584	77
27.584	27.744	74
27.712	27.904	77
27.744	27.968	53
27.776	28.032	63
27.808	27.968	72
27.872	28.224	81
27.968	28.16	72
28.064	28.192	75
28.16	28.352	72
28.16	28.416	63
28.256	28.352	79
28.256	28.384	75
28.352	28.608	72
28.352	28.608	79
28.48	28.608	75
28.48	28.64	78
28.576	28.672	77
28.64	28.8	78
28.64	28.832	58
28.704	28.832	70
28.768	28.864	77
28.896	29.056	81
28.96	29.184	70
28.992	29.664	68
29.056	29.248	77
29.12	29.248	83
29.184	29.344	82
29.248	29.472	77
29.344	29.568	82
29.376	29.6	75
29.44	29.6	83
29.44	29.632	66
29.472	29.6	78
29.568	29.792	82
29.6	29.792	75
29.6	29.792	78
29.728	30.208	70
29.792	29.952	82
29.792	30.176	65
29.952	30.144	82
30.144	30.368	63
30.144	30.368	82
30.24	30.368	83
30.272	30.56	78
30.368	30.464	63
30.368	30.592	75
30.368	30.592	83
30.464	30.592	63
30.464	30.688	70
30.56	30.688	85
30.56	30.752	66
30.656	30.72	58
30.656	30.752	82
30.656	30.752	86
30.752	30.848	86
30.752	30.944	78
30.848	30.976	87
30.88	30.976	82
30.912	31.136	58
30.944	31.104	77
30.976	31.04	68
30.976	31.072	87
31.04	31.168	86
31.04	31.232	68
31.136	31.328	77
31.136	31.52	58
31.168	31.328	86
31.296	31.552	70
31.328	31.488	77
31.328	31.584	68
31.392	31.584	62
31.488	31.776	77
31.648	31.776	83
31.744	31.84	82
31.744	31.936	63
31.744	31.936	78
31.84	31.968	83
31.872	31.968	75
31.936	32.032	78
31.936	32.064	82
32.032	32.128	83
32.096	32.288	70
32.128	32.256	75
32.128	32.704	68
32.224	32.352	83
32.224	32.384	77
32.288	32.576	82
32.384	32.544	77
32.416	32.576	83
32.512	32.736	75
32.576	32.672	66
32.576	32.8	78
32.576	32.832	83
32.704	32.8	82
32.736	32.928	75
32.8	32.928	78
32.832	32.96	83
32.864	33.344	70
32.96	33.248	65
32.992	33.216	83
33.088	33.28	82
33.216	33.6	83
33.28	33.568	82
33.312	33.504	63
33.408	33.6	78
33.504	33.728	63
33.504	33.728	75
33.6	33.696	78
33.6	33.824	70
33.696	33.888	78
33.728	33.888	66
33.792	33.888	58
33.824	33.888	86
33.824	33.92	82
33.888	34.08	78
33.888	34.112	86
33.984	34.24	87
34.016	34.144	82
34.08	34.304	58
34.112	34.272	77
34.112	34.368	68
34.208	34.272	86
34.272	34.4	77
34.272	34.4	86
34.4	34.432	85
34.4	34.56	80
34.464	34.656	77
34.464	34.688	68
34.464	34.688	70
34.56	34.688	62
34.56	34.688	80
34.656	34.912	77
34.784	34.912	83
34.784	34.944	80
34.88	35.008	78
34.88	35.008	82
34.88	35.104	63
34.976	35.104	66
35.008	35.104	83
35.008	35.136	75
35.072	35.168	78
35.072	35.2	82
35.2	35.296	87
35.328	35.456	58
35.328	35.488	78
35.328	35.744	61
35.488	35.648	78
35.68	35.84	88
35.68	35.872	78
35.712	35.84	63
35.808	36.0	86
35.872	36.032	78
35.872	36.032	88
35.968	36.128	87
36.128	36.256	64
36.128	36.416	49
36.224	36.416	84
36.256	36.448	87
36.384	36.512	85
36.416	36.736	82
36.576	36.736	51
36.576	36.736	78
36.736	36.832	85
36.736	36.896	78
36.832	36.928	83
36.928	36.992	55
36.928	37.184	52
36.928	37.312	67
37.024	37.184	79
37.088	37.216	81
37.184	37.28	84
37.184	37.408	79
37.376	37.536	53
37.408	37.568	77
37.408	37.6	80
37.504	37.6	82
37.568	37.632	77
37.728	37.952	70
37.728	38.08	55
37.728	38.08	64
37.824	38.048	78
37.888	38.08	81
37.952	38.08	70
37.952	38.112	61
38.208	38.336	64
38.208	38.336	76
38.304	38.496	79
38.4	38.528	72
38.464	38.592	77
38.56	38.944	58
38.592	38.752	67
38.624	38.752	75
38.688	38.944	77
38.72	38.944	70
38.752	38.944	61
38.912	39.008	75
38.912	39.04	79
39.104	39.296	79
39.136	39.296	63
39.264	39.424	72
39.264	39.424	77
39.36	39.552	61
39.392	39.552	75
39.392	39.68	67
39.52	39.712	77
39.712	39.84	79
39.712	39.872	63
39.872	40.064	79
40.032	40.128	78
40.096	40.224	77
40.192	40.32	78
40.288	40.384	77
40.384	40.48	79
40.448	40.576	77
40.544	40.672	78
40.64	40.736	77
40.736	40.864	79
40.832	40.928	77
40.928	41.056	78
41.024	41.12	77
41.12	41.248	79
41.216	41.344	77
41.312	41.44	78
41.408	41.504	77
41.504	41.632	79
41.6	41.792	77
41.6	41.984	51
41.696	41.824	78
41.728	41.824	72
41.792	41.888	67
41.792	41.92	65
41.792	41.92	77
41.888	42.176	79
41.984	42.176	77
41.984	42.272	50
42.08	42.208	78
42.112	42.208	74
42.176	42.208	66
42.176	42.304	77
42.176	42.336	65
42.304	42.432	79
42.4	42.496	77
42.4	42.624	48
42.496	42.624	78
42.56	42.688	65
42.56	42.688	77
42.656	42.816	79
42.784	42.912	77
42.784	43.104	46
42.88	43.136	78
42.912	42.944	74
42.976	43.136	70
43.008	43.136	65
43.104	43.2	74
43.104	43.296	79
43.2	43.392	80
43.2	43.52	41
43.296	43.424	77
43.36	43.52	67
43.392	43.52	65
43.392	43.52	74
43.488	43.712	77
43.584	43.776	72
43.584	43.872	41
43.712	43.872	75
43.776	43.904	66
43.776	43.936	72
43.808	43.904	65
43.872	44.0	75
43.968	44.16	72
43.968	44.192	45
44.064	44.224	75
44.128	44.256	67
44.16	44.288	65
44.16	44.32	72
44.288	44.384	75
44.288	44.448	78
44.384	44.48	77
44.384	44.64	46
44.384	44.736	58
44.448	44.672	78
44.544	44.64	66
44.544	44.672	77
44.544	44.704	65
44.64	44.832	79
44.768	44.96	77
44.768	45.088	51
44.864	45.024	78
44.896	44.992	72
44.96	45.056	67
44.96	45.056	69
44.96	45.088	65
44.96	45.088	77
45.056	45.184	79
45.152	45.248	77
45.152	45.44	50
45.248	45.376	78
45.312	45.376	74
45.344	45.408	66
45.344	45.472	65
45.344	45.472	77
45.472	45.6	79
45.568	45.664	77
45.568	45.76	48
45.632	45.792	78
45.664	45.792	75
45.728	45.856	67
45.76	45.856	65
45.76	45.856	77
45.824	46.016	79
45.952	46.08	58
45.952	46.144	70
45.952	46.272	46
45.952	46.272	77
46.08	46.272	74
46.144	46.304	65
46.144	46.304	70
46.272	46.336	74
46.272	46.4	79
46.368	46.56	74
46.368	46.56	80
46.368	46.656	41
46.464	46.656	77
46.528	46.688	67
46.56	46.656	65
46.56	46.688	74
46.56	46.688	81
46.656	46.88	77
46.688	46.816	82
46.752	46.944	72
46.752	47.04	41
46.88	47.04	75
46.944	47.04	66
46.944	47.072	72
46.976	47.072	65
47.04	47.168	75
47.136	47.328	45
47.136	47.328	72
47.232	47.36	75
47.296	47.424	67
47.328	47.456	65
47.328	47.456	72
47.456	47.52	75
47.456	47.616	78
47.552	47.616	77
47.552	47.744	58
47.552	47.776	46
47.616	47.808	78
47.68	47.84	67
47.712	47.808	70
47.712	47.872	77
47.776	47.872	65
47.872	48.0	81
47.968	48.192	56
48.032	48.192	77
48.096	48.192	71
48.16	48.256	70
48.256	48.352	77
48.32	48.544	55
48.416	48.544	78
48.512	48.64	70
48.608	48.736	78
48.608	48.736	84
48.704	48.96	50
48.736	48.96	77
48.832	48.992	80
48.896	48.992	82
48.896	49.024	70
48.992	49.12	80
49.088	49.344	51
49.184	49.344	79
49.216	49.312	71
49.28	49.376	70
49.28	49.408	75
49.376	49.504	79
49.408	49.504	84
49.504	49.664	79
49.504	49.728	46
49.6	49.728	82
49.664	49.76	79
49.664	49.792	70
49.76	49.888	79
49.76	49.888	87
49.76	49.952	82
49.856	50.016	77
49.888	50.048	46
49.952	50.112	80
49.952	50.112	86
50.016	50.144	77
50.048	50.176	70
50.112	50.208	80
50.208	50.496	50
50.24	50.4	77
50.304	50.464	80
50.4	50.528	72
50.4	50.56	70
50.4	50.56	77
50.496	50.592	80
50.624	50.816	79
50.624	50.848	51
50.72	50.88	75
50.752	50.816	71
50.816	50.912	70
50.816	50.912	82
50.816	50.944	79
50.912	51.104	84
51.008	51.2	56
51.072	51.232	77
51.168	51.232	72
51.168	51.296	70
51.168	51.296	82
51.296	51.36	84
51.328	51.456	77
51.392	51.584	55
51.456	51.616	78
51.552	51.648	70
51.552	51.648	82
51.648	51.776	78
51.648	51.776	84
51.744	51.872	77
51.744	52.0	50
51.84	51.872	49
51.872	51.968	80
51.872	52.0	83
51.936	52.064	70
51.968	52.064	77
52.128	52.352	51
52.224	52.416	79
52.288	52.352	71
52.32	52.448	70
52.32	52.448	75
52.416	52.544	79
52.448	52.544	84
52.544	52.704	79
52.544	52.768	46
52.64	52.736	82
52.704	52.8	79
52.704	52.832	70
52.8	52.928	79
52.8	52.928	87
52.8	52.96	82
52.928	53.056	77
52.928	53.088	46
52.928	53.184	58
52.992	53.152	80
52.992	53.152	86
53.056	53.216	77
53.088	53.216	70
53.152	53.312	80
53.28	53.44	77
53.28	53.536	50
53.376	53.536	80
53.44	53.568	72
53.44	53.568	77
53.472	53.6	70
53.536	53.632	80
53.6	53.696	83
53.696	53.76	51
53.696	53.76	82
53.696	53.792	79
53.76	53.888	84
53.76	54.08	51
53.792	53.888	75
53.856	53.984	82
53.856	54.016	79
53.952	54.048	87
54.08	54.208	59
54.08	54.208	80
54.08	54.208	91
54.112	54.24	47
54.208	54.368	88
54.24	54.368	91
54.272	54.368	80
54.336	54.4	56
54.4	54.432	86
54.4	54.528	89
54.432	54.496	55
54.496	54.656	79
54.496	54.784	55
54.496	54.784	63
54.592	54.688	86
54.656	54.816	79
54.752	54.88	87
54.784	54.912	63
54.88	55.008	77
54.88	55.072	50
55.008	55.168	83
55.072	55.2	53
55.072	55.2	77
55.104	55.136	68
55.104	55.2	65
55.104	55.232	56
55.168	55.296	86
55.2	55.424	51
55.296	55.424	75
55.296	55.552	67
55.392	55.456	79
55.392	55.52	83
55.456	55.584	75
55.456	55.584	79
55.488	55.552	86
55.584	55.68	79
55.584	55.68	84
55.712	55.968	40
55.808	56.0	73
55.84	55.968	81
55.904	55.968	46
55.904	56.032	79
56.0	56.096	82
56.0	56.128	73
56.096	56.224	52
56.096	56.288	81
56.192	56.32	70
56.192	56.32	78
56.288	56.384	58
56.288	56.448	81
56.384	56.544	79
56.384	56.672	58
56.512	56.672	77
56.512	56.832	61
56.512	56.864	55
56.672	56.896	58
56.672	56.896	77
56.896	57.088	70
56.896	57.216	79
56.992	57.248	53
57.024	57.28	65
57.088	57.312	70
57.248	57.344	53
57.248	57.344	77
57.344	57.6	74
57.344	57.92	53
57.44	57.696	77
57.44	57.728	65
57.632	57.76	75
57.728	58.016	74
57.76	58.016	70
57.856	58.112	67
57.984	58.112	64
58.08	58.176	72
58.144	58.4	67
58.272	58.528	60
58.272	58.56	41
58.4	58.56	63
58.56	58.816	72
58.56	59.648	41
58.688	58.848	65
58.784	58.976	62
59.008	59.488	67
59.104	59.392	62
59.392	59.52	62
59.392	59.648	55
59.52	59.808	60
59.648	59.808	55
59.744	59.872	63
59.84	60.096	51
59.84	60.224	60
59.872	60.192	42
60.0	60.224	41
60.096	60.32	51
60.128	60.256	57
60.256	60.352	58
60.256	60.416	50
60.48	60.608	58
60.48	60.64	50
60.512	60.64	53
60.704	60.8	60
60.704	60.832	48
60.736	60.832	54
60.768	60.896	62
60.896	60.992	59
60.896	61.024	47
60.896	61.024	55
61.056	61.216	54
61.088	61.216	46
61.184	61.248	62
61.28	61.376	53
61.28	61.408	50
61.44	61.6	60
61.44	61.632	48
61.44	61.632	54
61.568	61.76	62
61.792	62.016	54
61.856	61.984	63
61.856	62.016	57
62.112	62.24	87
62.112	62.304	78
62.112	62.304	81
62.208	62.368	84
62.272	62.496	80
62.304	62.432	74
62.304	62.464	71
62.368	62.528	77
62.432	62.56	81
62.464	62.56	72
62.464	62.56	75
62.528	62.656	78
62.624	62.912	68
62.656	63.008	71
62.72	62.944	75
62.784	63.2	66
62.816	63.168	69
62.912	63.2	68
62.944	63.008	59
63.008	63.136	62
63.104	63.2	63
63.136	63.264	78
63.232	63.552	41
63.264	63.52	70
63.52	63.648	50
63.68	63.776	60
63.68	63.84	48
63.712	63.808	54
63.744	63.84	62
63.872	64.0	47
63.904	63.968	59
64.064	64.192	46
64.064	64.192	54
64.064	64.192	58
64.16	64.224	62
64.256	64.352	53
64.256	64.416	50
64.288	64.352	58
64.416	64.64	48
64.416	64.64	54
64.416	64.64	60
64.544	64.672	47
64.544	64.672	62
64.736	64.768	62
64.768	64.992	54
64.832	64.992	63
64.896	64.992	57
65.088	65.216	87
65.088	65.28	81
65.088	65.312	78
65.216	65.44	84
65.248	65.472	80
65.28	65.44	74
65.28	65.472	71
65.344	65.504	77
65.44	65.536	75
65.44	65.536	81
65.472	65.664	78
65.568	65.824	68
65.632	65.888	71
65.696	65.824	75
65.824	65.856	72
65.824	66.112	68
65.856	66.08	59
65.952	66.112	65
65.952	66.176	62
66.048	66.208	63
66.112	66.176	78
66.176	66.368	56
66.176	66.368	59
66.176	66.4	62
66.176	66.4	65
66.368	66.432	59
66.464	66.752	80
66.496	66.784	83
66.592	66.72	86
66.656	66.752	82
66.688	66.88	76
66.688	66.88	79
66.784	66.912	77
66.784	66.912	83
66.88	67.008	80
66.944	67.104	70
66.976	67.264	67
67.008	67.232	73
67.072	67.232	77
67.072	67.264	68
67.104	67.264	71
67.232	67.36	70
67.232	67.424	61
67.328	67.584	67
67.424	67.584	65
67.488	67.616	80
67.584	67.616	58
67.584	67.776	61
67.584	67.776	63
67.584	67.776	67
67.872	68.064	91
67.872	68.096	85
67.904	68.032	82
67.968	68.224	88
68.032	68.16	75
68.032	68.288	78
68.032	68.384	84
68.128	68.352	81
68.16	68.352	79
68.16	68.512	75
68.256	68.512	82
68.288	68.48	46
68.288	68.512	54
68.352	68.512	63
68.352	68.544	60
68.608	68.736	87
68.64	68.8	84
68.704	68.8	90
68.768	68.992	80
68.768	69.024	86
68.768	69.088	77
68.832	69.024	83
68.864	69.088	87
68.896	69.056	78
68.896	69.088	81
68.992	69.184	84
69.056	69.248	78
69.088	69.184	75
69.152	69.344	93
69.216	69.408	89
69.216	69.536	68
69.216	69.536	71
69.312	69.504	86
69.376	69.6	90
69.44	69.632	87
69.504	69.568	69
69.536	69.6	68
69.536	69.6	99
69.568	69.728	66
69.6	69.696	96
69.664	69.856	92
69.696	69.952	62
69.76	69.952	89
69.824	69.952	63
69.824	69.952	93
69.824	69.984	60
69.92	69.984	90
69.984	70.016	100
69.984	70.112	88
69.984	70.144	64
69.984	70.176	44
69.984	70.176	56
70.08	70.112	87
70.144	70.208	101
70.144	70.304	57
70.144	70.304	65
70.336	70.72	46
70.528	70.688	98
70.528	70.88	62
70.528	70.912	50
70.688	70.72	52
70.688	70.784	60
70.688	71.04	98
70.784	70.848	91
70.784	70.976	60
70.848	70.944	58
70.848	71.04	70
70.944	71.168	58
71.04	71.104	98
71.04	71.296	44
71.136	71.264	88
71.2	71.296	50
71.2	71.52	62
71.296	71.744	50
71.328	71.584	86
71.392	71.584	60
71.392	71.648	53
71.456	71.584	59
71.52	72.256	58
71.616	71.744	81
71.744	71.904	82
71.808	72.0	81
71.904	72.0	50
71.904	72.0	62
71.904	72.288	86
71.904	72.352	82
72.0	72.256	62
72.0	72.288	81
72.0	72.352	50
72.064	72.352	54
72.096	72.288	60
72.096	72.384	80
72.16	72.48	79
72.256	72.384	78
72.256	72.8	58
72.352	72.416	77
72.416	72.608	82
72.416	72.8	41
72.608	72.928	77
72.608	72.992	62
72.608	73.024	50
72.608	73.152	82
72.768	73.024	60
72.8	73.088	72
72.8	73.152	56
72.864	73.12	59
72.928	73.088	70
72.928	73.152	58
73.12	73.664	78
73.12	73.856	51
73.152	73.504	39
73.312	73.472	66
73.312	73.792	54
73.344	73.856	58
73.472	73.792	66
73.472	73.792	90
73.504	73.6	65
73.6	73.792	84
73.632	73.856	63
73.632	73.856	87
73.664	73.888	78
73.728	73.824	83
73.824	73.952	37
73.824	74.08	49
73.92	74.176	81
73.984	74.08	66
73.984	74.08	68
73.984	74.528	54
74.016	74.528	80
74.08	74.304	79
74.08	74.528	66
74.144	74.432	65
74.144	74.528	58
74.24	74.528	64
74.304	74.528	78
74.304	74.56	63
74.528	74.592	47
74.528	74.624	78
74.528	74.72	87
74.592	74.848	75
74.592	75.04	47
74.688	75.04	66
74.688	75.136	54
74.784	74.88	74
74.848	75.008	65
74.848	75.008	78
74.944	75.072	72
75.008	75.104	63
75.008	75.2	78
75.04	75.104	75
75.04	75.2	66
75.104	75.2	47
75.104	75.2	75
75.104	75.232	71
75.104	75.264	63
75.2	75.36	75
75.296	75.552	70
75.36	75.52	57
75.36	75.616	66
75.36	75.68	75
75.36	75.872	54
75.456	75.52	69
75.52	75.648	65
75.52	75.84	68
75.52	75.872	58
75.616	75.68	67
75.616	75.872	64
75.68	75.872	66
75.712	75.872	63
76.032	76.192	45
76.16	76.256	71
76.224	76.32	47
76.352	76.416	87
76.384	76.48	78
76.384	76.576	47
76.48	76.576	75
76.48	76.576	83
76.544	76.736	49
76.544	76.896	37
76.64	76.768	50
76.736	76.832	71
76.736	76.864	80
76.736	76.896	49
76.832	76.928	77
76.992	77.056	53
77.024	77.12	64
77.024	77.152	52
77.056	77.12	92
77.088	77.152	97
77.152	77.248	53
77.248	77.44	54
77.248	77.504	42
77.344	77.408	55
77.408	77.44	94
77.44	77.632	54
77.504	77.6	89
77.696	77.856	85
77.728	77.856	77
77.792	77.888	82
77.824	77.888	73
77.888	78.176	47
77.92	78.08	59
78.016	78.112	60
78.08	78.208	59
78.08	78.208	70
78.08	78.208	78
78.176	78.272	61
78.176	78.272	66
78.176	78.272	75
78.336	78.432	63
78.4	78.528	62
78.464	78.496	95
78.528	78.624	63
78.592	78.88	53
78.688	78.784	66
78.752	78.848	64
78.784	78.88	83
78.816	78.912	87
78.848	78.944	80
78.944	79.008	68
79.04	79.2	80
79.04	79.232	68
79.168	79.296	77
79.2	79.296	83
79.264	79.808	58
79.36	79.392	71
79.392	79.552	80
79.424	79.584	70
79.584	79.776	77
79.648	79.776	73
79.744	79.872	74
79.744	79.904	80
79.84	79.968	70
79.936	80.224	63
80.032	80.064	74
80.096	80.224	82
80.128	80.192	73
80.16	80.32	78
80.224	80.256	87
80.288	80.384	71
80.352	80.48	70
80.416	80.544	66
80.48	80.608	63
80.544	80.576	78
80.608	80.672	90
80.608	80.736	69
80.608	80.896	59
80.704	80.864	68
80.768	80.896	67
80.864	80.96	66
80.928	81.056	65
80.928	81.184	60
80.928	81.216	81
81.024	81.056	92
81.024	81.184	64
81.088	81.28	63
81.12	81.152	91
81.184	81.28	90
81.28	81.376	61
81.28	81.376	85
81.28	81.408	49
81.6	81.792	77
81.6	81.856	80
81.6	81.888	71
81.6	81.888	86
81.728	81.952	83
81.792	81.952	79
81.856	81.952	70
81.92	82.176	80
82.016	82.144	71
82.016	82.176	77
82.144	82.272	85
82.24	82.336	67
82.24	82.368	82
82.336	82.4	67
82.336	82.464	86
82.432	82.56	68
82.432	82.624	83
82.496	82.624	58
82.496	82.688	91
82.592	82.72	61
82.624	82.72	88
82.688	82.784	92
82.688	82.848	59
82.784	82.88	89
82.848	82.976	86
82.848	83.04	59
82.944	83.04	89
82.976	83.072	86
82.976	83.168	49
83.072	83.104	97
83.072	83.232	57
83.168	83.264	61
83.168	83.36	49
83.2	83.264	89
83.296	83.328	95
83.296	83.392	56
83.36	83.424	89
83.36	83.584	49
83.424	83.552	83
83.488	83.616	55
83.488	83.648	94
83.584	83.776	49
83.68	83.776	54
83.776	83.872	49
83.808	83.872	81
83.84	84.032	92
83.872	83.936	57
83.968	84.032	56
83.968	84.064	49
83.968	84.096	84
84.064	84.192	63
84.064	84.192	90
84.16	84.256	49
84.16	84.256	78
84.256	84.384	49
84.256	84.384	89
84.256	84.416	61
84.256	84.416	68
84.256	84.448	77
84.448	84.896	37
84.64	84.768	56
84.64	84.864	68
84.64	84.928	65
84.64	84.96	59
84.768	84.928	71
84.864	84.96	67
84.864	84.992	58
84.992	85.248	68
84.992	85.28	59
85.088	85.28	65
85.184	85.312	73
85.28	85.376	58
85.28	85.408	55
85.28	85.408	70
85.376	85.472	74
85.44	85.568	56
85.44	85.568	71
85.536	85.664	46
85.536	85.664	79
85.6	85.728	49
85.696	85.888	47
85.728	85.824	80
85.792	85.984	77
85.792	86.016	50
85.888	86.048	86
85.888	86.08	47
85.92	86.048	59
85.984	86.112	77
86.112	86.24	85
86.112	86.272	45
86.208	86.4	77
86.208	86.56	37
86.304	86.464	83
86.336	86.432	44
86.4	86.56	77
86.432	86.56	71
86.496	86.72	43
86.496	86.816	82
86.624	86.688	70
86.72	86.912	81
86.816	86.912	72
86.88	87.04	80
86.976	87.072	72
87.072	87.296	51
87.072	87.424	78
87.2	87.296	72
87.2	87.36	66
87.264	87.456	49
87.296	87.424	77
87.36	87.52	68
87.488	87.648	47
87.488	87.68	74
87.648	87.712	45
87.68	87.872	73
87.744	87.872	49
87.776	87.872	61
87.776	87.872	65
87.872	88.0	71
87.968	88.064	53
87.968	88.064	65
88.032	88.224	70
88.064	88.256	43
88.128	88.352	58
88.16	88.352	61
88.256	88.384	42
88.256	88.416	69
88.352	88.544	57
88.416	88.576	68
88.512	88.64	56
88.608	88.768	51
88.608	88.768	66
88.704	88.864	54
88.736	88.768	60
88.832	88.928	56
88.832	89.024	65
88.832	89.056	49
89.024	89.152	53
89.024	89.152	62
89.024	89.28	50
89.216	89.344	61
89.408	89.536	49
89.408	89.6	60
89.408	89.632	37
89.6	89.696	56
89.6	89.728	47
89.6	89.728	53
89.6	89.888	50
89.6	89.888	59
89.76	89.92	47
89.76	89.92	62
89.792	89.856	53
89.984	90.08	49
89.984	90.112	56
89.984	90.112	61
89.984	90.144	37
90.08	90.208	49
90.08	90.208	60
90.144	90.4	59
90.176	90.4	50
90.528	90.784	59
90.56	90.688	68
90.56	90.688	74
90.72	90.848	65
90.752	90.816	61
90.752	90.848	68
90.752	90.848	73
90.912	91.008	61
90.912	91.04	65
90.912	91.04	68
90.944	91.04	72
91.104	91.2	65
91.104	91.2	68
91.104	91.232	71
91.296	91.392	65
91.296	91.392	68
91.296	91.424	59
91.296	91.424	74
91.488	91.68	68
91.52	91.616	61
91.52	91.648	73
91.52	91.712	60
91.52	91.712	65
91.616	91.712	61
91.616	91.712	72
91.712	91.904	71
91.712	92.128	43
91.776	91.904	62
92.064	92.16	56
92.096	92.16	68
92.096	92.192	50
92.096	92.192	53
92.096	92.192	62
92.096	92.192	65
92.096	92.192	74
92.256	92.384	61
92.256	92.384	73
92.448	92.608	37
92.448	92.608	49
92.448	92.608	60
92.64	92.8	50
92.64	92.8	59
92.832	92.928	47
92.832	92.928	56
92.832	92.928	65
92.832	92.96	62
93.024	93.12	56
93.024	93.12	65
93.024	93.152	73
93.024	93.184	61
93.056	93.152	49
93.152	93.248	49
93.152	93.28	60
93.216	93.408	50
93.216	93.408	59
93.632	93.728	68
93.632	93.728	74
93.632	93.728	77
93.632	93.76	59
93.792	93.92	77
93.824	93.92	73
93.952	94.08	77
93.984	94.08	68
93.984	94.112	61
94.016	94.112	72
94.144	94.272	68
94.144	94.272	77
94.176	94.304	71
94.208	94.336	62
94.336	94.432	77
94.336	94.464	68
94.368	94.464	59
94.56	94.72	68
94.56	94.72	77
94.592	94.72	60
94.688	94.784	61
94.688	94.784	72
94.784	94.944	71
94.848	94.944	62
95.136	95.232	71
95.136	95.232	80
95.136	95.264	62
95.136	95.264	77
95.328	95.424	71
95.328	95.424	80
95.328	95.456	63
95.488	95.584	71
95.488	95.584	80
95.52	95.584	75
95.52	95.616	64
95.68	95.744	74
95.68	95.776	71
95.68	95.776	80
95.84	95.872	64
95.84	95.968	80
95.84	96.0	65
96.032	96.128	83
96.032	96.16	78
96.064	96.224	66
96.16	96.288	78
96.192	96.288	67
96.224	96.352	77
96.256	96.32	68
96.416	96.512	83
96.416	96.544	77
96.416	96.544	86
96.448	96.576	68
96.608	96.736	70
96.704	96.864	71
96.736	96.896	80
96.8	96.832	87
96.8	96.864	89
96.928	97.056	85
97.088	97.184	74
97.088	97.216	83
97.12	97.152	64
97.12	97.216	92
97.216	97.344	75
97.408	97.504	92
97.472	97.696	95
97.568	97.664	78
97.632	97.792	91
97.664	97.76	79
97.76	97.952	79
97.76	98.016	80
98.112	98.144	95
98.112	98.176	70
98.112	98.464	80
98.112	98.464	89
98.336	98.368	82
98.464	98.496	70
98.464	98.688	83
98.464	98.72	89
98.464	98.816	80
98.592	98.88	81
98.688	98.976	83
98.816	99.072	89
98.816	99.168	80
98.88	99.04	81
98.944	99.072	82
99.04	99.168	83
99.104	99.168	92
99.168	99.2	98
99.168	99.264	67
99.168	99.456	95
99.264	99.456	94
99.456	99.488	99
99.52	99.552	98
99.52	99.648	95
99.584	99.712	91
99.712	99.808	92
99.712	99.84	95
99.776	99.904	96
99.84	100.032	95
99.872	100.0	91
99.968	100.032	94
99.968	100.064	92
100.032	100.224	95
100.064	100.128	89
100.096	100.224	93
100.128	100.256	87
100.192	100.352	92
100.224	100.384	89
100.32	100.384	88
100.352	100.512	92
100.384	100.48	89
100.416	100.576	87
100.448	100.576	90
100.544	100.64	86
100.544	100.736	89
100.64	100.704	82
100.64	100.896	88
100.672	100.896	83
100.736	100.928	89
100.768	100.896	87
100.896	101.12	86
100.896	101.248	83
100.992	101.248	79
101.12	101.28	84
101.12	101.312	86
101.248	101.408	77
101.248	101.472	83
101.248	101.568	80
101.248	101.664	79
101.408	101.952	77
101.472	101.504	78
101.472	101.984	83
101.536	101.856	75
101.536	101.984	81
101.664	101.984	79
101.76	101.952	80
101.824	102.016	78
101.856	101.984	75
101.952	102.112	80
101.952	102.336	77
102.112	102.272	80
102.112	102.304	74
102.24	102.336	73
102.272	102.432	80
102.304	102.4	74
102.4	102.56	73
102.464	102.592	80
102.464	102.656	77
102.56	102.72	73
102.656	102.752	80
102.656	102.784	77
102.752	102.848	76
102.752	102.944	73
102.816	103.008	77
102.848	102.944	80
102.944	103.072	73
103.008	103.104	80
103.008	103.2	77
103.104	103.264	73
103.2	103.264	77
103.2	103.296	80
103.328	103.488	73
103.424	103.808	80
103.424	103.84	74
103.584	103.808	78
103.712	103.904	77
103.808	104.064	78
103.904	104.448	77
104.064	104.384	78
104.384	104.736	78
104.448	104.672	77
104.672	104.96	77
104.896	105.088	78
104.96	105.152	77
105.12	105.216	78
105.248	105.536	70
105.28	105.472	67
105.376	105.632	62
105.44	105.664	78
105.536	105.728	68
105.6	105.952	61
105.664	105.824	78
105.792	105.824	73
105.824	105.952	78
106.016	106.208	70
106.016	106.304	56
106.176	106.304	71
106.176	106.304	78
106.208	106.336	74
106.304	106.4	73
106.4	106.464	64
106.4	106.496	78
106.496	106.592	76
106.496	106.624	85
106.592	106.688	73
106.688	106.784	64
106.72	106.784	83
106.72	106.816	52
106.72	107.04	57
106.912	106.976	81
106.912	107.072	78
106.944	107.04	73
107.072	107.136	64
107.072	107.2	81
107.072	107.36	59
107.072	107.424	52
107.232	107.456	80
107.424	107.488	55
107.424	107.52	56
107.424	107.52	64
107.424	107.52	79
107.52	107.616	71
107.52	107.616	78
107.52	107.776	56
107.616	107.744	77
107.776	107.84	71
107.776	108.096	76
107.776	108.16	64
107.808	108.16	57
108.032	108.16	78
108.16	108.416	70
108.192	108.416	67
108.32	108.448	76
108.384	108.48	78
108.416	108.48	71
108.448	108.576	68
108.512	108.8	61
108.544	108.768	78
108.64	108.8	76
108.704	108.8	73
108.768	108.864	78
108.896	109.152	70
108.896	109.184	56
108.96	109.12	78
109.088	109.216	71
109.12	109.184	74
109.12	109.248	78
109.248	109.312	76
109.312	109.344	64
109.312	109.44	78
109.408	109.504	76
109.408	109.504	85
109.504	109.632	78
109.6	109.664	64
109.6	109.76	83
109.632	109.696	52
109.632	109.92	57
109.696	109.76	78
109.792	109.888	81
109.952	110.048	64
109.952	110.08	81
109.952	110.176	59
109.952	110.304	52
110.048	110.176	76
110.144	110.304	80
110.304	110.432	64
110.336	110.432	56
110.336	110.464	79
110.432	110.528	78
110.432	110.688	56
110.528	110.624	77
110.624	110.72	71
110.688	111.072	64
110.72	111.04	57
110.72	111.04	76
111.008	111.136	80
111.104	111.328	72
111.104	111.328	75
111.104	111.456	67
111.232	111.328	81
111.296	111.424	73
111.296	111.456	82
111.392	111.52	76
111.488	111.744	65
111.52	111.712	73
111.52	111.712	82
111.616	111.744	77
111.616	111.744	81
111.712	111.84	82
111.808	111.968	75
111.808	112.0	78
111.808	112.096	61
111.968	112.128	79
112.064	112.192	82
112.16	112.224	81
112.192	112.288	77
112.224	112.32	69
112.352	112.416	81
112.352	112.512	89
112.384	112.512	77
112.512	112.64	69
112.544	112.64	81
112.608	112.736	77
112.608	112.8	62
112.704	112.8	81
112.704	112.8	86
112.864	112.96	86
112.896	112.96	57
112.896	112.96	79
112.96	112.992	64
112.96	113.056	57
112.96	113.12	81
113.056	113.216	85
113.056	113.248	79
113.056	113.312	57
113.216	113.312	81
113.248	113.44	79
113.28	113.408	84
113.376	113.472	83
113.44	113.568	82
113.44	113.6	79
113.632	113.76	77
113.632	114.016	81
113.728	114.144	62
113.76	114.016	77
113.856	114.016	82
113.984	114.272	75
114.016	114.208	81
114.016	114.272	67
114.208	114.336	82
114.336	114.432	76
114.336	114.592	81
114.4	114.752	65
114.496	114.688	77
114.592	114.752	82
114.72	114.88	75
114.72	114.88	78
114.72	115.04	61
114.88	115.072	79
114.944	115.072	82
115.072	115.2	77
115.136	115.232	69
115.168	115.264	82
115.232	115.296	81
115.264	115.392	89
115.296	115.424	77
115.36	115.424	82
115.424	115.552	69
115.456	115.552	81
115.52	115.648	77
115.52	115.712	62
115.616	115.712	81
115.616	115.712	86
115.776	115.84	77
115.776	115.872	86
115.808	115.872	57
115.808	115.904	79
115.872	115.968	64
115.872	116.0	81
115.872	116.288	57
115.968	116.128	79
115.968	116.192	85
116.096	116.224	81
116.128	116.352	79
116.192	116.352	84
116.192	116.64	61
116.288	116.384	83
116.352	116.544	79
116.352	116.544	82
116.512	116.704	77
116.512	116.832	81
116.608	116.96	62
116.704	116.896	77
116.896	117.056	77
116.896	117.248	60
117.056	117.216	77
117.216	117.376	87
117.216	117.408	77
117.312	117.376	46
117.344	117.536	85
117.408	117.568	87
117.408	117.632	77
117.504	117.632	86
117.632	117.792	48
117.632	118.016	75
117.632	118.08	63
117.76	117.792	83
117.792	117.984	86
117.888	118.048	81
117.984	118.112	84
118.048	118.208	50
118.048	118.208	81
118.08	118.208	77
118.176	118.304	84
118.272	118.432	77
118.304	118.432	82
118.4	118.496	78
118.4	118.56	83
118.4	118.752	66
118.4	119.104	51
118.496	118.688	78
118.496	118.752	80
118.56	118.72	83
118.688	119.072	78
118.848	119.04	79
119.008	119.136	81
119.168	119.52	54
119.168	119.552	63
119.264	119.424	77
119.296	119.424	69
119.36	119.552	80
119.52	119.584	54
119.52	119.616	78
119.648	119.936	75
119.776	119.936	71
119.776	119.936	78
119.968	120.096	76
120.032	120.288	66
120.032	120.384	57
120.256	120.384	75
120.352	120.448	56
120.352	120.48	78
120.448	120.704	75
120.544	120.704	78
120.608	120.704	71
120.736	120.832	76
120.832	121.024	74
120.832	121.088	66
120.992	121.12	76
121.12	121.312	78
121.152	121.216	71
121.248	121.344	74
121.312	121.408	78
121.44	121.568	77
121.536	121.856	68
121.536	121.856	71
121.568	121.856	78
121.824	121.92	62
121.856	121.952	78
121.92	122.208	69
121.92	122.208	73
122.016	122.272	78
122.112	122.24	61
122.112	122.24	76
122.176	122.272	66
122.304	122.528	68
122.304	122.56	74
122.4	122.56	66
122.496	122.592	59
122.528	122.72	78
122.592	122.912	57
122.72	122.848	78
122.784	122.848	63
122.816	122.912	64
122.912	123.008	78
123.008	123.136	49
123.04	123.136	83
123.136	123.232	66
123.2	123.296	64
123.2	123.296	81
123.36	123.456	81
123.36	123.52	40
123.456	123.616	76
123.488	123.584	63
123.552	123.68	64
123.552	123.68	80
123.744	123.872	79
123.744	123.936	44
123.84	123.936	71
123.84	123.968	78
123.936	124.032	64
123.936	124.032	77
124.096	124.384	76
124.096	124.416	45
124.192	124.352	63
124.288	124.416	64
124.352	124.48	78
124.448	124.736	68
124.448	124.736	71
124.544	124.8	78
124.704	124.8	76
124.736	124.8	90
124.832	124.96	69
124.832	125.12	73
124.896	125.12	78
125.024	125.152	61
125.088	125.152	66
125.184	125.344	68
125.184	125.344	74
125.28	125.44	64
125.28	125.472	66
125.376	125.504	59
125.44	125.568	78
125.536	125.76	57
125.632	125.76	78
125.664	125.76	63
125.728	125.76	66
125.728	125.824	64
125.728	125.824	85
125.824	125.92	78
125.92	126.048	49
125.92	126.048	83
126.048	126.144	66
126.112	126.208	64
126.112	126.208	81
126.24	126.368	81
126.272	126.432	40
126.336	126.432	76
126.4	126.464	63
126.432	126.56	80
126.464	126.56	64
126.624	126.72	44
126.624	126.752	79
126.72	126.816	44
126.72	126.848	71
126.72	126.848	78
126.816	126.912	64
126.816	126.944	77
127.008	127.168	76
127.008	127.328	45
127.104	127.232	63
127.168	127.296	64
127.36	127.456	73
127.36	127.488	76
127.456	127.584	73
127.456	127.68	82
127.552	127.68	67
127.744	128.0	74
127.744	128.0	77
127.84	127.968	82
127.84	128.064	81
127.936	128.032	65
128.0	128.096	70
128.096	128.352	79
128.16	128.288	73
128.16	128.448	70
128.352	128.448	79
128.352	128.512	82
128.48	128.8	62
128.512	128.736	77
128.608	128.768	69
128.64	128.736	81
128.736	128.832	77
128.832	128.928	53
128.832	128.928	81
128.864	128.928	88
128.928	128.96	82
128.992	129.12	69
128.992	129.12	81
128.992	129.12	86
129.152	129.28	86
129.184	129.28	79
129.184	129.344	45
129.248	129.376	81
129.344	129.504	79
129.376	129.504	69
129.504	129.6	81
129.504	129.696	79
129.568	129.696	84
129.568	129.728	49
129.664	129.792	83
129.76	129.856	69
129.76	129.888	79
129.76	129.888	82
129.92	130.144	62
129.92	130.208	77
129.92	130.24	50
129.92	130.24	81
130.08	130.24	69
130.208	130.272	82
130.272	130.368	76
130.272	130.4	81
130.304	130.368	73
130.368	130.496	73
130.368	130.624	82
130.464	130.592	67
130.528	130.624	81
130.656	130.912	77
130.688	130.944	74
130.752	130.976	81
130.848	130.976	65
130.912	131.04	70
131.008	131.264	79
131.04	131.136	73
131.104	131.36	70
131.264	131.36	79
131.264	131.424	82
131.392	131.712	62
131.424	131.648	77
131.488	131.584	82
131.552	131.712	69
131.552	131.744	81
131.648	131.744	77
131.744	131.872	53
131.744	131.872	81
131.776	131.84	88
131.904	132.064	69
131.936	132.032	81
131.936	132.032	86
131.968	132.032	77
132.096	132.128	33
132.096	132.192	86
132.096	132.224	45
132.096	132.224	79
132.192	132.288	81
132.256	132.448	79
132.288	132.448	69
132.416	132.512	81
132.448	132.608	79
132.48	132.608	84
132.48	132.64	49
132.576	132.704	83
132.672	132.768	69
132.672	132.768	70
132.672	132.8	81
132.672	132.864	79
132.832	132.992	77
132.832	133.056	62
132.832	133.152	81
132.832	133.184	50
132.992	133.12	77
133.152	133.184	86
133.216	133.504	77
133.216	133.92	41
133.248	133.44	89
133.344	133.6	81
133.376	133.504	84
133.44	133.664	75
133.504	133.6	42
133.504	133.664	87
133.632	133.888	73
133.632	133.888	85
133.696	133.888	54
133.696	133.92	77
133.728	133.92	82
133.824	134.016	53
133.824	134.016	74
133.888	134.08	86
133.888	134.112	54
134.016	134.144	68
134.016	134.24	80
134.016	134.336	53
134.016	134.432	41
134.112	134.208	66
134.112	134.208	72
134.112	134.304	75
134.24	134.336	69
134.272	134.432	66
134.304	134.432	81
134.4	134.528	77
134.4	134.624	72
134.4	134.656	65
134.432	134.624	84
134.528	134.656	67
134.528	134.656	74
134.528	134.656	77
134.624	134.752	70
134.688	134.848	82
134.816	135.008	41
134.816	135.072	77
134.912	135.104	81
134.944	135.072	84
135.008	135.232	75
135.008	135.424	41
135.104	135.168	42
135.104	135.232	87
135.2	135.424	85
135.232	135.488	73
135.296	135.488	54
135.296	135.488	77
135.392	135.584	74
135.392	135.616	53
135.488	135.648	86
135.488	135.712	54
135.584	135.744	68
135.584	135.808	80
135.584	135.968	41
135.616	135.968	53
135.712	135.808	66
135.712	135.808	72
135.712	135.872	75
135.808	135.936	69
135.872	136.0	81
135.872	136.032	66
136.0	136.128	72
136.0	136.16	84
136.096	136.256	67
136.096	136.256	74
136.096	136.256	77
136.192	136.352	70
136.288	136.384	82
136.384	136.544	94
136.384	136.672	82
136.512	136.576	47
136.512	136.608	58
136.512	136.64	89
136.512	136.672	86
136.608	136.704	58
136.608	136.8	80
136.672	136.8	47
136.672	136.864	92
136.768	136.864	77
136.768	136.864	89
136.8	136.96	58
136.864	137.056	87
136.896	137.024	82
136.96	137.12	79
136.96	137.152	58
137.056	137.184	78
137.056	137.184	90
137.152	137.248	85
137.152	137.28	70
137.152	137.312	73
137.152	137.44	58
137.248	137.376	71
137.248	137.472	77
137.248	137.472	80
137.344	137.44	70
137.44	137.536	70
137.44	137.568	71
137.44	137.568	86
137.44	137.792	58
137.536	137.792	70
137.568	137.696	77
137.664	137.792	78
137.664	137.792	82
137.76	137.856	75
137.824	137.92	87
137.952	138.08	53
137.952	138.144	58
137.952	138.176	82
137.952	138.24	94
138.048	138.176	47
138.048	138.176	86
138.048	138.176	89
138.144	138.368	80
138.208	138.336	47
138.208	138.4	92
138.336	138.432	89
138.336	138.464	77
138.336	138.528	58
138.432	138.624	87
138.496	138.72	78
138.528	138.656	59
138.528	138.72	58
138.624	138.752	90
138.72	138.816	85
138.72	138.848	73
138.72	138.912	70
138.72	139.232	58
138.816	138.912	77
138.816	138.944	71
138.816	139.072	80
138.912	138.976	74
138.912	139.104	70
138.976	139.072	86
139.008	139.104	71
139.104	139.2	89
139.104	139.232	77
139.104	139.36	70
139.2	139.36	78
139.2	139.36	82
139.296	139.392	75
139.392	139.488	87
139.488	139.68	85
139.488	139.712	97
139.584	139.776	90
139.68	139.776	42
139.68	139.808	54
139.776	139.904	97
139.872	139.968	100
139.872	140.0	88
139.872	140.128	47
139.872	140.16	59
139.968	140.064	90
140.064	140.192	42
140.064	140.192	54
140.064	140.256	87
140.096	140.16	99
140.16	140.288	99
140.256	140.352	93
140.256	140.416	49
140.256	140.448	81
140.288	140.384	37
140.352	140.576	90
140.384	140.48	88
140.448	140.576	42
140.448	140.608	54
140.544	140.64	94
140.64	140.736	51
140.64	140.736	85
140.64	140.736	97
140.64	140.992	39
140.736	140.896	87
140.736	140.896	90
140.736	140.96	51
140.832	140.96	42
140.832	140.992	54
140.864	140.992	83
140.96	141.024	95
141.024	141.472	40
141.024	141.472	52
141.056	141.12	91
141.152	141.248	94
141.248	141.376	55
141.44	141.536	49
141.44	141.536	58
141.536	141.632	91
141.536	141.664	49
141.536	141.856	58
141.632	141.76	57
141.632	141.792	52
141.632	141.856	61
141.728	141.76	91
141.824	142.016	67
141.824	142.016	90
141.824	142.144	64
141.824	142.176	55
141.92	142.048	88
141.952	142.272	79
142.016	142.176	67
142.016	142.24	58
142.144	142.176	88
142.208	142.528	61
142.208	142.528	70
142.4	142.56	64
142.4	142.56	73
142.592	142.752	79
142.592	142.816	76
142.592	142.848	84
142.72	142.848	81
142.752	142.912	79
142.784	142.912	64
142.88	142.976	73
142.976	143.136	81
142.976	143.2	73
143.104	143.232	78
143.104	143.296	70
143.2	143.328	61
143.2	143.328	81
143.296	143.392	70
143.296	143.424	79
143.392	143.584	77
143.392	143.648	70
143.52	143.648	67
143.584	143.744	77
143.616	143.776	58
143.744	144.0	67
143.808	143.84	76
143.872	144.288	79
143.968	144.288	62
144.0	144.288	65
144.064	144.288	70
144.192	144.32	77
144.288	144.64	74
144.288	144.736	53
144.416	144.736	65
144.448	144.704	68
144.608	144.736	75
144.736	145.088	74
144.768	144.992	70
144.832	145.088	67
144.96	145.088	64
145.056	145.184	72
145.152	145.28	63
145.152	145.504	67
145.248	145.376	41
145.28	145.472	40
145.376	145.536	63
145.568	145.728	79
145.568	145.76	41
145.6	145.664	53
145.696	145.984	65
145.792	145.984	41
145.792	146.016	70
145.888	145.984	77
145.984	146.208	41
145.984	146.368	74
145.984	146.4	53
146.112	146.432	65
146.144	146.4	68
146.304	146.464	75
146.432	146.784	74
146.464	146.72	70
146.528	146.784	67
146.624	146.816	64
146.752	146.912	72
146.848	147.072	63
146.848	147.072	67
146.944	147.072	41
147.072	147.264	63
147.2	147.616	41
147.296	147.392	72
147.392	147.648	65
147.488	147.648	62
147.584	147.744	70
147.616	148.576	41
147.712	147.808	50
147.712	148.032	38
147.712	148.224	67
147.808	148.0	62
147.808	148.16	50
148.0	148.192	62
148.128	148.16	55
148.352	148.48	55
148.448	148.608	63
148.544	148.736	51
148.544	148.96	60
148.64	148.832	41
148.736	149.024	51
148.832	149.024	41
148.96	149.184	50
148.992	149.056	58
149.184	149.312	50
149.216	149.312	53
149.376	149.504	62
149.408	149.472	65
149.408	149.504	53
149.568	149.696	65
149.568	149.728	62
149.76	149.888	65
149.76	149.92	62
149.76	149.92	70
149.952	150.016	53
149.952	150.048	65
149.952	150.08	62
150.144	150.304	58
150.144	150.368	53
150.144	150.4	62
150.272	150.4	71
150.4	150.56	70
150.528	150.752	32
150.528	150.848	44
150.752	150.88	70
150.752	150.88	77
150.944	151.04	53
150.944	151.04	65
150.944	151.072	70
151.104	151.232	58
151.104	151.232	62
151.104	151.232	70
151.296	151.424	62
151.296	151.424	65
151.296	151.424	70
151.488	151.584	65
151.488	151.616	53
151.488	151.616	70
151.52	151.584	77
151.712	151.904	53
151.712	151.904	62
151.712	151.904	65
151.712	151.904	70
151.84	151.936	75
152.096	152.128	68
152.32	152.416	61
152.32	152.448	70
152.512	152.576	61
152.512	152.64	73
152.512	152.64	80
152.672	152.768	70
152.672	152.832	79
152.704	152.8	73
152.864	152.896	42
152.864	152.896	61
152.864	152.96	54
152.864	152.96	64
152.864	152.992	70
152.864	152.992	78
152.896	152.96	73
153.056	153.152	70
153.056	153.184	73
153.248	153.312	64
153.248	153.376	61
153.248	153.472	70
153.376	153.504	79
153.472	153.568	78
153.664	153.76	40
153.856	154.016	78
153.888	153.984	63
153.888	154.048	66
154.08	154.112	57
154.08	154.176	63
154.112	154.144	77
154.24	154.272	65
154.272	154.368	57
154.272	154.368	63
154.464	154.592	57
154.464	154.592	63
154.464	154.592	69
154.464	154.592	72
154.464	154.592	75
154.656	154.752	63
154.656	154.784	69
154.656	154.784	72
154.688	154.784	65
154.912	155.136	63
154.912	155.136	69
154.912	155.136	79
155.04	155.168	78
155.136	155.232	77
155.328	155.392	31
155.552	155.712	74
155.744	155.904	53
155.744	155.904	72
155.904	156.032	65
155.904	156.064	62
155.936	156.032	71
156.064	156.096	66
156.096	156.288	62
156.128	156.256	70
156.16	156.256	67
156.256	156.448	58
156.288	156.448	62
156.352	156.448	66
156.48	156.608	62
156.48	156.704	53
156.544	156.64	72
156.608	156.736	62
156.608	156.736	71
156.736	156.896	70
156.896	156.928	31
156.896	157.28	44
156.896	157.44	32
157.12	157.248	65
157.12	157.248	70
157.12	157.248	77
157.216	157.344	71
157.344	157.44	76
157.344	157.472	56
157.472	157.6	75
157.568	157.696	71
157.632	157.792	56
157.696	157.76	74
157.696	157.824	70
157.696	157.856	65
157.856	157.984	65
157.856	157.984	77
157.952	158.048	71
158.048	158.304	65
158.08	158.272	56
158.08	158.272	70
158.176	158.304	75
158.272	158.4	74
158.464	158.72	42
158.656	158.816	70
158.656	158.848	61
158.656	158.912	73
158.816	158.88	64
158.816	159.072	70
158.848	158.944	61
158.848	159.072	80
158.944	159.072	61
158.944	159.072	79
159.04	159.168	78
159.232	159.36	68
159.232	159.488	59
159.232	159.552	47
159.264	159.328	66
159.392	159.584	78
159.424	159.552	75
159.552	159.616	69
159.584	159.808	78
159.616	159.808	66
159.616	159.84	63
159.776	159.84	84
159.84	159.904	83
160.0	160.352	41
160.192	160.32	65
160.192	160.352	53
160.192	160.352	87
160.224	160.352	84
160.384	160.512	54
160.384	160.512	87
160.384	160.608	84
160.48	160.608	53
160.608	160.768	54
160.608	160.768	84
160.608	160.768	87
160.768	160.896	87
160.768	160.928	84
160.8	160.992	56
160.928	161.056	55
160.992	161.184	84
161.024	161.088	89
161.024	161.152	69
161.024	161.248	57
161.184	161.344	84
161.216	161.472	58
161.376	161.536	87
161.376	161.568	84
161.408	161.536	81
161.472	161.568	58
161.568	161.76	78
161.568	161.76	81
161.568	161.76	86
161.568	161.792	59
161.76	161.888	61
161.76	161.952	78
161.76	161.952	81
161.952	162.112	78
161.952	162.112	81
161.952	162.112	84
161.952	162.144	62
162.048	162.144	61
162.112	162.272	78
162.144	162.272	63
162.176	162.496	83
162.24	162.464	62
162.336	162.464	64
162.336	162.496	75
162.336	162.496	78
162.432	162.528	63
162.496	162.688	75
162.528	162.688	65
162.528	162.752	81
162.624	162.688	64
162.72	162.848	66
162.72	162.848	80
162.72	162.88	75
162.72	162.944	72
162.816	162.944	65
162.912	163.04	75
162.912	163.072	67
162.912	163.072	79
162.944	163.04	72
163.008	163.2	66
163.104	163.232	68
163.104	163.232	72
163.104	163.264	75
163.104	163.296	78
163.2	163.424	67
163.296	163.456	72
163.296	163.52	77
163.328	163.456	75
163.328	163.488	69
163.424	163.52	68
163.52	163.648	75
163.52	163.68	70
163.52	163.744	79
163.616	163.744	69
163.712	163.84	72
163.712	163.84	75
163.712	163.84	77
163.808	163.936	69
163.904	164.096	75
163.904	164.096	78
163.904	164.128	68
164.032	164.128	71
164.096	164.256	69
164.096	164.288	75
164.096	164.352	77
164.192	164.448	72
164.288	164.512	78
164.288	164.576	68
164.288	164.64	75
164.448	164.544	71
164.48	164.704	77
164.512	164.64	69
164.608	164.704	72
164.672	164.896	78
164.704	164.864	75
164.704	164.928	68
164.768	164.96	71
164.864	165.088	75
164.864	165.152	77
164.896	165.088	69
164.992	165.056	72
165.088	165.184	79
165.088	165.472	75
165.184	165.44	71
165.184	165.472	79
165.28	165.504	77
165.376	165.472	69
165.376	165.472	72
165.472	165.696	75
165.472	165.888	79
165.472	166.368	68
165.568	165.792	71
165.664	165.92	77
165.696	165.856	69
165.696	165.888	75
165.76	165.888	72
165.888	166.176	75
165.888	166.4	79
165.984	166.336	71
166.08	166.336	77
166.176	166.336	69
166.176	166.4	75
166.24	166.4	72
166.368	166.528	77
166.464	166.688	70
167.008	167.136	63
167.072	167.232	62
167.232	167.36	64
167.296	168.288	50
167.328	167.648	56
167.392	167.52	66
167.552	167.648	65
167.584	167.744	67
167.68	167.84	68
167.776	167.872	69
167.84	168.0	68
167.968	168.096	70
168.064	168.224	71
168.16	168.288	72
168.224	168.384	71
168.256	168.384	62
168.352	168.48	73
168.448	168.576	53
168.448	168.576	61
168.448	168.768	56
168.544	168.672	75
168.608	168.736	74
168.608	168.768	60
168.736	168.864	76
168.8	168.896	77
168.8	168.928	55
168.8	168.992	59
168.8	169.12	50
168.928	168.96	78
168.96	169.12	77
168.992	169.12	62
169.088	169.216	79
169.184	169.216	80
169.184	169.248	52
169.184	169.312	61
169.184	169.536	55
169.312	169.408	60
169.312	169.408	81
169.376	169.504	80
169.376	169.536	59
169.472	169.632	83
169.568	169.728	86
169.568	169.792	50
169.6	169.76	57
169.6	169.76	62
169.664	169.728	87
169.728	169.824	86
169.856	169.984	89
169.952	170.112	90
170.016	170.112	91
170.112	170.208	90
170.208	170.368	92
170.304	170.432	93
170.4	170.528	94
170.496	170.624	93
170.592	170.72	97
170.688	170.784	98
170.784	170.944	97
170.848	171.008	98
170.944	171.104	97
171.072	171.232	55
171.072	171.264	99
171.072	171.296	63
171.232	171.328	96
171.36	171.456	94
171.456	171.616	93
171.52	171.648	91
171.616	171.744	92
171.744	171.808	90
171.808	172.0	89
171.904	172.064	41
171.936	172.032	88
172.0	172.128	89
172.096	172.224	87
172.192	172.32	86
172.288	172.48	85
172.384	172.544	84
172.48	172.608	83
172.576	172.672	46
172.576	172.704	62
172.576	172.736	82
172.96	172.992	26
172.96	173.12	38
173.056	173.248	39
173.12	173.376	38
173.248	173.408	40
173.376	173.536	41
173.376	173.632	62
173.376	173.696	56
173.536	173.728	41
173.632	173.856	43
173.824	173.984	45
173.952	174.048	56
173.952	174.144	44
174.016	174.144	46
174.112	174.24	47
174.208	174.336	48
174.208	174.336	60
174.304	174.432	47
174.304	174.432	86
174.304	174.464	80
174.336	174.432	59
174.336	174.432	77
174.4	174.528	49
174.464	174.592	77
174.464	174.592	80
174.496	174.56	50
174.56	174.72	51
174.656	174.816	50
174.656	174.816	77
174.656	174.848	80
174.688	174.816	84
174.784	174.912	52
174.848	175.072	80
174.88	175.104	83
174.944	175.104	54
175.04	175.168	53
175.04	175.168	86
175.168	175.296	55
175.264	175.296	57
175.264	175.36	77
175.264	175.392	85
175.36	175.456	84
175.36	175.488	57
175.456	175.584	56
175.456	175.616	83
175.52	175.616	59
175.616	176.032	50
175.648	175.712	62
175.712	175.84	63
175.808	175.968	62
175.936	176.064	65
176.0	176.096	66
176.096	176.224	67
176.16	176.32	66
176.288	176.448	68
176.48	176.608	70
176.576	176.672	69
176.672	176.768	73
176.736	176.832	74
176.8	176.928	73
176.928	177.056	74
177.024	177.152	73
177.152	177.248	72
177.152	177.44	60
177.216	177.344	71
177.344	177.44	72
177.408	177.568	70
177.536	177.632	69
177.6	177.728	67
177.696	177.824	68
177.792	177.92	66
177.888	178.144	53
177.984	178.08	64
178.112	178.208	65
178.144	178.272	63
178.272	178.368	62
178.336	178.464	61
178.432	178.56	60
178.528	178.656	59
178.624	178.752	46
178.624	178.752	58
178.816	178.912	58
178.816	178.944	50
179.008	179.04	60
179.008	179.104	48
179.008	179.136	54
179.072	179.168	62
179.2	179.264	47
179.2	179.296	55
179.36	179.488	54
179.392	179.52	46
179.456	179.52	62
179.552	179.712	50
179.584	179.68	53
179.744	179.872	48
179.744	179.936	54
179.744	179.968	58
179.84	179.968	47
179.968	180.064	55
180.096	180.32	54
180.128	180.288	57
180.128	180.288	63
180.384	180.512	87
180.384	180.576	81
180.384	180.608	78
180.512	180.608	84
180.576	180.768	71
180.576	180.768	80
180.608	180.736	74
180.672	180.8	77
180.736	180.832	75
180.736	180.832	81
180.736	180.864	72
180.832	180.96	78
180.896	181.152	68
180.96	181.184	71
181.024	181.056	75
181.088	181.44	69
181.088	181.504	66
181.216	181.28	44
181.216	181.28	56
181.216	181.472	68
181.248	181.44	59
181.408	181.504	60
181.408	181.536	63
181.504	181.568	78
181.568	181.888	41
181.6	181.856	70
181.824	181.92	50
182.016	182.112	60
182.016	182.144	54
182.016	182.176	48
182.08	182.176	62
182.208	182.304	59
182.208	182.336	47
182.208	182.336	55
182.304	182.368	62
182.368	182.528	54
182.4	182.496	46
182.4	182.496	58
182.592	182.688	53
182.592	182.784	50
182.624	182.688	62
182.752	182.912	54
182.752	182.912	60
182.752	182.944	48
182.848	182.976	62
182.976	183.072	55
183.072	183.296	54
183.136	183.296	63
183.2	183.296	57
183.392	183.552	81
183.424	183.52	87
183.424	183.616	78
183.52	183.648	84
183.584	183.776	80
183.616	183.712	74
183.616	183.776	71
183.68	183.808	77
183.744	183.872	75
183.744	183.872	81
183.84	184.0	78
183.904	184.064	68
183.968	184.192	71
183.968	184.224	65
184.032	184.256	75
184.064	184.32	69
184.128	184.48	72
184.16	184.384	68
184.192	184.576	59
184.32	184.544	69
184.384	184.544	63
184.448	184.576	78
184.544	184.672	57
184.544	184.704	51
184.544	184.736	66
184.672	184.768	57
184.832	185.056	84
184.832	185.184	81
184.896	185.024	87
184.992	185.216	77
184.992	185.216	83
185.056	185.216	80
185.12	185.28	78
185.152	185.248	75
185.184	185.376	81
185.248	185.44	77
185.28	185.472	70
185.312	185.472	68
185.344	185.472	74
185.408	185.632	78
185.44	185.632	72
185.472	185.632	69
185.504	185.792	75
185.6	185.856	71
185.6	185.92	65
185.632	185.92	68
185.696	185.952	72
185.792	185.952	63
185.792	185.952	66
185.856	186.08	81
185.952	186.08	54
185.952	186.08	60
185.952	186.08	63
186.208	186.336	87
186.24	186.272	65
186.24	186.304	84
186.304	186.4	84
186.304	186.4	90
186.368	186.624	80
186.368	186.624	86
186.4	186.592	77
186.464	186.624	83
186.496	186.624	87
186.528	187.008	81
186.56	187.168	78
186.592	186.752	84
186.656	186.88	90
186.688	186.816	96
186.72	186.88	87
186.816	187.104	83
186.816	187.136	80
186.912	187.168	86
186.944	187.136	90
187.008	187.2	84
187.008	187.232	81
187.136	187.232	71
187.136	187.264	90
187.232	187.264	96
187.296	187.424	92
187.296	187.456	83
187.296	187.456	86
187.392	187.488	89
187.424	187.488	93
187.456	187.552	87
187.456	187.584	84
187.456	187.584	90
187.616	187.808	80
187.616	187.808	83
187.712	187.936	84
187.872	188.224	80
187.904	188.096	83
188.16	188.256	84
188.224	188.512	80
188.224	188.512	83
188.384	188.608	84
188.48	188.608	81
188.576	188.736	82
188.576	188.768	86
188.832	189.216	98
188.928	189.312	94
189.024	189.248	89
189.28	189.536	78
189.44	189.856	74
189.536	189.952	78
189.792	189.984	90
189.856	190.016	94
189.92	190.144	98
190.208	190.72	86
190.304	190.944	78
190.496	190.912	74
190.624	191.008	70
190.784	191.008	66
190.88	191.36	62
190.912	190.944	65
191.008	191.328	66
191.008	191.36	70
191.168	191.36	78
191.264	191.36	82
191.328	191.456	86
191.52	191.808	74
191.616	191.776	66
191.616	192.16	70
191.744	192.288	65
191.968	192.576	53
192.064	194.464	62
192.288	192.704	66
192.544	192.608	78
192.672	192.704	82
192.704	193.088	86
192.896	193.024	90
192.928	192.96	98
192.992	193.248	89
193.088	193.408	86
193.216	193.504	90
193.216	193.504	98
193.312	193.504	89
193.312	193.664	94
193.408	193.728	86
193.504	193.76	89
193.504	193.984	98
193.664	193.792	90
193.664	193.952	94
193.728	194.048	86
193.76	193.952	89
193.792	193.952	70
193.952	194.272	94
193.952	194.368	89
193.952	194.432	70
193.984	194.144	90
194.048	194.336	86
194.048	194.496	82
194.144	194.464	98
194.272	194.368	90
194.272	194.624	94
194.336	194.496	86
194.368	194.528	89
194.592	194.752	77
194.592	194.88	86
194.592	194.944	70
194.688	194.976	94
194.72	194.912	101
195.296	195.52	46
195.392	195.52	53
