0.544	1.6	70
0.544	1.632	67
0.544	2.72	51
1.6	2.144	65
1.6	2.208	68
2.112	2.688	67
2.112	2.72	63
2.624	3.168	68
2.656	2.688	44
2.656	3.168	72
3.136	3.552	70
3.136	3.584	67
3.68	4.736	51
3.68	4.736	67
3.68	4.736	70
4.704	5.728	53
4.704	5.728	68
5.696	6.752	67
5.696	6.784	55
5.696	6.784	63
6.752	7.808	61
6.752	7.808	64
6.752	7.84	58
7.776	8.32	65
7.776	8.832	56
7.776	8.832	60
8.32	8.736	72
8.8	9.12	70
8.832	8.864	42
9.056	9.344	68
9.312	9.6	67
9.568	9.856	65
9.824	10.72	63
9.824	10.752	55
10.112	10.4	46
10.368	10.656	48
10.368	10.688	60
10.624	10.784	46
10.912	11.168	58
10.912	11.2	53
10.912	11.2	62
11.296	11.488	58
11.456	11.584	62
11.552	11.776	60
11.712	11.872	63
11.84	12.0	62
11.968	12.128	65
12.096	12.256	63
12.224	12.384	67
12.352	12.512	65
12.48	12.64	68
12.608	12.768	67
12.736	12.896	70
12.864	13.024	68
12.992	13.152	72
12.992	14.08	39
12.992	14.08	51
13.12	13.888	70
13.12	14.08	67
13.792	13.92	72
13.888	14.08	70
14.048	14.336	68
14.304	14.624	67
14.592	14.88	65
14.848	15.136	63
15.136	15.392	79
15.136	15.68	51
15.136	15.968	60
15.392	15.68	74
15.392	15.712	79
15.648	15.936	75
15.68	15.936	51
15.904	16.224	72
15.936	16.256	51
16.16	17.312	60
16.16	17.344	53
16.192	17.248	70
17.248	17.44	70
17.248	18.208	58
17.248	18.336	62
17.344	17.536	68
17.44	17.632	70
17.536	17.728	68
17.632	17.792	70
17.728	17.92	68
17.792	18.24	70
17.92	18.144	68
18.048	18.24	67
18.144	18.336	68
18.304	18.624	67
18.304	18.88	63
18.304	18.912	60
18.592	18.88	75
18.848	19.136	74
19.104	19.392	73
19.392	19.744	71
19.392	19.776	68
19.392	19.808	56
19.392	20.672	44
19.616	19.712	74
19.68	19.968	72
19.936	20.064	70
20.0	20.352	68
20.224	20.352	67
20.32	20.672	65
20.64	21.888	55
20.64	22.464	46
20.64	22.464	63
21.824	22.72	56
22.432	22.976	67
22.432	23.072	62
22.72	23.072	56
22.72	23.072	65
23.04	23.328	51
23.04	24.096	63
23.296	23.584	55
23.552	23.84	58
23.808	24.128	55
24.096	25.12	51
24.32	24.832	55
24.64	25.12	67
24.64	25.12	70
24.736	25.728	58
24.832	25.344	55
25.12	25.632	67
25.12	25.632	70
25.12	26.752	51
25.344	25.888	55
25.632	26.24	70
25.632	26.304	67
25.728	26.272	58
25.888	26.24	55
26.176	27.712	68
26.208	26.688	75
26.464	26.816	53
26.72	27.712	56
26.72	27.808	74
26.944	27.488	53
27.296	27.808	51
27.488	27.84	53
27.776	28.288	56
27.776	28.288	82
28.0	28.416	80
28.0	28.512	53
28.256	29.312	79
28.384	29.248	51
28.512	28.992	53
28.512	29.248	77
28.8	29.248	75
28.8	29.344	56
28.992	29.408	53
29.056	29.408	74
29.312	29.44	77
29.312	29.6	51
29.376	29.504	75
29.44	29.632	77
29.568	29.856	55
29.568	30.112	75
29.824	30.112	58
30.08	30.24	74
30.08	30.368	55
30.24	30.4	72
30.368	30.688	51
30.368	30.72	70
30.56	30.88	55
30.88	31.36	67
30.88	31.872	70
30.88	32.0	58
31.072	31.456	55
31.36	31.872	67
31.36	32.448	51
31.584	32.128	55
31.872	32.448	70
31.872	32.48	67
32.0	32.48	58
32.128	32.448	55
32.416	32.896	75
32.416	33.792	68
32.448	32.928	51
32.704	32.992	53
32.96	33.472	56
32.96	34.016	74
33.184	33.504	53
33.568	34.528	51
33.696	34.176	53
33.984	34.496	82
34.048	34.528	56
34.176	34.24	53
34.24	34.528	80
34.24	34.688	53
34.496	35.456	79
34.592	35.52	51
34.688	35.2	53
34.752	35.104	77
35.008	35.424	75
35.008	35.52	56
35.2	35.616	53
35.264	35.584	74
35.488	35.84	75
35.584	35.936	55
35.584	36.416	51
35.744	36.032	77
35.84	36.0	75
35.936	36.064	74
36.0	36.32	75
36.16	36.352	77
36.256	36.448	79
36.384	36.544	75
36.512	36.832	70
37.024	37.6	70
37.024	37.632	55
37.024	37.632	58
37.024	37.632	67
37.6	37.984	60
37.6	38.144	65
37.6	38.176	56
37.6	38.176	68
38.144	38.752	63
38.144	38.784	57
38.144	38.784	60
38.144	38.784	67
38.752	39.904	63
38.752	39.904	70
38.752	39.968	58
39.616	39.936	67
39.936	40.576	65
39.936	41.024	62
40.448	41.056	58
41.024	41.568	53
41.536	42.592	50
41.952	43.168	65
42.08	43.584	46
42.08	43.68	77
42.592	43.136	50
43.136	43.68	50
43.136	43.68	53
43.648	44.32	58
43.648	44.768	75
43.808	44.224	74
43.936	44.224	72
44.064	44.224	70
44.192	44.768	63
44.192	44.768	69
44.704	45.28	70
44.736	45.28	62
45.248	45.824	60
45.248	45.824	63
45.248	45.824	69
45.248	45.824	72
45.792	46.112	70
45.792	46.144	75
45.792	46.336	62
45.792	46.368	58
45.92	46.176	74
46.048	46.304	72
46.176	46.336	74
46.304	46.912	60
46.304	46.912	72
46.304	46.944	57
46.336	46.912	75
46.848	47.264	65
47.392	47.808	65
47.936	49.568	65
48.48	50.016	75
48.992	50.08	53
49.536	50.112	57
50.08	51.328	77
50.208	50.56	75
50.336	50.656	74
50.464	50.624	72
50.592	51.168	70
50.592	51.648	62
51.104	51.712	69
51.136	51.712	63
51.136	51.712	72
51.648	52.224	70
51.648	52.224	74
51.648	52.736	62
52.192	52.736	77
52.192	52.768	60
52.192	52.8	63
52.192	53.152	72
52.32	52.608	75
52.48	53.088	74
52.608	52.8	75
52.736	53.184	77
52.736	53.408	62
52.736	53.536	58
53.248	53.664	46
53.792	54.24	46
54.336	55.008	46
54.912	56.512	80
55.424	56.0	50
55.968	56.512	53
56.48	56.8	79
56.48	57.024	56
56.608	56.928	77
56.768	56.928	75
56.896	57.056	74
56.992	57.568	55
56.992	57.6	75
57.568	57.888	77
57.568	57.92	50
58.144	59.104	78
58.688	59.072	58
58.688	59.104	51
59.232	59.776	51
59.232	59.808	58
59.744	60.32	80
59.776	60.288	51
59.776	60.32	59
60.0	60.352	79
60.288	60.64	77
60.288	60.8	51
60.288	60.8	60
60.544	60.832	75
60.8	61.344	57
60.8	61.344	74
60.8	61.376	51
61.056	61.344	72
61.312	61.632	77
61.312	61.696	58
61.312	61.856	50
61.472	61.696	76
61.632	61.856	77
61.824	62.4	79
61.824	62.432	51
61.824	62.464	58
62.016	62.24	67
62.176	62.4	75
62.368	62.72	53
62.368	62.88	62
62.368	63.456	70
62.88	63.264	53
62.88	63.712	62
63.424	63.776	74
63.424	63.872	63
63.424	63.968	53
63.424	64.064	69
63.68	64.0	72
63.968	64.288	70
63.968	64.544	53
63.968	64.544	63
64.224	64.576	72
64.512	64.736	58
64.512	65.024	62
64.512	65.408	70
64.736	65.472	58
65.024	65.568	62
65.312	65.632	65
65.536	65.888	63
65.824	66.336	65
66.08	66.336	62
66.08	66.976	70
66.08	67.136	77
66.336	66.88	65
66.336	66.944	62
66.592	67.168	60
66.592	67.168	72
66.88	67.392	65
67.136	67.68	77
67.136	67.712	70
67.136	68.0	58
67.136	68.224	74
67.392	67.712	65
67.68	68.224	57
67.68	68.448	77
67.936	68.544	60
68.192	68.64	63
68.32	68.736	79
68.448	68.704	77
68.448	68.768	62
68.576	68.736	76
68.704	69.024	77
68.704	69.056	60
68.992	69.28	58
69.216	69.824	77
69.216	69.92	57
69.248	69.792	69
69.504	70.048	55
69.76	70.336	53
69.76	70.336	70
69.76	70.336	79
70.048	70.784	55
70.304	70.848	51
70.304	70.848	72
70.304	70.848	81
70.56	70.848	53
70.816	71.36	50
70.816	71.616	82
70.816	71.648	70
71.072	71.36	53
71.328	71.872	58
71.456	71.68	84
71.584	71.872	86
71.584	71.904	53
71.712	71.904	82
71.84	72.096	62
71.84	72.224	77
72.096	72.224	62
72.384	72.928	58
72.384	72.928	62
72.384	72.96	77
72.928	73.504	75
72.928	73.536	72
72.928	73.6	60
72.928	73.664	63
73.472	74.08	62
73.472	74.08	70
73.472	74.08	74
73.504	74.08	65
74.048	74.688	72
74.048	75.104	63
74.048	75.232	67
74.688	74.848	74
74.72	74.752	55
74.816	75.104	75
74.944	75.168	72
75.072	75.264	79
75.584	76.16	60
75.584	76.16	67
75.584	76.16	72
75.584	76.192	51
76.128	76.672	53
76.128	76.704	70
76.128	76.736	62
76.672	77.056	69
76.672	77.088	72
76.672	77.12	63
76.672	77.216	53
77.184	78.4	69
77.216	78.112	72
77.216	78.464	58
77.216	78.624	63
78.048	78.4	73
78.336	78.88	70
78.368	78.624	62
78.592	78.912	58
78.88	79.488	62
78.88	79.488	70
78.88	79.968	77
79.168	79.456	65
79.424	80.0	63
79.424	80.0	72
79.712	80.544	62
79.968	80.48	77
79.968	80.576	60
79.968	80.96	74
80.224	80.544	58
80.48	81.056	57
80.48	81.28	77
80.48	81.344	75
80.768	81.536	60
81.024	81.536	63
81.152	81.568	79
81.28	81.536	77
81.28	81.568	62
81.408	81.568	76
81.536	81.824	77
81.536	81.856	60
81.792	82.08	58
82.048	82.624	57
82.048	82.624	69
82.048	82.624	77
82.304	82.624	55
82.592	83.136	53
82.592	83.136	70
82.592	83.136	79
82.848	83.168	55
83.104	83.648	81
83.104	83.68	51
83.104	83.68	72
83.392	83.68	53
83.648	84.576	82
83.648	84.608	50
83.68	84.576	70
83.936	84.448	53
84.192	84.448	58
84.32	84.576	84
84.448	84.672	58
84.448	84.672	86
84.448	84.736	53
84.576	84.736	82
84.704	85.024	62
84.704	85.024	77
85.216	85.792	58
85.216	85.792	62
85.216	85.792	77
85.76	86.368	63
85.76	86.368	72
85.76	86.368	75
85.76	86.496	60
86.304	86.912	62
86.304	86.912	70
86.336	86.912	65
86.88	87.008	71
86.88	87.424	67
86.88	87.488	63
87.04	87.2	72
87.168	87.328	74
87.296	87.488	72
87.456	87.648	75
87.616	87.744	74
87.744	87.904	77
87.872	88.032	75
88.0	89.056	79
89.056	89.632	57
89.056	90.048	77
89.056	90.208	53
89.056	90.208	63
89.6	90.208	60
90.016	90.208	69
90.176	90.752	70
90.176	91.072	58
90.464	90.912	62
90.72	91.008	65
90.912	91.456	62
91.2	92.224	58
91.456	91.936	62
91.68	92.16	80
91.712	92.224	65
91.936	92.544	62
92.192	92.544	63
92.192	92.736	79
92.48	93.28	60
92.704	93.216	65
92.704	93.28	81
92.992	93.28	63
93.248	93.536	62
93.248	93.856	84
93.536	93.792	62
93.536	94.336	65
93.792	94.368	62
93.792	94.624	82
94.08	94.336	60
94.304	95.424	58
94.592	94.848	56
94.848	95.136	68
94.848	95.424	53
94.848	95.424	56
95.104	95.424	50
95.392	95.968	67
95.392	96.0	51
95.68	95.872	48
95.936	96.256	41
95.936	96.608	63
95.936	96.64	53
95.936	96.64	69
96.256	96.64	41
96.608	98.048	63
96.608	98.176	72
96.608	98.656	46
96.64	98.24	58
97.984	98.656	62
97.984	98.656	70
98.656	99.328	62
98.656	100.32	56
99.264	99.968	55
99.264	100.16	63
99.296	99.936	67
99.872	100.576	53
99.872	100.992	68
100.48	102.688	51
100.512	101.568	70
100.512	101.632	67
101.536	102.112	65
101.536	102.592	68
102.08	102.656	63
102.08	102.656	67
102.592	103.168	68
102.592	103.168	72
102.624	102.688	44
103.104	103.52	70
103.104	103.552	67
103.616	104.704	51
103.648	104.704	67
103.648	104.704	70
104.672	105.696	53
104.672	105.696	68
105.664	106.72	55
105.664	106.72	63
105.664	106.72	67
106.688	107.776	61
106.688	107.776	64
106.688	107.808	58
107.744	108.288	65
107.744	108.8	56
107.744	108.8	60
108.256	108.736	72
108.768	109.088	70
109.024	109.312	68
109.28	109.568	67
109.536	109.824	65
109.792	110.688	55
109.792	110.848	63
110.048	110.368	46
110.336	110.624	48
110.336	110.656	60
110.592	110.752	46
110.88	111.136	58
110.88	111.168	53
110.88	111.168	62
111.264	111.424	58
111.392	111.552	62
111.52	111.68	60
111.648	111.808	63
111.776	111.936	62
111.904	112.064	65
112.032	112.224	63
112.192	112.352	67
112.32	112.448	65
112.448	112.608	68
112.576	112.736	67
112.704	112.864	70
112.832	112.992	68
112.96	113.088	39
112.96	113.088	51
112.96	113.12	72
113.088	113.856	70
113.088	114.016	51
113.088	114.048	39
113.088	114.048	67
113.76	113.888	72
113.856	114.048	70
114.016	114.112	51
114.016	114.304	68
114.272	114.56	67
114.528	114.848	65
114.816	115.104	63
115.072	115.616	51
115.072	115.68	79
115.072	115.936	60
115.36	115.648	74
115.616	115.872	51
115.616	115.936	75
115.872	116.16	72
115.872	116.256	51
116.128	117.216	70
116.128	117.28	53
116.128	117.344	60
117.216	117.376	70
117.216	118.144	62
117.216	118.176	58
117.312	117.472	68
117.376	117.6	70
117.472	117.696	68
117.6	117.76	70
117.696	117.856	68
117.76	118.208	70
117.856	118.112	68
117.984	118.176	67
118.112	118.304	68
118.272	118.688	67
118.272	118.848	60
118.272	118.848	63
118.528	118.848	75
118.816	119.104	74
119.072	119.36	73
119.328	119.712	71
119.328	119.744	68
119.328	119.776	56
119.328	120.64	44
119.584	119.68	74
119.648	119.904	72
119.872	120.0	70
119.968	120.288	68
120.192	120.32	67
120.256	120.64	65
120.608	121.824	55
120.608	122.4	63
120.608	122.432	46
121.792	122.688	56
122.4	122.88	67
122.4	123.04	62
122.688	123.04	56
122.688	123.04	65
123.008	123.264	51
123.008	124.064	63
123.232	123.552	55
123.52	123.808	58
123.744	124.064	55
124.032	125.088	51
124.256	124.768	55
124.576	125.056	67
124.608	125.088	70
124.704	125.728	58
124.768	125.312	55
125.056	125.568	67
125.088	125.568	70
125.088	126.24	51
125.312	125.824	55
125.568	126.176	70
125.568	126.24	67
125.728	126.208	58
125.824	126.176	55
126.144	126.688	75
126.144	127.68	68
126.24	126.688	51
126.432	126.72	53
126.656	127.68	56
126.656	127.776	74
126.912	127.424	53
127.296	127.776	51
127.424	127.968	53
127.744	128.256	56
127.744	128.256	82
127.968	128.256	80
127.968	128.288	53
128.224	129.216	79
128.352	129.024	51
128.48	128.96	53
128.48	128.96	77
128.736	129.28	56
128.768	129.12	75
128.96	129.376	53
129.024	129.376	74
129.248	129.408	77
129.28	129.536	51
129.344	129.44	75
129.408	129.568	77
129.504	129.824	55
129.504	130.08	75
129.792	130.08	58
130.048	130.208	74
130.048	130.24	55
130.176	130.336	72
130.304	130.624	51
130.304	130.656	70
130.528	130.816	55
130.816	131.296	67
130.816	131.296	70
130.816	132.416	58
131.04	131.328	55
131.296	131.808	67
131.296	131.808	70
131.392	132.384	51
131.552	132.064	55
131.808	132.416	67
131.808	132.416	70
132.064	132.416	55
132.384	132.832	75
132.384	132.864	51
132.384	133.76	68
132.64	132.864	53
132.928	133.408	56
132.928	133.696	74
133.12	133.472	53
133.536	134.08	51
133.632	134.688	53
133.952	134.464	82
134.016	134.464	56
134.176	134.528	80
134.432	135.328	79
134.56	135.264	51
134.688	135.072	77
134.688	135.136	53
134.976	135.264	75
135.008	135.424	56
135.136	135.552	53
135.2	135.488	74
135.456	135.776	75
135.456	135.84	55
135.552	136.48	51
135.712	135.968	77
135.776	135.936	75
135.904	136.064	74
136.0	136.288	75
136.096	136.288	77
136.224	136.512	79
136.352	136.512	75
136.48	136.768	70
136.992	137.504	70
136.992	137.568	55
136.992	137.568	58
136.992	137.568	67
137.536	137.92	60
137.536	138.112	56
137.536	138.112	65
137.536	138.112	68
138.08	138.72	63
138.08	138.752	57
138.08	138.752	60
138.08	138.752	67
138.72	139.872	63
138.72	139.872	70
138.72	139.904	58
139.584	139.904	67
139.872	140.896	65
139.904	140.992	62
140.416	141.024	58
140.96	141.536	53
141.504	142.56	50
141.888	143.584	65
142.016	143.552	46
142.048	143.584	77
142.56	143.072	50
143.072	143.616	53
143.072	143.648	50
143.616	144.256	58
143.616	144.704	75
143.744	144.16	74
143.872	144.224	72
144.032	144.16	70
144.128	144.704	69
144.128	144.736	63
144.672	145.216	70
144.672	145.248	62
145.184	145.792	60
145.184	145.792	63
145.184	145.792	69
145.216	145.792	72
145.76	146.048	70
145.76	146.048	75
145.76	146.304	58
145.76	146.304	62
145.888	146.112	74
146.016	146.272	72
146.112	146.304	74
146.272	146.816	75
146.272	146.848	60
146.272	146.848	72
146.272	146.88	57
146.784	147.2	65
147.328	147.744	65
147.872	149.504	65
148.416	149.952	75
148.928	150.016	53
149.472	150.048	57
149.984	151.008	77
150.112	150.496	60
150.112	150.496	75
150.24	150.56	74
150.368	150.56	72
150.528	151.072	70
150.528	151.584	62
151.04	151.616	63
151.04	151.616	65
151.04	151.648	69
151.04	151.68	72
151.584	152.16	70
151.584	152.16	74
151.584	152.672	62
152.128	152.672	77
152.128	152.704	60
152.128	152.704	72
152.128	152.736	63
152.256	152.512	75
152.384	153.024	74
152.512	152.704	75
152.672	153.12	77
152.672	153.408	62
152.672	153.44	58
153.184	153.568	46
153.728	153.984	58
153.728	154.144	46
154.272	154.912	46
154.816	156.448	80
155.36	155.904	50
155.872	156.448	53
156.416	156.704	79
156.416	156.96	56
156.544	156.832	77
156.672	156.832	75
156.8	156.96	74
156.928	157.504	55
156.928	157.536	75
157.504	157.824	77
157.504	157.856	50
158.08	159.04	78
158.624	159.008	51
158.624	159.008	58
159.136	159.68	51
159.136	159.712	58
159.68	160.192	51
159.68	160.224	80
159.68	160.256	59
159.936	160.288	79
160.192	160.576	77
160.192	160.736	51
160.192	160.736	60
160.448	160.768	75
160.736	161.28	57
160.736	161.28	74
160.736	161.312	51
160.992	161.28	72
161.248	161.504	77
161.248	161.536	58
161.248	161.792	50
161.408	161.632	76
161.568	161.792	77
161.76	162.368	51
161.76	162.368	79
161.76	162.432	58
161.92	162.144	67
162.08	162.336	75
162.304	162.656	53
162.304	162.816	62
162.304	163.392	70
162.816	163.2	53
162.816	163.616	62
163.36	163.68	74
163.36	163.776	63
163.36	163.872	53
163.36	164.448	69
163.616	163.904	72
163.872	164.224	70
163.872	164.48	53
163.872	164.48	63
164.16	164.48	72
164.448	164.672	58
164.448	164.96	62
164.448	165.536	70
164.672	165.408	58
164.96	165.536	62
165.248	165.568	65
165.504	165.856	63
165.76	166.272	65
166.016	166.304	62
166.016	166.912	70
166.016	167.072	77
166.272	166.816	65
166.304	166.88	62
166.528	167.04	60
166.528	167.104	72
166.816	167.36	65
167.072	167.616	77
167.072	167.936	58
167.072	168.16	74
167.36	167.648	65
167.616	168.256	57
167.616	168.384	77
167.872	168.48	60
168.128	168.576	63
168.256	168.672	79
168.384	168.64	77
168.384	168.704	62
168.512	168.672	76
168.64	168.96	77
168.64	168.992	60
168.928	169.216	58
169.184	169.76	69
169.184	169.76	77
169.184	169.792	57
169.44	169.824	55
169.696	170.272	53
169.696	170.272	79
169.728	170.272	70
169.984	170.72	55
170.24	170.752	81
170.24	170.784	51
170.24	170.784	72
170.496	170.784	53
170.752	171.296	50
170.752	171.552	70
170.752	171.552	82
171.008	171.328	53
171.296	171.424	58
171.392	171.68	84
171.424	171.808	58
171.52	171.808	86
171.52	171.84	53
171.648	171.84	82
171.776	172.032	62
171.776	172.16	77
172.032	172.16	62
172.32	172.864	58
172.32	172.864	62
172.32	172.864	77
172.864	173.44	72
172.864	173.44	75
172.864	173.504	60
172.864	173.632	63
173.408	174.016	62
173.408	174.016	65
173.408	174.016	70
173.408	174.016	74
173.984	174.624	72
173.984	174.944	63
173.984	175.104	67
174.624	174.784	74
174.656	174.688	55
174.752	175.04	75
174.88	175.104	72
175.008	175.2	79
175.52	176.096	51
175.52	176.096	60
175.52	176.096	67
175.52	176.096	72
176.064	176.608	70
176.064	176.672	62
176.064	177.152	53
176.096	176.608	65
176.576	176.992	69
176.576	176.992	72
176.576	177.024	63
177.12	178.016	72
177.12	178.336	69
177.12	178.432	58
177.12	178.432	63
177.984	178.336	73
178.272	178.816	70
178.304	178.56	62
178.528	178.848	58
178.816	179.424	70
178.816	179.616	62
178.816	179.872	77
179.104	179.392	65
179.36	179.936	63
179.36	179.936	72
179.616	180.48	62
179.872	180.416	77
179.904	180.48	60
179.904	180.864	74
180.16	180.48	58
180.416	180.992	57
180.416	181.216	77
180.416	181.248	75
180.704	181.28	60
180.96	181.472	63
181.088	181.344	79
181.216	181.472	77
181.216	181.504	62
181.344	181.504	76
181.344	181.504	79
181.472	181.76	77
181.472	181.792	60
181.728	182.048	58
181.984	182.528	69
181.984	182.528	77
181.984	182.72	57
182.24	182.528	55
182.496	183.072	53
182.496	183.072	70
182.496	183.072	79
182.784	183.104	55
183.04	183.584	81
183.04	183.616	51
183.04	183.616	72
183.328	183.616	53
183.584	184.512	70
183.584	184.512	82
183.584	184.544	50
183.84	184.384	53
184.096	184.384	58
184.256	184.544	84
184.384	184.544	86
184.384	184.64	58
184.384	184.672	53
184.512	184.672	82
184.64	184.896	62
184.64	185.024	77
184.896	184.992	62
185.152	185.696	58
185.152	185.728	62
185.152	185.728	77
185.696	186.272	72
185.696	186.272	75
185.696	186.304	63
185.696	186.336	60
186.24	186.848	62
186.24	186.848	65
186.24	186.848	70
186.816	186.944	71
186.816	187.36	67
186.816	187.424	63
186.944	187.104	72
187.104	187.264	74
187.2	187.424	72
187.392	187.552	75
187.52	187.68	74
187.648	187.84	77
187.808	187.968	75
187.936	188.992	79
188.992	189.568	57
188.992	189.952	77
188.992	190.112	53
188.992	190.112	63
189.536	190.144	60
189.952	190.144	69
190.112	190.944	70
190.112	190.976	58
190.4	190.848	62
190.624	190.944	65
190.848	191.36	62
191.104	192.16	58
191.36	191.872	62
191.616	191.936	80
191.648	192.16	65
191.872	192.448	62
192.128	192.48	63
192.128	192.672	79
192.384	193.216	60
192.64	193.152	65
192.64	193.216	81
192.896	193.248	63
193.184	193.472	62
193.184	193.792	84
193.44	194.272	65
193.472	193.696	62
193.696	194.272	62
193.696	194.912	82
193.984	194.272	60
194.24	194.784	58
194.496	195.328	56
194.752	195.072	68
194.752	195.328	53
194.784	195.328	58
195.04	195.328	50
195.296	195.904	51
195.296	195.904	67
195.584	195.84	48
195.872	196.512	63
195.872	196.544	53
195.872	196.544	69
196.192	196.544	41
196.512	197.984	63
196.512	198.464	46
196.544	197.984	72
197.92	198.56	62
197.92	198.592	70
198.56	199.264	62
198.56	199.36	56
199.2	199.84	55
199.2	199.872	63
199.2	199.968	67
199.776	200.448	53
199.776	200.448	68
200.384	201.504	52
200.384	201.504	66
200.384	201.568	69
201.504	201.888	70
201.504	202.08	67
201.504	202.624	52
202.048	202.592	73
202.048	202.624	70
202.592	203.2	64
202.592	203.36	67
202.592	203.936	48
203.136	203.744	68
203.136	203.744	72
203.712	204.864	50
203.712	204.864	67
203.712	204.864	70
204.864	205.44	65
204.864	205.472	68
204.864	205.952	50
205.408	205.536	77
205.952	206.304	77
205.952	206.944	56
205.952	207.008	60
206.464	206.976	77
207.008	208.096	78
207.008	208.16	58
207.008	208.16	61
208.064	208.224	79
208.576	209.12	82
209.088	210.112	70
209.088	210.144	60
209.6	210.144	76
210.112	211.232	70
210.112	211.264	79
210.144	211.744	65
211.168	212.064	77
211.2	211.744	68
211.68	212.096	41
212.224	212.608	41
212.768	213.184	41
213.312	214.88	41
213.856	214.656	80
214.368	214.912	79
214.624	215.136	77
214.88	215.104	41
214.88	215.136	75
215.104	215.392	41
215.104	215.392	73
215.36	215.648	72
215.392	215.616	41
215.616	215.904	73
215.616	216.384	41
215.872	216.224	77
216.128	216.416	73
216.352	218.304	62
216.384	216.448	53
216.384	217.408	41
216.384	217.408	68
216.384	217.44	72
217.408	217.92	41
217.408	218.24	71
217.408	218.784	68
217.92	218.432	41
218.432	218.976	41
218.976	219.616	41
219.584	221.664	42
220.096	220.64	72
220.096	220.928	63
220.608	220.928	71
220.864	221.152	72
221.12	221.536	74
221.12	222.144	63
221.376	221.664	72
221.632	221.92	71
221.888	222.176	72
222.144	222.496	75
222.144	223.712	63
222.4	222.72	74
222.432	222.624	42
222.656	224.256	43
222.688	223.456	71
223.712	224.128	72
223.712	225.856	63
224.256	224.768	43
224.768	225.28	43
224.8	224.832	55
225.28	225.856	43
225.312	225.344	55
225.824	225.92	56
225.824	226.848	44
226.336	226.688	72
226.336	226.72	63
226.848	227.232	63
226.848	227.232	72
226.848	227.36	44
227.36	227.744	63
227.36	227.744	72
227.36	227.872	44
227.872	228.352	63
227.872	228.352	72
227.872	228.928	45
228.352	228.896	63
228.352	228.928	72
228.896	229.6	73
228.896	229.856	46
228.896	229.984	63
229.568	229.76	72
229.696	229.888	70
229.824	229.984	68
229.952	230.496	49
229.952	230.56	67
230.496	231.008	49
230.496	231.008	79
230.976	231.04	60
230.976	231.52	80
230.976	232.064	48
231.488	232.192	72
232.032	232.832	49
232.288	232.576	70
232.544	232.832	73
232.8	233.12	77
233.088	233.92	51
233.088	234.176	60
233.088	234.208	68
233.92	234.144	51
234.144	235.008	51
234.144	235.296	61
234.688	235.328	67
234.688	235.328	72
234.976	235.328	70
235.008	235.36	51
235.264	236.352	56
235.264	236.832	68
235.584	236.0	60
236.0	236.544	60
236.352	236.8	56
236.544	236.8	60
236.832	237.312	68
236.832	237.312	72
236.832	237.376	63
237.024	237.312	60
237.312	237.568	60
237.312	237.76	72
237.312	237.824	68
237.312	237.856	56
237.568	238.08	60
237.824	238.336	72
237.824	238.4	63
237.824	238.4	68
237.856	238.368	56
238.08	238.4	60
238.368	238.912	55
238.368	239.104	70
238.368	239.136	77
238.368	239.872	72
238.688	239.104	58
238.912	239.872	76
238.912	239.936	60
239.104	239.648	58
239.424	239.872	55
239.648	240.128	58
239.904	240.288	70
239.904	240.416	72
239.936	240.448	60
240.128	240.416	58
240.416	240.672	58
240.416	240.672	70
240.416	240.928	72
240.416	240.96	55
240.448	240.608	60
240.672	240.928	58
240.928	241.152	58
240.928	241.408	70
240.928	241.44	72
241.152	241.472	58
241.44	241.696	53
241.44	241.984	79
241.44	242.432	68
241.44	242.912	72
241.728	242.208	56
241.984	242.944	77
242.208	242.656	56
242.528	242.848	53
242.656	242.912	56
242.976	243.488	68
242.976	243.488	72
243.008	244.032	60
243.232	243.616	56
243.488	244.032	68
243.488	244.032	72
243.52	244.256	53
243.712	244.224	56
244.032	244.512	60
244.032	244.576	68
244.032	244.576	72
244.224	244.544	56
244.576	246.112	68
244.576	246.112	72
244.608	246.144	80
244.832	245.12	54
245.088	245.312	56
245.088	246.112	78
245.28	245.824	54
245.664	246.208	51
245.824	246.208	54
246.112	246.624	68
246.112	246.624	72
246.304	246.816	54
246.624	247.136	68
246.624	247.616	51
246.624	247.68	72
246.816	247.328	54
247.136	247.648	56
247.136	247.648	68
247.328	247.68	54
247.648	248.448	49
247.648	248.736	78
247.648	249.184	68
247.68	247.776	73
247.936	248.416	52
248.192	248.736	56
248.192	249.184	76
248.416	248.896	52
248.704	249.216	49
248.896	249.408	52
249.184	249.696	68
249.184	249.696	76
249.184	249.792	56
249.216	250.272	49
249.408	250.272	52
249.696	250.112	47
249.696	250.24	68
249.696	250.272	76
250.016	250.336	51
250.24	250.784	68
250.24	250.784	75
250.24	251.904	56
250.496	251.808	51
250.784	251.712	75
250.784	251.872	53
250.784	252.256	68
251.584	251.744	77
251.712	251.904	75
251.872	252.704	74
252.352	252.704	62
252.352	252.768	68
252.352	252.8	53
252.704	252.8	62
252.896	253.28	68
252.896	253.312	53
252.896	253.312	62
253.408	253.824	68
253.408	253.856	53
253.408	253.856	62
253.952	255.072	53
253.952	255.072	68
253.952	255.104	62
255.616	255.904	74
255.616	255.936	58
255.616	255.936	80
255.648	255.904	65
256.128	256.48	58
256.128	256.48	65
256.128	256.48	74
256.128	256.48	80
256.672	257.056	74
256.672	257.088	58
256.672	257.088	65
256.672	257.088	80
257.248	257.984	80
257.248	258.112	74
257.248	258.24	65
257.248	258.56	58
257.984	258.208	80
258.08	258.432	79
258.208	258.432	80
258.4	258.56	84
258.528	258.656	82
258.816	259.104	80
259.072	259.36	79
259.36	259.456	77
259.616	259.904	75
259.872	260.128	74
260.16	260.384	72
260.448	260.576	70
260.736	261.632	70
260.736	261.824	67
260.736	262.336	51
261.536	261.696	72
261.632	261.856	70
261.792	262.496	68
261.824	262.368	65
262.336	262.88	51
262.336	262.88	63
262.336	262.88	67
262.848	262.88	44
262.848	263.392	68
262.848	263.392	72
263.36	263.712	70
263.36	263.744	67
263.872	264.672	51
263.872	264.736	70
263.872	264.96	67
264.16	264.928	55
264.416	265.024	58
264.672	264.96	72
264.672	264.992	51
264.736	265.024	70
264.896	265.696	53
264.896	265.952	68
265.248	265.952	56
265.536	265.984	62
265.696	265.984	53
265.92	266.72	55
265.952	266.272	67
266.272	266.72	67
266.272	266.816	58
266.496	266.816	63
266.72	267.04	55
266.72	267.264	67
266.976	268.768	56
267.008	268.48	60
267.232	267.52	64
267.488	267.776	65
267.744	268.288	67
268.0	268.448	68
268.256	268.544	69
268.512	268.8	70
268.768	269.024	56
268.768	269.088	71
269.024	269.184	74
269.024	269.216	56
269.152	269.28	72
269.28	269.44	71
269.408	269.568	72
269.536	269.728	70
269.664	269.824	68
269.792	269.952	67
269.92	270.08	65
270.048	270.912	63
270.048	270.944	55
270.336	270.592	46
270.592	270.88	48
270.592	270.88	60
270.848	271.008	46
271.104	271.296	53
271.136	271.296	62
271.264	271.424	58
271.36	271.52	57
271.488	271.648	58
271.616	271.808	59
271.776	271.936	60
271.904	272.064	61
272.032	272.192	62
272.16	272.32	63
272.288	272.416	64
272.416	272.576	65
272.544	272.672	66
272.672	272.832	67
272.8	272.96	68
272.928	273.088	69
273.056	273.184	70
273.184	274.016	70
273.184	274.24	39
273.184	274.24	67
273.184	274.272	51
273.984	274.112	72
274.08	274.272	70
274.24	274.368	68
274.336	274.528	67
274.496	274.656	72
274.624	274.784	70
274.752	274.912	75
274.88	275.008	74
274.976	275.168	77
275.136	275.296	75
275.264	275.456	80
275.264	276.096	60
275.264	276.352	51
275.392	275.648	79
275.52	275.712	78
275.648	275.84	79
275.776	276.0	77
275.936	276.096	75
276.064	276.256	74
276.192	276.352	72
276.32	276.928	70
276.32	277.92	53
276.32	277.92	60
276.832	277.92	69
277.376	277.952	58
277.408	278.464	62
277.888	278.464	59
277.888	278.88	68
278.432	278.976	60
278.432	279.52	63
278.688	279.232	67
278.944	279.552	75
278.944	279.584	55
279.2	279.52	73
279.456	279.776	71
279.456	280.0	56
279.744	280.032	72
280.0	280.288	74
280.224	280.384	75
280.48	281.568	55
280.48	281.824	46
280.48	281.824	75
281.024	281.824	70
281.536	282.176	56
281.792	281.984	72
281.92	282.08	70
282.08	282.24	70
282.176	282.368	68
282.304	282.496	67
282.464	282.624	65
282.592	282.88	51
282.592	283.936	63
282.816	283.328	55
283.328	283.84	55
283.68	283.968	51
283.84	284.128	55
284.16	284.64	67
284.16	284.64	70
284.16	285.248	58
284.384	284.704	55
284.64	285.152	67
284.64	285.152	70
284.64	285.76	51
284.896	285.408	55
285.152	285.76	67
285.152	285.76	70
285.408	285.76	55
285.728	286.272	75
285.728	287.072	68
285.76	286.016	51
285.984	286.304	53
286.272	287.04	56
286.272	287.296	74
286.496	287.008	53
286.88	287.36	51
287.008	287.36	53
287.328	287.584	82
287.52	287.872	53
287.552	287.84	80
287.808	288.864	51
287.808	288.864	79
288.064	288.512	53
288.064	288.704	77
288.32	288.736	75
288.448	288.64	56
288.512	288.896	53
288.832	288.992	77
288.864	289.152	51
288.992	289.184	77
289.12	289.376	55
289.12	289.6	75
289.376	289.664	58
289.568	289.92	55
289.632	289.792	74
289.76	289.92	72
289.888	290.208	51
289.888	290.272	70
290.112	290.432	55
290.4	290.912	67
290.4	290.912	70
290.4	292.0	58
290.624	290.944	55
290.912	291.392	67
290.912	291.968	51
290.912	291.968	70
291.136	291.648	55
291.392	292.032	67
291.648	292.0	55
291.936	292.256	75
291.936	292.608	68
291.968	292.256	51
292.224	292.512	53
292.224	292.576	74
292.48	292.736	56
292.48	293.056	84
292.704	293.056	53
292.992	293.28	51
293.216	293.568	53
293.536	293.792	56
293.536	293.792	82
293.664	293.792	80
293.76	293.92	84
293.76	294.048	53
293.888	294.08	80
294.016	294.208	79
294.016	294.304	51
294.144	294.304	77
294.272	294.496	80
294.272	294.56	53
294.368	294.56	77
294.528	294.688	75
294.528	294.784	56
294.656	294.784	74
294.752	295.072	53
294.784	294.976	77
294.88	295.072	74
295.04	295.168	75
295.04	295.584	55
295.04	295.936	51
295.136	295.36	77
295.264	295.392	75
295.424	295.552	74
295.52	295.648	75
295.616	295.744	76
295.712	295.84	77
295.808	295.968	78
295.904	296.096	79
296.064	296.416	70
296.544	297.152	55
296.576	297.152	67
296.576	297.152	70
297.12	297.632	68
297.12	297.696	56
297.12	297.696	65
297.664	298.272	63
297.664	298.304	57
297.664	298.304	67
298.272	298.56	70
298.272	299.136	58
298.272	299.392	63
298.528	298.976	69
298.784	299.36	70
299.072	299.392	67
299.392	299.936	65
299.392	300.416	62
299.616	299.936	59
299.904	300.192	60
300.16	300.288	58
300.384	300.704	58
300.672	300.992	56
300.96	301.248	55
301.216	301.504	53
301.344	302.048	70
301.472	303.104	51
301.472	303.104	82
302.016	302.816	55
302.528	303.104	58
303.04	303.488	80
303.072	303.456	63
303.168	303.616	79
303.328	303.616	77
303.456	303.616	75
303.456	303.648	63
303.584	304.128	68
303.584	304.16	74
304.128	304.672	67
304.128	304.672	75
304.64	305.216	65
304.64	305.216	74
304.64	305.248	68
304.64	305.28	77
305.184	305.504	80
305.184	305.6	63
305.216	305.76	67
305.216	305.76	75
305.312	305.568	79
305.472	305.728	77
305.568	306.304	79
305.6	306.176	63
305.728	306.304	62
305.728	306.304	65
305.728	306.304	77
305.728	306.304	80
306.272	306.688	70
306.784	307.232	70
307.328	307.936	70
307.872	309.024	80
308.416	309.504	58
308.96	309.504	62
309.472	309.76	82
309.472	310.016	65
309.568	309.888	80
309.728	310.048	79
309.856	310.048	77
309.984	310.528	67
309.984	310.56	75
310.528	310.688	70
310.528	311.072	68
310.528	311.072	74
310.528	311.072	77
311.04	311.616	75
311.04	311.648	67
311.04	311.648	79
311.616	311.776	77
311.616	312.064	82
311.616	312.16	65
311.616	312.16	68
311.744	312.0	80
311.872	312.128	79
312.0	312.16	80
312.128	312.448	63
312.128	312.512	67
312.128	312.736	79
312.16	312.448	82
312.448	312.704	63
312.672	313.088	51
312.672	313.12	39
313.216	313.632	51
313.216	313.664	39
313.76	314.4	39
313.76	314.4	51
314.304	315.264	73
314.848	315.232	55
314.848	315.232	63
315.36	315.712	55
315.36	315.712	63
315.616	315.744	75
315.712	315.808	73
315.776	315.904	72
315.808	315.936	73
315.872	316.192	75
315.872	316.256	55
315.872	316.256	63
316.16	316.416	77
316.416	316.736	75
316.416	316.768	55
316.416	316.768	63
316.672	316.96	73
316.928	317.536	63
316.96	317.248	72
316.96	317.536	55
317.216	317.472	71
317.504	318.048	71
318.048	318.624	55
318.048	318.624	71
318.048	318.944	63
318.592	318.976	56
318.848	319.2	72
319.104	319.424	75
319.104	319.456	63
319.104	319.488	56
319.392	319.68	74
319.648	319.936	77
319.648	320.0	63
319.648	320.064	56
319.904	320.192	75
320.16	320.448	74
320.16	320.576	63
320.16	320.704	56
320.416	320.704	72
320.672	320.928	70
320.672	321.184	63
320.672	321.216	55
320.832	321.056	71
321.024	321.216	72
321.184	321.568	73
321.184	321.728	56
321.184	321.76	63
321.344	321.568	74
321.536	321.696	75
321.696	322.08	46
321.696	322.08	55
321.696	322.24	75
321.824	322.784	63
322.208	322.784	55
322.208	323.04	46
322.752	323.04	67
322.752	323.168	56
322.752	323.872	62
323.008	323.328	65
323.296	323.712	63
323.296	323.872	56
323.552	323.872	65
323.84	324.096	51
323.84	324.384	55
323.84	324.768	63
324.096	324.928	51
324.384	324.768	55
324.64	324.928	58
324.896	325.184	56
325.152	325.568	58
325.408	325.792	55
325.408	325.952	63
325.408	326.336	70
325.664	325.952	58
325.952	326.208	58
325.952	326.304	53
325.952	326.496	65
326.208	326.496	58
326.464	327.008	70
326.464	327.04	51
326.464	327.04	67
326.496	326.752	58
326.752	327.68	58
327.008	327.584	50
327.008	327.712	68
327.008	327.808	70
327.264	327.68	53
327.552	328.064	56
327.648	327.968	72
327.808	328.064	70
327.808	328.096	55
327.904	328.096	69
328.064	328.352	53
328.064	328.384	70
328.32	329.152	51
328.576	329.088	70
328.576	329.12	50
328.576	329.152	62
328.832	329.12	48
329.12	329.184	58
329.12	329.6	72
329.12	329.664	46
329.12	329.696	63
329.376	329.664	48
329.376	329.664	60
329.632	330.144	44
329.632	330.176	65
329.632	330.272	74
329.92	330.432	46
330.144	330.976	75
330.144	331.072	43
330.144	331.072	63
330.432	330.944	46
330.688	331.168	51
330.816	331.072	77
330.944	331.232	46
330.944	331.264	79
331.072	331.232	75
331.072	331.744	63
331.2	331.488	55
331.2	331.52	70
331.712	332.288	51
331.712	332.288	55
331.712	332.288	67
331.744	332.288	70
332.256	332.832	53
332.256	332.832	65
332.256	332.832	68
332.256	332.864	56
332.8	333.376	67
332.8	333.408	55
332.8	333.408	58
332.8	333.408	63
333.376	334.048	65
333.376	334.208	56
333.376	334.304	60
334.016	334.304	67
334.144	334.336	68
334.272	334.464	65
334.432	334.72	72
334.944	335.296	65
334.944	335.488	44
334.944	335.488	53
334.944	335.488	60
335.456	336.032	55
335.488	336.032	63
335.488	336.064	58
335.488	336.384	46
336.0	336.384	56
336.0	336.384	62
336.0	336.384	65
336.544	337.408	65
336.544	337.696	56
336.544	337.696	62
336.544	337.952	51
337.376	337.728	66
337.664	337.824	55
337.696	337.824	63
337.696	337.92	67
337.952	338.784	63
338.24	338.752	82
338.24	338.784	75
338.24	338.816	67
338.496	338.816	70
338.752	339.2	82
338.752	339.232	68
338.752	339.328	77
339.04	339.328	67
339.296	339.584	79
339.296	339.68	65
339.296	339.84	82
339.584	339.872	63
339.584	339.872	79
339.84	340.096	62
339.84	340.16	80
339.84	340.512	82
340.096	340.352	62
340.096	340.704	65
340.352	340.8	68
340.48	340.832	84
340.608	340.832	82
340.608	340.896	67
340.736	340.928	81
340.864	341.184	65
340.864	341.184	82
341.152	341.44	63
341.408	341.952	62
341.408	341.952	74
341.408	341.952	82
341.664	342.176	60
341.92	342.496	58
341.92	342.496	75
341.92	342.496	84
342.176	343.04	60
342.432	343.04	86
342.432	343.104	56
342.464	343.072	77
342.72	343.04	58
343.008	343.52	55
343.008	343.68	87
343.008	343.712	75
343.232	343.648	58
343.552	343.776	60
343.648	343.968	86
343.776	344.0	62
343.776	344.096	87
343.904	344.064	82
344.032	344.32	79
344.032	344.352	63
344.576	345.088	67
344.576	345.12	63
344.576	345.12	79
345.088	345.664	65
345.088	345.664	77
345.088	345.664	80
345.088	345.696	68
345.632	346.272	67
345.632	346.272	75
345.632	346.272	79
346.24	346.368	76
346.24	346.592	72
346.24	346.784	68
346.368	346.56	77
346.496	346.688	79
346.656	346.848	77
346.784	346.976	80
346.944	347.104	79
347.072	347.232	82
347.2	347.392	80
347.328	348.32	84
348.416	349.024	82
348.416	349.504	68
348.416	349.536	62
348.416	349.568	58
348.928	349.568	65
349.376	349.536	74
349.504	350.528	63
349.504	350.56	75
349.76	350.24	67
350.08	350.784	70
350.24	350.784	67
350.528	350.784	63
350.784	350.976	63
350.784	351.296	67
351.04	351.424	85
351.04	351.456	70
351.296	351.84	67
351.552	351.936	68
351.552	351.936	84
351.808	352.544	65
352.064	352.544	70
352.064	352.608	86
352.32	352.64	68
352.576	353.088	89
352.576	353.12	67
352.864	353.28	70
353.12	353.44	67
353.12	353.472	87
353.408	353.696	65
353.664	353.952	63
353.92	354.496	61
354.176	354.464	58
354.176	354.784	73
354.464	354.752	55
354.464	354.816	58
354.72	355.104	56
354.72	355.296	72
355.008	355.328	53
355.296	355.744	74
355.296	355.936	68
355.296	355.968	58
355.616	355.968	46
355.936	357.344	68
355.936	357.408	77
355.936	358.016	51
357.312	358.016	75
357.312	358.048	67
358.016	358.656	62
358.016	358.688	56
358.624	359.232	63
358.624	359.232	67
358.624	359.264	55
359.2	359.84	68
359.2	359.872	53
359.808	360.928	52
359.808	360.928	66
359.808	360.96	69
360.896	361.312	70
360.896	361.472	67
360.928	361.472	52
361.44	361.984	73
361.44	362.016	70
361.472	362.016	52
361.984	362.592	64
361.984	362.624	67
361.984	363.264	48
362.56	363.168	68
362.56	363.168	72
363.136	364.256	50
363.136	364.256	67
363.136	364.256	70
364.256	364.864	65
364.256	364.864	68
364.256	365.376	50
364.832	364.96	77
365.344	365.696	77
365.344	366.336	56
365.344	366.432	60
365.856	366.368	77
366.4	367.52	78
366.4	367.552	58
366.4	367.552	61
367.456	367.648	79
367.968	368.544	82
368.512	369.536	70
368.512	369.568	60
368.992	369.568	76
369.536	370.624	70
369.536	370.72	79
369.536	371.136	65
370.592	371.168	68
370.592	371.488	77
371.104	371.52	41
371.616	372.032	41
372.16	372.608	41
372.704	374.272	41
373.28	374.048	80
373.76	374.304	79
374.016	374.56	77
374.272	374.528	41
374.272	374.56	75
374.528	374.784	41
374.528	374.784	73
374.784	375.04	41
374.784	375.072	72
375.04	375.328	73
375.04	375.776	41
375.264	375.648	77
375.52	375.808	73
375.776	375.936	53
375.776	376.832	41
375.776	376.832	68
375.776	376.864	72
375.776	377.696	62
376.832	377.312	41
376.832	377.664	71
376.832	377.728	68
377.312	377.856	41
377.856	378.272	41
378.368	379.008	41
378.976	380.576	42
379.52	380.064	72
379.52	380.352	63
380.0	380.32	71
380.288	380.576	72
380.544	380.864	74
380.544	381.536	63
380.768	381.056	72
381.024	381.344	71
381.312	381.568	72
381.536	382.016	75
381.536	383.104	63
381.792	382.112	74
382.08	382.944	71
382.08	383.616	43
383.104	383.52	72
383.104	385.248	63
383.616	384.16	43
384.16	384.672	43
384.672	384.736	55
384.672	385.248	43
385.216	385.312	56
385.216	386.752	44
385.696	386.048	72
385.696	386.08	63
386.208	386.592	72
386.208	386.624	63
386.72	387.136	63
386.72	387.136	72
386.752	387.232	44
387.232	387.744	63
387.232	387.744	72
387.232	388.288	45
387.744	388.288	63
387.744	388.32	72
388.288	388.96	73
388.288	389.248	46
388.288	389.376	63
388.928	389.12	72
389.056	389.248	70
389.184	389.344	68
389.312	389.888	49
389.312	389.888	67
389.856	390.4	79
389.888	390.4	49
390.368	390.912	80
390.368	391.424	48
390.88	391.52	72
391.392	392.032	49
391.648	391.968	70
391.904	392.192	73
392.128	392.288	77
392.448	393.248	51
392.448	393.472	60
392.448	393.952	68
393.248	393.472	51
393.472	394.336	51
393.472	394.624	61
394.016	394.336	72
394.016	394.656	67
394.336	394.656	70
394.336	394.688	51
394.624	394.912	56
394.624	396.16	68
394.912	395.36	60
395.36	395.872	60
395.712	396.128	56
395.872	396.128	60
396.16	396.64	68
396.16	396.64	72
396.352	396.672	60
396.64	397.152	68
396.64	397.152	72
396.64	397.664	56
396.672	397.408	60
397.152	397.696	72
397.152	397.728	68
397.184	397.696	63
397.408	397.728	60
397.696	398.272	55
397.696	398.496	77
397.696	398.88	72
397.728	398.496	70
398.016	398.464	58
398.24	398.816	76
398.24	399.2	60
398.464	399.456	58
398.752	399.264	55
399.232	399.616	70
399.232	399.744	72
399.328	399.904	60
399.456	399.744	58
399.744	400.0	58
399.744	400.0	70
399.744	400.256	72
399.744	400.288	55
400.0	400.256	58
400.256	400.512	58
400.256	400.736	70
400.256	400.8	72
400.512	400.832	58
400.768	401.728	68
400.8	400.96	79
400.8	401.056	53
400.8	402.336	72
401.056	401.568	56
401.312	402.368	77
401.568	402.016	56
401.824	402.176	53
402.016	402.432	56
402.304	402.848	68
402.336	402.848	72
402.336	403.84	60
402.56	403.072	56
402.848	403.36	68
402.848	403.36	72
402.848	403.744	53
403.072	403.584	56
403.36	403.904	68
403.36	403.904	72
403.584	403.936	56
403.904	404.0	51
403.904	405.472	68
403.904	405.472	72
403.904	405.536	80
404.0	404.224	51
404.16	404.48	54
404.448	404.672	56
404.448	405.472	78
404.608	405.152	54
404.992	405.504	51
405.152	405.568	54
405.472	405.952	68
405.472	405.952	72
405.568	405.728	56
405.664	406.144	54
405.952	406.464	68
405.952	406.464	72
405.952	407.008	51
406.144	406.688	54
406.464	406.56	56
406.464	406.976	68
406.464	407.04	72
406.56	407.008	56
406.688	407.008	54
406.976	407.648	49
406.976	408.064	78
406.976	408.544	68
407.296	407.744	52
407.52	408.064	56
407.52	408.544	76
407.744	408.256	52
408.032	409.408	49
408.256	408.768	52
408.544	409.056	68
408.544	409.056	76
408.544	409.088	56
408.768	409.6	52
409.056	409.472	47
409.056	409.568	68
409.056	409.6	76
409.344	409.664	51
409.568	410.112	68
409.568	410.112	75
409.568	411.232	56
409.824	411.008	51
410.112	411.04	75
410.112	411.232	53
410.112	411.552	68
410.912	411.168	77
411.04	411.232	75
411.2	412.0	74
411.68	412.032	62
411.68	412.096	68
411.68	412.128	53
412.032	412.128	62
412.224	412.608	68
412.224	412.64	53
412.224	412.64	62
412.544	412.608	56
412.768	413.152	68
412.768	413.184	53
412.768	413.184	62
413.28	414.4	68
413.28	414.432	53
413.28	414.432	62
414.944	415.232	46
414.944	415.264	58
414.944	415.264	74
414.944	415.264	80
414.976	415.264	65
415.456	415.808	58
415.456	415.808	65
415.456	415.808	74
415.456	415.808	80
416.0	416.416	58
416.0	416.416	74
416.0	416.416	80
416.032	416.416	65
416.576	417.312	80
416.576	417.44	74
416.576	417.568	65
416.576	417.92	58
417.312	417.536	80
417.408	417.76	79
417.536	417.888	80
417.568	417.6	82
417.728	417.92	84
417.856	418.016	82
418.144	418.432	80
418.4	418.624	79
418.688	418.816	77
418.944	419.264	75
419.232	419.488	74
419.52	419.712	72
419.776	419.904	70
420.064	420.992	70
420.064	421.184	67
420.064	422.208	51
420.864	421.024	72
420.992	421.184	70
421.152	421.696	65
421.152	421.824	68
421.664	422.176	67
421.664	422.208	63
422.144	422.72	68
422.176	422.208	44
422.176	422.72	72
422.688	423.04	70
422.688	423.072	67
423.2	424.0	51
423.2	424.064	70
423.2	424.256	67
423.488	424.096	55
423.744	425.28	58
424.0	424.32	51
424.032	424.256	72
424.064	424.352	70
424.224	424.992	53
424.224	425.28	68
424.608	425.28	56
424.832	425.824	62
424.992	425.312	53
425.248	426.048	55
425.248	426.592	67
425.6	426.144	58
425.824	426.176	63
426.048	426.4	55
426.304	428.096	56
426.336	427.68	60
426.56	426.848	64
426.816	427.104	65
427.072	427.616	67
427.328	427.712	68
427.584	427.872	69
427.84	428.128	70
428.096	428.352	56
428.096	428.416	71
428.352	428.512	74
428.352	428.544	56
428.48	428.608	72
428.608	428.704	56
428.608	428.736	71
428.704	428.896	72
428.864	429.056	70
428.992	429.152	68
429.12	429.28	67
429.248	429.408	65
429.376	430.4	55
429.376	430.4	63
429.632	429.92	46
429.888	430.208	48
429.888	430.24	60
430.176	430.304	46
430.432	430.592	53
430.432	430.592	62
430.592	430.72	58
430.688	430.848	57
430.816	430.976	58
430.944	431.136	59
431.104	431.232	60
431.2	431.392	61
431.36	431.52	62
431.488	431.648	63
431.616	431.744	64
431.744	431.904	65
431.872	432.0	66
432.0	432.16	67
432.128	432.288	68
432.256	432.416	69
432.384	432.512	70
432.512	433.408	70
432.512	433.536	39
432.512	433.568	67
432.512	433.6	51
433.312	433.44	72
433.408	433.6	70
433.568	433.6	56
433.568	433.696	68
433.664	433.856	67
433.824	433.952	72
433.952	434.112	70
434.08	434.24	75
434.208	434.336	74
434.304	434.496	77
434.464	434.624	75
434.592	434.784	80
434.592	435.392	60
434.592	435.68	51
434.72	434.976	79
434.848	435.04	78
434.976	435.136	79
435.104	435.328	77
435.264	435.424	75
435.392	435.584	74
435.52	435.68	72
435.648	436.16	53
435.648	436.256	70
435.648	437.248	60
436.16	437.248	53
436.16	437.248	69
436.704	437.248	58
436.704	437.824	62
437.216	437.792	59
437.216	438.208	68
437.76	438.304	60
437.76	438.848	63
438.016	438.56	67
438.272	438.848	75
438.272	438.88	55
438.528	438.848	73
438.784	439.072	71
438.784	439.328	56
439.04	439.36	72
439.328	439.584	74
439.552	439.68	75
439.808	440.896	55
439.808	441.088	75
439.808	441.152	46
440.352	441.152	70
440.864	441.28	56
441.12	441.312	72
441.248	441.376	70
441.376	441.568	70
441.504	441.664	68
441.632	441.792	67
441.76	441.92	65
441.888	442.208	51
441.92	443.264	63
442.144	442.656	55
442.656	443.168	55
443.04	443.296	51
443.168	443.328	55
443.488	443.968	67
443.488	444.0	70
443.488	444.544	58
443.712	444.096	55
443.968	444.48	67
443.968	445.088	51
444.224	444.736	55
444.48	445.088	70
444.48	445.12	67
444.736	445.088	55
445.056	445.6	75
445.056	446.592	68
445.088	445.376	51
445.312	445.632	53
445.6	446.592	56
445.6	446.624	74
445.792	446.336	53
446.176	446.688	51
446.336	446.656	53
446.656	446.88	82
446.816	447.232	53
446.88	447.168	80
447.136	448.192	51
447.136	448.192	79
447.392	447.84	53
447.392	448.16	77
447.648	448.16	75
447.84	448.224	53
447.936	448.224	74
448.16	448.288	77
448.192	448.48	51
448.288	448.48	77
448.448	448.704	55
448.448	448.96	75
448.704	448.96	58
448.928	449.12	74
448.928	449.216	55
449.088	449.248	72
449.184	449.536	51
449.184	449.568	70
449.408	449.728	55
449.696	450.208	67
449.696	450.208	70
449.696	451.296	58
449.92	450.272	55
450.208	450.72	67
450.208	450.72	70
450.208	451.552	51
450.432	450.944	55
450.72	451.296	70
450.72	451.552	67
450.944	451.296	55
451.264	451.552	75
451.264	452.0	68
451.52	451.808	53
451.52	451.872	74
451.776	452.032	56
451.776	452.352	84
452.0	452.352	53
452.288	452.576	51
452.512	452.832	53
452.8	453.088	56
452.8	453.088	82
452.928	453.088	80
453.056	453.216	84
453.056	453.344	53
453.152	453.344	80
453.312	453.504	79
453.312	453.6	51
453.44	453.568	77
453.536	453.76	80
453.536	453.856	53
453.664	453.856	77
453.824	453.984	75
453.824	454.08	56
453.952	454.08	74
454.048	454.208	77
454.048	454.368	53
454.176	454.368	74
454.336	454.464	75
454.336	454.944	55
454.336	455.296	51
454.432	454.656	77
454.56	454.688	75
454.72	454.848	74
454.816	454.944	75
454.912	455.04	76
455.008	455.136	77
455.072	455.264	78
455.2	455.392	79
455.36	455.712	70
455.84	456.448	55
455.84	456.448	67
455.84	456.448	70
456.416	456.928	68
456.416	456.992	56
456.416	456.992	65
456.96	457.536	63
456.96	457.568	67
456.96	457.6	57
457.536	457.856	70
457.536	458.688	58
457.536	458.688	63
457.824	458.272	69
458.08	458.688	70
458.368	458.688	67
458.656	459.232	65
458.656	459.712	62
458.912	459.232	59
459.2	459.488	60
459.456	459.584	58
459.68	460.0	58
459.968	460.256	56
460.224	460.544	55
460.512	460.768	53
460.64	461.312	70
460.768	462.368	82
460.768	462.496	51
461.28	462.112	55
461.824	462.4	58
462.336	462.752	63
462.336	462.784	80
462.464	462.88	79
462.592	462.88	77
462.752	462.88	75
462.752	462.912	63
462.848	463.424	68
462.848	463.424	74
463.392	463.936	75
463.392	463.968	67
463.904	464.512	68
463.936	464.512	65
463.936	464.512	74
463.936	464.608	77
464.48	464.768	80
464.48	465.024	75
464.48	465.056	67
464.48	465.568	63
464.576	464.832	79
464.736	464.992	77
464.832	465.568	79
464.992	465.568	62
464.992	465.568	65
464.992	465.568	77
464.992	465.568	80
465.536	465.952	70
466.048	466.496	70
466.592	467.2	70
467.136	468.288	80
467.68	468.768	58
468.224	468.8	62
468.736	469.024	82
468.736	469.312	65
468.832	469.152	80
468.992	469.312	79
469.12	469.312	77
469.248	469.824	75
469.28	469.792	67
469.792	470.304	68
469.792	470.336	74
469.792	470.336	77
470.304	470.88	75
470.304	470.88	79
470.304	470.912	67
470.848	470.976	77
470.848	471.36	65
470.88	471.328	82
470.88	471.424	68
470.976	471.232	80
471.104	471.392	79
471.232	471.424	80
471.392	471.68	63
471.392	471.808	67
471.392	471.968	79
471.68	471.936	63
471.936	472.32	51
471.936	472.384	39
472.448	472.928	39
472.448	472.928	51
472.992	473.632	39
473.024	473.632	51
473.536	474.496	73
474.08	474.496	55
474.08	474.496	63
474.592	474.976	55
474.592	474.976	63
474.88	475.008	75
474.944	475.072	73
475.008	475.168	72
475.072	475.168	73
475.136	475.424	75
475.136	475.52	55
475.136	475.52	63
475.392	475.68	77
475.68	476.0	75
475.68	476.032	55
475.68	476.032	63
475.936	476.192	73
476.192	476.512	72
476.192	476.768	55
476.192	476.768	63
476.48	476.704	71
476.768	477.888	71
477.28	478.208	63
477.312	477.856	55
477.856	478.208	56
478.112	478.432	72
478.368	478.688	75
478.368	478.72	63
478.368	478.752	56
478.624	478.912	74
478.88	479.168	77
478.88	479.264	63
478.88	479.424	56
479.136	479.456	75
479.424	479.712	74
479.424	479.808	63
479.424	479.968	56
479.68	479.968	72
479.936	480.192	70
479.936	480.448	63
479.936	480.48	55
480.096	480.32	71
480.288	480.48	72
480.448	480.832	73
480.448	480.992	56
480.448	480.992	63
480.608	480.832	74
480.8	480.96	75
480.96	481.088	75
480.96	481.344	46
480.96	481.344	55
481.088	481.504	75
481.088	482.048	63
481.472	482.048	55
481.472	482.304	46
482.016	482.304	67
482.016	482.432	56
482.016	483.104	62
482.272	482.56	65
482.528	482.944	63
482.528	483.104	56
482.816	483.136	65
483.072	483.36	51
483.072	483.616	55
483.072	484.032	63
483.36	484.16	51
483.616	484.032	55
483.872	484.192	58
484.128	484.448	56
484.416	484.832	58
484.672	485.056	55
484.672	485.088	70
484.672	485.184	63
484.928	485.184	58
485.184	485.44	58
485.184	485.536	53
485.184	485.76	65
485.44	485.984	58
485.728	486.272	70
485.728	486.304	51
485.728	486.304	67
485.984	486.88	58
486.24	486.752	50
486.272	487.008	68
486.272	487.04	70
486.528	486.944	53
486.784	487.232	56
486.912	487.2	72
487.04	487.296	70
487.04	487.328	55
487.168	487.36	69
487.296	487.584	53
487.296	487.616	70
487.552	488.384	51
487.808	488.384	50
487.808	488.384	70
487.84	488.384	62
488.096	488.384	48
488.352	488.928	46
488.352	488.928	63
488.352	488.928	72
488.64	488.928	48
488.64	488.928	60
488.896	489.408	44
488.896	489.44	65
488.896	489.536	74
489.152	489.664	46
489.408	490.208	75
489.408	490.336	43
489.408	490.976	63
489.664	490.176	46
489.952	490.496	51
490.048	490.336	77
490.176	490.464	46
490.176	490.496	79
490.304	490.496	75
490.432	490.72	55
490.432	490.784	70
490.944	491.52	51
490.944	491.52	67
490.976	491.52	55
490.976	491.52	70
491.488	492.064	53
491.488	492.064	65
491.488	492.064	68
491.488	492.096	56
492.032	492.608	67
492.032	492.64	55
492.032	492.64	58
492.032	492.64	63
492.608	493.28	65
492.608	493.44	56
492.608	493.536	60
493.248	493.536	67
493.408	493.664	68
493.504	493.696	65
493.664	493.952	72
494.176	494.528	65
494.176	494.72	44
494.176	494.72	53
494.176	494.72	60
494.72	495.264	55
494.72	495.264	63
494.72	495.296	46
494.72	495.296	58
495.232	495.616	65
495.232	495.648	56
495.232	495.648	62
495.776	496.672	65
495.776	496.96	56
495.776	496.96	62
495.776	497.184	51
496.608	496.96	66
496.928	497.056	55
496.928	497.088	63
496.928	497.216	67
497.184	497.504	63
497.472	497.984	82
497.472	498.048	67
497.472	498.048	75
497.76	498.048	70
497.984	498.304	82
497.984	498.464	68
497.984	498.56	77
498.272	498.56	67
498.528	498.976	65
498.528	499.072	82
498.528	499.104	79
498.816	499.104	63
499.072	499.328	62
499.072	499.424	80
499.072	499.776	82
499.328	499.584	62
499.328	499.936	65
499.584	500.032	68
499.712	500.096	84
499.84	500.064	82
499.84	500.128	67
500.0	500.16	81
500.096	500.416	65
500.096	500.416	82
500.384	500.672	63
500.64	501.184	62
500.64	501.184	74
500.64	501.184	82
500.896	501.44	60
501.152	501.76	58
501.152	501.76	75
501.152	501.792	84
501.44	502.304	60
501.696	502.304	77
501.696	502.304	86
501.696	502.368	56
501.952	502.304	58
502.24	502.752	55
502.24	502.912	87
502.24	502.944	75
502.464	503.008	58
502.784	503.008	60
502.88	503.104	86
503.008	503.2	62
503.008	503.328	87
503.04	503.36	75
503.136	503.296	82
503.264	503.584	79
503.264	503.616	63
503.808	504.352	63
503.808	504.352	67
503.808	504.352	79
504.352	504.864	80
504.352	504.896	65
504.352	504.896	77
504.352	504.928	68
504.864	505.504	67
504.864	505.504	75
504.864	505.504	79
505.472	505.632	76
505.472	505.76	72
505.472	506.016	68
505.6	505.792	77
505.728	505.92	79
505.888	506.08	77
506.016	506.208	80
506.176	506.336	79
506.304	506.464	82
506.432	506.656	80
506.56	507.648	84
507.648	508.224	68
507.648	508.224	82
507.648	508.768	62
507.648	508.8	58
508.16	508.8	65
508.608	508.768	74
508.736	509.504	63
508.736	509.792	75
508.992	509.504	67
509.344	510.048	70
509.504	509.76	63
509.504	510.016	67
509.76	510.208	63
510.016	510.528	67
510.272	510.656	85
510.272	510.688	70
510.528	511.072	67
510.784	511.168	68
510.784	511.168	84
511.04	511.808	65
511.296	511.808	70
511.296	511.84	86
511.552	511.872	68
511.808	512.32	89
511.808	512.352	67
512.096	512.64	70
512.352	512.672	67
512.352	512.736	87
512.64	512.928	65
512.896	513.184	63
513.152	513.728	61
513.408	513.696	58
513.408	514.016	73
513.696	513.984	55
513.696	514.112	58
513.952	514.304	56
513.952	514.56	72
514.24	514.592	53
514.528	514.848	68
514.528	515.2	74
514.528	515.232	58
514.848	515.168	68
514.848	515.2	46
515.168	516.544	68
515.168	517.216	51
515.2	515.328	77
516.512	517.184	67
516.512	517.184	75
517.152	517.824	65
517.184	517.824	62
517.792	518.368	67
517.792	518.4	63
518.368	519.04	65
518.368	519.04	68
518.368	520.512	46
519.04	521.504	65
519.04	521.664	68
519.136	521.664	62
521.632	522.592	67
521.632	522.624	63
