0.544	0.672	69
0.64	0.768	71
0.768	0.896	72
0.864	1.024	71
0.992	1.12	72
1.152	1.28	74
1.248	1.536	64
1.248	1.536	76
1.376	1.6	66
1.504	1.632	68
1.6	1.696	69
1.6	1.728	66
1.728	1.856	68
1.728	1.856	71
1.824	1.984	69
1.952	2.368	71
2.048	2.208	72
2.24	2.368	74
2.336	2.624	64
2.336	2.656	76
2.464	2.656	66
2.56	2.688	68
2.656	2.816	66
2.688	2.816	69
2.784	2.912	68
2.816	2.944	71
2.912	3.072	69
3.04	3.36	71
3.136	3.264	72
3.296	3.392	74
3.424	3.52	72
3.424	3.552	69
3.52	3.616	74
3.52	3.648	71
3.648	3.776	72
3.648	3.776	76
3.776	3.904	74
3.776	3.904	77
3.872	3.968	76
3.872	4.032	79
4.0	4.096	77
4.0	4.128	81
4.128	4.192	76
4.128	4.256	79
4.256	4.352	77
4.256	4.384	74
4.384	4.48	72
4.384	4.48	76
4.48	4.576	71
4.48	4.608	74
4.608	4.704	72
4.608	4.736	69
4.736	4.832	71
4.736	4.864	67
4.864	4.992	69
4.864	5.024	65
4.96	5.088	71
5.12	5.248	72
5.216	5.376	60
5.248	5.408	71
5.376	5.504	69
5.504	5.632	67
5.6	5.792	65
5.6	5.984	57
5.728	5.856	64
5.824	6.016	63
5.984	6.112	56
5.984	6.112	64
6.08	6.208	54
6.208	6.368	52
6.336	6.464	51
6.432	6.592	49
6.56	6.72	47
6.688	7.072	57
6.816	6.976	61
6.944	7.104	63
7.072	7.168	64
7.072	7.2	56
7.168	7.296	54
7.168	7.296	66
7.296	7.744	52
7.328	7.456	68
7.424	7.744	51
7.424	7.84	69
7.52	7.744	49
7.648	7.808	47
7.776	8.16	57
7.904	8.064	61
8.032	8.192	63
8.128	8.256	64
8.128	8.288	56
8.256	8.384	66
8.256	8.416	54
8.384	8.544	68
8.384	8.8	52
8.512	8.8	51
8.512	8.896	69
8.608	8.8	49
8.736	8.896	47
8.864	9.536	57
8.992	9.152	61
9.12	9.248	63
9.216	9.408	56
9.216	9.504	64
9.344	9.504	66
9.344	9.568	54
9.472	9.568	68
9.472	9.6	52
9.568	9.696	66
9.568	9.888	54
9.696	9.888	52
9.696	9.92	68
9.824	9.984	51
9.824	9.984	69
9.952	10.208	68
9.984	10.112	52
10.048	10.24	69
10.048	10.272	51
10.176	10.304	50
10.176	10.336	71
10.304	10.432	69
10.304	10.592	52
10.432	10.592	50
10.432	10.592	71
10.56	10.624	60
10.56	10.656	72
10.56	10.688	48
10.656	10.88	71
10.656	11.008	50
10.784	10.944	72
10.784	10.976	48
10.912	11.04	47
10.912	11.04	74
11.008	11.168	72
11.008	11.296	48
11.136	11.296	47
11.136	11.296	74
11.264	11.392	45
11.264	11.424	76
11.392	11.552	77
11.392	12.064	44
11.488	11.648	76
11.616	11.744	47
11.616	11.744	74
11.648	11.744	59
11.744	11.904	50
11.744	12.0	83
11.744	12.096	77
11.744	13.76	38
11.872	12.16	76
12.0	12.128	47
12.0	12.16	59
12.0	12.16	74
12.128	12.32	50
12.128	12.416	77
12.128	12.48	83
12.256	12.512	76
12.384	12.512	47
12.384	12.512	59
12.384	12.512	74
12.48	12.8	77
12.48	12.864	83
12.608	12.864	76
12.736	12.896	47
12.736	12.896	59
12.736	12.896	74
12.864	13.248	77
12.864	13.248	83
12.96	13.312	76
13.12	13.28	47
13.12	13.28	59
13.12	13.28	74
13.248	13.408	53
13.248	13.504	83
13.248	13.536	77
13.344	13.632	76
13.472	13.632	74
13.504	13.536	59
13.504	13.632	47
13.6	13.952	83
13.6	13.984	77
13.632	14.016	44
13.888	14.016	55
13.984	14.144	77
14.112	14.24	76
14.24	14.336	74
14.336	14.496	77
14.464	14.56	76
14.592	14.688	74
14.72	14.88	77
14.848	14.944	76
14.976	15.072	74
15.072	15.232	76
15.2	15.328	74
15.36	15.488	72
15.488	15.616	74
15.584	15.712	72
15.744	15.84	71
15.872	16.0	69
15.968	16.064	71
16.128	16.224	72
16.224	16.352	71
16.32	16.448	72
16.48	16.64	74
16.576	16.864	64
16.608	16.896	76
16.736	16.928	66
16.832	16.96	68
16.928	17.056	66
16.96	17.056	69
17.056	17.184	68
17.088	17.184	71
17.184	17.312	69
17.28	17.696	71
17.408	17.568	72
17.568	17.696	74
17.664	17.92	64
17.664	17.952	76
17.792	18.016	66
17.92	18.016	68
18.016	18.144	66
18.048	18.144	69
18.144	18.272	68
18.144	18.272	71
18.272	18.4	69
18.368	18.56	71
18.496	18.592	72
18.56	18.688	71
18.656	18.752	74
18.752	18.848	72
18.752	18.912	69
18.88	18.944	74
18.88	19.008	71
18.976	19.104	72
19.008	19.104	76
19.104	19.232	74
19.104	19.232	77
19.232	19.328	76
19.232	19.36	79
19.36	19.456	77
19.36	19.488	81
19.456	19.552	76
19.456	19.584	79
19.584	19.712	77
19.616	19.712	74
19.712	19.808	72
19.712	19.84	76
19.84	19.968	71
19.84	19.968	74
19.936	20.064	69
19.936	20.064	72
20.064	20.192	71
20.096	20.224	67
20.192	20.32	69
20.192	20.352	65
20.32	20.416	71
20.448	20.576	72
20.576	20.704	60
20.576	20.736	71
20.704	20.832	69
20.832	21.088	67
20.928	21.344	57
20.96	21.152	65
21.056	21.184	64
21.184	21.344	63
21.312	21.408	64
21.312	21.472	55
21.44	21.536	66
21.44	21.568	54
21.568	21.728	67
21.568	21.984	52
21.664	21.952	51
21.696	22.016	69
21.792	21.952	49
21.92	22.048	47
22.048	22.432	57
22.176	22.304	61
22.272	22.432	63
22.4	22.56	55
22.4	22.56	64
22.528	22.656	54
22.528	22.656	66
22.656	22.816	67
22.656	23.072	52
22.752	23.04	51
22.752	23.104	69
22.88	23.04	49
23.008	23.168	47
23.136	23.648	57
23.264	23.392	61
23.36	23.552	63
23.488	23.68	55
23.488	23.776	64
23.616	23.776	54
23.616	23.808	66
23.744	23.84	67
23.744	23.872	52
23.84	24.096	66
23.84	24.128	51
23.936	24.128	52
23.936	24.128	67
24.064	24.224	54
24.096	24.224	69
24.192	24.32	52
24.192	24.384	67
24.288	24.48	54
24.32	24.48	69
24.448	24.576	55
24.448	24.576	71
24.544	24.864	54
24.544	24.896	69
24.672	24.864	55
24.672	24.896	71
24.8	24.928	72
24.8	24.96	57
24.896	25.248	71
24.928	25.28	56
25.024	25.184	72
25.024	25.28	57
25.152	25.28	59
25.152	25.28	74
25.28	25.568	72
25.28	25.632	57
25.408	25.568	74
25.408	25.6	59
25.536	25.664	60
25.536	25.696	76
25.664	25.824	62
25.664	25.824	77
25.664	25.92	65
25.792	26.208	70
25.792	26.432	58
25.888	26.144	53
25.888	26.176	74
25.888	26.272	62
25.92	25.952	41
26.016	26.272	77
26.016	26.528	50
26.144	26.176	34
26.144	26.656	82
26.144	26.688	46
26.24	26.56	86
26.272	26.304	41
26.368	26.656	89
26.496	26.688	94
26.624	26.72	26
26.624	26.784	98
26.752	26.912	38
26.752	26.912	101
26.752	26.976	26
27.168	27.424	52
27.168	27.424	76
27.168	27.488	40
27.2	27.424	72
27.584	27.776	52
27.584	27.84	40
27.584	27.872	44
27.584	27.872	64
27.584	27.872	68
27.584	27.872	71
27.584	27.872	76
27.776	27.872	52
28.0	28.16	60
28.0	28.16	69
28.128	28.288	59
28.128	28.288	71
28.256	28.512	72
28.256	28.64	57
28.352	28.64	56
28.352	28.768	74
28.48	28.704	54
28.608	28.736	52
28.736	28.832	64
28.736	29.12	62
28.832	28.992	66
28.96	29.12	68
29.088	29.248	60
29.088	29.248	69
29.216	29.376	59
29.216	29.376	71
29.344	29.728	57
29.44	29.696	56
29.44	29.856	74
29.568	29.792	54
29.696	29.824	52
29.824	29.92	64
29.824	30.208	62
29.92	30.112	66
30.048	30.208	68
30.176	30.4	60
30.176	30.528	69
30.272	30.528	59
30.272	30.528	71
30.4	30.528	72
30.4	30.56	57
30.4	30.56	60
30.528	30.848	56
30.528	30.88	71
30.624	30.848	72
30.624	30.88	57
30.752	30.88	59
30.752	30.912	74
30.88	31.168	72
30.88	31.2	69
30.88	31.232	57
31.008	31.168	74
31.008	31.2	59
31.136	31.264	60
31.136	31.296	76
31.264	31.424	62
31.264	31.424	77
31.264	31.552	65
31.392	31.872	70
31.392	32.32	58
31.488	31.648	74
31.488	31.68	53
31.488	31.872	62
31.616	32.096	77
31.616	32.16	50
31.712	32.256	82
31.744	31.776	34
31.744	32.256	46
31.84	32.192	86
31.872	32.096	41
31.968	32.0	26
31.968	32.256	89
32.096	32.352	94
32.224	32.32	26
32.224	32.512	98
32.352	32.416	38
32.352	32.512	101
32.768	33.024	52
32.768	33.024	72
32.768	33.024	76
32.8	33.024	40
33.184	33.472	32
33.184	33.472	52
33.184	33.472	68
33.184	33.472	76
33.184	33.504	44
33.664	33.696	31
33.664	34.208	76
33.664	34.272	33
33.664	34.464	81
34.784	34.912	47
34.88	35.008	50
34.976	35.136	40
34.976	35.136	52
34.976	35.136	68
34.976	35.136	76
35.168	35.296	69
35.168	35.296	75
35.168	35.328	41
35.36	35.488	52
35.36	35.488	68
35.36	35.488	76
35.36	35.52	40
35.552	35.68	69
35.552	35.68	75
35.552	35.712	41
35.584	35.68	53
35.744	35.904	52
35.744	35.904	68
35.744	35.936	40
35.744	35.936	76
36.224	36.256	33
36.224	36.928	72
36.224	37.44	77
36.224	37.568	41
37.536	37.632	60
37.536	37.632	64
37.536	37.664	36
37.536	37.664	72
37.536	37.696	48
37.728	37.856	65
37.728	37.888	50
37.728	37.952	38
37.728	37.952	71
37.92	38.016	64
37.92	38.048	72
37.92	38.08	36
37.92	38.112	48
38.112	38.272	65
38.112	38.304	38
38.112	38.304	50
38.112	38.336	71
38.144	38.24	62
38.304	38.4	64
38.304	38.432	72
38.304	38.496	36
38.304	38.496	48
38.784	38.976	59
38.784	39.68	62
38.784	39.712	44
38.784	39.712	65
38.784	39.712	71
38.784	39.936	74
38.816	39.584	32
39.68	40.0	60
39.68	40.0	69
39.68	40.0	72
40.128	40.352	34
40.128	40.384	46
40.128	40.384	58
40.128	40.384	62
40.128	40.384	65
40.128	40.384	70
40.544	40.768	53
40.544	40.8	65
40.544	40.8	68
40.544	40.832	47
40.544	40.832	77
40.96	41.088	64
40.96	41.216	60
40.96	41.216	69
40.96	41.216	72
40.96	41.248	76
40.96	41.28	36
40.96	41.28	48
41.408	41.632	62
41.408	41.632	74
41.408	41.696	50
41.408	41.696	65
41.408	41.696	71
41.408	41.728	38
41.856	42.112	64
41.856	42.144	40
41.856	42.144	52
41.856	42.144	72
41.856	42.176	69
42.304	42.528	52
42.304	42.56	64
42.304	42.56	71
42.304	42.592	40
42.304	42.592	68
42.528	42.624	52
42.784	43.2	48
42.784	43.584	57
42.784	43.584	69
42.784	43.968	52
42.976	43.68	71
43.072	43.296	72
43.168	43.584	74
43.264	43.712	76
43.36	43.648	78
43.456	43.712	80
43.552	43.872	81
43.648	43.968	83
43.744	43.968	84
43.84	44.0	86
43.968	44.064	52
43.968	44.064	76
43.968	44.096	56
43.968	44.096	64
43.968	44.096	88
44.128	44.288	53
44.128	44.288	75
44.128	44.288	87
44.128	44.352	57
44.352	44.48	52
44.352	44.48	56
44.352	44.48	76
44.352	44.48	88
44.544	44.672	53
44.544	44.672	75
44.544	44.704	57
44.544	44.704	87
44.736	44.896	52
44.736	44.896	56
44.736	44.896	76
44.736	44.896	88
45.184	45.312	65
45.184	45.728	53
45.184	46.304	48
45.184	46.368	41
45.376	45.984	67
45.504	46.048	69
45.6	46.112	70
45.696	46.208	72
45.792	46.016	74
45.888	46.336	76
45.984	46.336	77
46.08	46.336	79
46.176	46.4	81
46.272	46.368	82
46.368	46.496	48
46.368	46.496	52
46.368	46.496	72
46.368	46.496	84
46.56	46.72	50
46.56	46.72	53
46.56	46.72	71
46.56	46.72	83
46.784	46.88	60
46.784	46.912	52
46.784	46.912	72
46.784	46.912	84
46.784	46.944	48
46.976	47.104	50
46.976	47.104	53
46.976	47.104	71
46.976	47.104	83
47.168	47.328	52
47.168	47.328	60
47.168	47.328	72
47.168	47.328	84
47.168	47.36	48
47.616	47.744	59
47.616	48.0	56
47.616	48.384	71
47.616	48.544	50
47.648	47.744	44
47.744	48.064	72
47.744	48.416	44
47.84	48.512	74
47.968	48.448	76
48.064	48.512	77
48.192	48.544	83
48.288	48.512	86
48.384	48.512	89
48.512	48.768	48
48.512	48.768	52
48.512	48.8	45
48.512	48.8	88
48.512	48.832	57
48.96	49.344	58
48.96	49.376	53
48.96	49.408	70
48.96	49.696	50
49.088	49.344	74
49.184	49.344	77
49.312	49.472	82
49.44	49.792	53
49.44	49.792	56
49.44	49.792	59
49.44	49.792	74
49.536	49.824	77
49.632	49.824	80
49.76	49.888	86
49.856	50.144	72
49.856	50.304	60
49.888	50.272	57
49.984	50.304	76
50.08	50.304	81
50.208	50.336	84
50.336	50.688	53
50.336	50.752	50
50.336	50.752	62
50.336	50.784	71
50.464	50.72	74
50.56	50.752	77
50.656	50.816	83
50.784	50.976	64
50.784	51.232	57
50.784	51.264	69
50.816	51.136	52
50.912	51.04	60
50.912	51.2	72
51.008	51.264	76
51.136	51.328	81
51.264	51.68	52
51.264	51.68	56
51.264	51.744	68
51.264	51.776	64
51.36	51.712	71
51.488	51.776	76
51.616	51.776	80
51.744	51.968	45
51.744	52.16	69
51.744	52.256	57
51.936	52.064	47
51.936	52.064	59
52.032	52.128	48
52.032	52.736	60
52.128	52.832	62
52.128	53.28	50
52.224	52.448	64
52.224	52.864	52
52.32	52.64	66
52.32	53.056	54
52.416	52.64	68
52.416	53.28	56
52.512	53.216	69
52.608	53.344	59
52.64	53.28	71
52.704	53.248	72
52.736	53.024	60
52.832	53.248	62
52.832	53.28	74
52.928	53.344	64
52.928	53.344	76
53.024	53.28	77
53.024	53.344	65
53.12	53.28	79
53.12	53.344	67
53.216	53.376	81
53.216	55.2	69
53.312	55.008	70
54.528	55.808	79
54.528	58.208	67
55.744	57.952	76
55.744	59.52	64
56.992	59.52	61
56.992	59.552	73
58.272	59.712	60
59.584	59.712	41
59.712	60.448	60
59.712	60.704	41
60.0	60.384	53
60.384	60.768	53
60.672	60.832	70
60.704	60.928	41
60.736	60.864	69
60.896	62.08	40
60.96	61.44	67
61.248	62.048	70
61.408	61.824	60
61.408	62.112	48
61.408	62.144	55
61.696	62.08	73
61.696	62.112	58
62.112	63.232	60
62.144	62.944	41
62.688	63.328	48
62.944	63.328	53
62.944	63.392	41
63.328	65.696	60
63.392	64.672	40
63.808	64.672	52
64.032	64.672	48
64.192	64.672	70
64.352	64.416	55
64.608	65.152	41
64.896	65.76	48
65.024	65.408	53
65.152	65.952	41
65.408	65.76	53
65.696	65.824	70
65.92	67.008	40
65.952	66.592	67
66.144	66.304	48
66.272	66.912	70
66.4	67.104	48
66.4	67.136	55
66.432	66.752	60
66.688	66.944	73
66.688	67.104	58
67.072	67.616	60
67.168	67.616	41
67.36	67.616	48
67.616	67.936	41
67.616	68.288	48
67.616	68.32	60
67.904	68.288	53
67.936	68.384	41
68.352	68.864	60
68.352	69.6	40
68.384	68.768	52
68.608	68.864	48
68.768	69.76	52
68.864	69.6	48
68.864	69.632	60
69.184	69.664	70
69.6	69.952	61
69.6	70.112	73
69.6	70.816	40
69.76	70.08	49
70.016	70.88	52
70.144	70.464	49
70.432	70.816	55
70.432	70.944	70
70.464	70.496	43
70.848	72.064	62
70.848	72.096	41
71.104	71.456	50
71.264	71.712	53
71.456	72.128	50
71.68	72.128	58
71.68	72.128	70
72.096	72.992	69
72.096	73.376	41
72.096	73.44	63
72.32	72.704	53
72.512	72.736	78
72.704	73.44	53
72.96	73.44	60
72.96	73.44	77
73.376	74.592	46
73.408	74.656	75
73.504	73.568	65
73.6	73.984	53
73.824	74.592	58
73.984	74.592	41
73.984	74.688	53
74.272	74.624	74
74.656	75.136	69
74.656	75.936	38
74.656	75.936	60
74.88	75.232	50
75.072	75.904	54
75.072	75.904	75
75.232	76.128	50
75.52	75.904	74
75.52	75.968	57
75.52	75.968	62
75.936	76.512	72
76.032	76.384	43
76.128	76.48	50
76.48	77.248	50
76.768	77.216	70
76.8	77.216	58
77.216	77.728	72
77.216	78.432	60
77.216	78.464	40
78.016	78.528	70
78.432	79.456	60
78.464	79.264	41
78.88	79.648	57
79.008	79.616	48
79.264	79.648	53
79.264	79.712	41
79.712	80.768	73
79.712	80.896	58
80.192	80.384	72
80.256	80.576	48
80.32	80.832	70
80.544	80.608	40
80.544	80.928	52
80.576	80.928	69
81.024	81.472	65
81.024	81.824	41
81.248	81.76	48
81.472	81.984	57
81.664	82.24	67
81.824	82.176	53
81.824	82.24	41
81.824	82.24	69
82.048	82.272	70
82.24	82.688	63
82.24	82.752	69
82.24	83.552	41
82.432	82.848	53
82.688	83.2	78
82.688	83.552	63
82.848	83.552	53
83.104	83.552	77
83.104	83.616	60
83.52	83.84	65
83.52	84.16	75
83.52	84.736	46
83.712	84.096	53
83.744	84.704	41
83.968	84.736	58
84.096	84.768	53
84.384	84.768	74
84.8	85.312	69
84.8	86.016	60
84.8	86.048	38
85.024	85.376	50
85.216	85.664	54
85.216	85.664	75
85.376	85.664	50
85.632	86.048	57
85.664	86.048	54
85.664	86.048	74
85.664	86.272	50
86.08	86.496	72
86.176	86.432	43
86.272	86.624	50
86.624	86.944	50
86.912	87.328	70
86.944	87.328	58
86.944	87.36	50
87.328	88.544	40
87.36	87.456	72
87.36	87.872	52
87.36	88.576	60
88.192	88.672	70
88.288	88.48	55
88.576	89.792	60
88.672	89.408	41
89.024	89.792	57
89.12	89.76	48
89.376	89.824	53
89.408	89.856	41
89.824	90.752	73
89.856	90.944	58
90.496	90.688	70
90.496	91.136	48
90.72	90.944	64
90.72	91.072	40
90.72	91.072	52
90.72	91.104	69
91.168	91.2	53
91.168	91.968	57
91.168	92.32	65
91.168	92.416	41
91.552	92.416	53
91.776	92.416	48
91.968	92.416	57
92.512	93.888	41
92.896	93.76	53
93.024	93.76	48
93.792	94.08	69
93.856	96.544	40
94.144	94.368	48
94.144	94.368	60
94.368	95.232	48
94.368	95.232	60
95.2	96.544	59
95.392	95.84	47
95.84	96.512	47
95.872	96.384	52
96.896	97.216	57
96.896	97.248	45
96.928	97.152	69
97.056	97.248	71
97.248	97.376	71
97.44	97.568	72
97.536	97.664	74
97.632	97.92	64
97.632	97.92	76
97.888	98.048	68
98.016	98.08	69
98.016	98.144	66
98.112	98.24	68
98.112	98.24	71
98.208	98.368	69
98.336	98.976	71
98.528	98.624	72
98.624	98.752	74
98.72	98.976	76
98.72	99.04	64
98.976	99.104	68
99.04	99.2	66
99.072	99.2	69
99.168	99.296	68
99.2	99.296	71
99.296	99.456	69
99.424	99.744	71
99.808	99.904	69
99.872	99.936	71
99.936	100.032	71
99.936	100.032	74
100.032	100.16	76
100.064	100.16	72
100.128	100.256	74
100.16	100.288	77
100.224	100.288	76
100.256	100.416	79
100.288	100.352	76
100.384	100.448	77
100.384	100.512	81
100.48	100.64	79
100.512	100.576	76
100.608	100.736	77
100.64	100.736	74
100.704	100.864	76
100.768	100.864	72
100.864	100.96	71
100.864	100.96	74
100.992	101.088	69
100.992	101.088	72
101.088	101.184	71
101.152	101.248	67
101.216	101.376	69
101.248	101.408	65
101.344	101.44	71
101.504	101.632	72
101.6	101.76	60
101.6	101.76	71
101.728	101.856	69
101.888	102.016	67
101.984	102.272	65
101.984	102.4	57
102.208	102.368	63
102.368	102.432	64
102.368	102.496	56
102.464	102.592	54
102.592	102.752	52
102.72	102.848	51
102.816	102.976	49
102.944	103.136	47
103.072	103.488	57
103.2	103.36	61
103.328	103.488	63
103.456	103.584	56
103.456	103.584	64
103.552	103.68	54
103.584	103.68	66
103.68	104.16	52
103.712	103.84	68
103.808	104.096	51
103.808	104.128	69
103.904	104.096	49
104.032	104.192	47
104.16	104.576	57
104.288	104.448	61
104.416	104.576	63
104.544	104.64	64
104.544	104.672	56
104.64	104.768	54
104.64	104.768	66
104.8	104.928	68
104.8	105.152	52
104.896	105.216	69
104.896	105.248	51
104.992	105.184	49
105.12	105.28	47
105.248	105.888	57
105.376	105.536	61
105.472	105.664	63
105.632	105.888	56
105.632	105.888	64
105.728	105.952	54
105.888	106.016	68
105.952	106.304	54
105.984	106.112	66
106.08	106.272	52
106.08	106.304	68
106.208	106.368	51
106.208	106.368	69
106.336	106.496	68
106.336	106.592	52
106.432	106.624	69
106.432	106.688	51
106.56	106.688	50
106.56	106.688	71
106.688	106.816	69
106.688	106.976	52
106.72	106.784	57
106.816	106.976	71
106.816	107.04	50
106.944	107.04	48
106.944	107.04	60
106.944	107.04	72
107.04	107.296	71
107.04	107.392	50
107.168	107.328	72
107.168	107.36	48
107.296	107.392	59
107.296	107.424	47
107.296	107.424	74
107.424	107.552	72
107.424	107.68	60
107.424	107.744	48
107.52	107.68	47
107.52	107.68	74
107.648	107.776	45
107.648	107.808	76
107.776	107.936	77
107.776	108.096	44
107.872	108.064	76
108.0	108.128	47
108.0	108.128	74
108.0	108.16	59
108.128	108.32	77
108.128	108.384	83
108.128	108.512	38
108.256	108.416	53
108.256	108.48	76
108.384	108.48	59
108.384	108.512	47
108.384	108.544	74
108.512	108.64	50
108.512	108.768	83
108.512	108.832	77
108.512	110.048	38
108.64	108.864	76
108.736	108.896	47
108.736	108.896	74
108.768	108.832	59
108.864	109.216	50
108.864	109.248	77
108.864	109.248	83
108.992	109.28	76
109.12	109.28	47
109.12	109.28	59
109.12	109.28	74
109.248	109.632	77
109.248	109.632	83
109.376	109.664	76
109.504	109.664	47
109.504	109.664	74
109.632	109.888	53
109.632	109.984	77
109.632	110.016	83
109.728	110.048	76
109.856	110.016	74
109.888	110.048	47
109.888	110.048	59
109.984	110.368	77
110.016	110.336	83
110.112	110.368	75
110.272	110.368	74
110.368	110.528	77
110.368	110.528	83
110.496	110.688	75
110.624	110.752	74
110.752	110.88	83
110.752	110.912	77
110.88	111.04	75
111.008	111.104	74
111.136	111.296	80
111.264	111.424	79
111.392	111.552	77
111.52	111.648	79
111.616	111.808	77
111.776	111.904	75
111.904	112.064	77
112.032	112.192	75
112.192	112.256	74
112.288	112.416	72
112.416	112.512	74
112.544	112.64	75
112.64	112.8	74
112.768	112.928	75
112.896	113.056	77
113.024	113.344	79
113.024	113.408	67
113.152	113.312	69
113.28	113.408	71
113.376	113.504	69
113.408	113.504	72
113.504	113.632	71
113.504	113.664	74
113.6	113.728	72
113.632	113.76	75
113.728	114.08	74
113.824	114.016	75
113.984	114.144	77
114.112	114.432	79
114.112	114.496	67
114.24	114.432	69
114.336	114.496	71
114.464	114.592	69
114.464	114.592	72
114.592	114.72	71
114.592	114.72	74
114.688	114.816	72
114.72	114.848	75
114.816	115.104	74
114.944	115.072	75
115.072	115.2	77
115.168	115.264	75
115.2	115.296	72
115.296	115.456	74
115.296	115.456	77
115.424	115.552	79
115.424	115.584	75
115.52	115.648	77
115.552	115.68	80
115.648	115.776	79
115.648	115.808	82
115.776	115.904	80
115.776	115.904	84
115.904	116.0	82
115.904	116.032	79
116.032	116.128	80
116.032	116.16	77
116.128	116.256	75
116.128	116.256	79
116.256	116.416	77
116.288	116.352	74
116.384	116.48	72
116.384	116.512	75
116.512	116.64	70
116.64	116.768	72
116.64	116.8	68
116.736	116.864	74
116.896	117.056	75
116.992	117.152	63
117.152	117.28	72
117.248	117.44	70
117.376	117.664	68
117.376	117.76	60
117.536	117.728	67
117.632	117.76	66
117.728	117.92	59
117.728	117.952	67
117.888	118.016	57
117.984	118.144	55
118.112	118.4	54
118.24	118.432	52
118.336	118.528	50
118.496	118.656	62
118.496	118.848	60
118.624	118.752	64
118.72	118.848	66
118.816	119.008	59
118.848	119.008	67
118.976	119.104	57
118.976	119.104	69
119.072	119.232	55
119.072	119.232	71
119.2	119.488	54
119.2	119.584	72
119.328	119.488	52
119.456	119.616	50
119.584	119.744	62
119.584	119.936	60
119.68	119.84	64
119.808	119.936	66
119.904	120.096	59
119.904	120.096	67
120.032	120.192	57
120.032	120.192	69
120.16	120.32	55
120.16	120.32	71
120.288	120.576	54
120.288	120.608	72
120.416	120.576	52
120.512	120.704	50
120.64	120.8	62
120.64	121.024	60
120.768	120.896	64
120.864	121.056	66
120.992	121.344	67
120.992	121.376	59
121.12	121.28	57
121.12	121.344	69
121.248	121.376	55
121.248	121.376	71
121.344	121.632	69
121.344	121.696	57
121.472	121.632	55
121.472	121.696	71
121.6	121.728	54
121.6	121.728	72
121.696	121.888	55
121.696	122.048	71
121.824	122.016	72
121.824	122.048	54
121.952	122.08	74
121.952	122.112	53
122.08	122.272	52
122.08	122.4	72
122.208	122.368	50
122.304	122.464	48
122.304	122.56	76
122.432	122.656	74
122.432	122.688	62
122.432	122.72	50
122.56	122.752	76
122.56	122.784	48
122.656	122.784	77
122.656	122.816	47
122.784	122.944	76
122.784	123.008	48
122.912	123.072	47
122.912	123.072	59
122.912	123.072	77
123.04	123.168	46
123.04	123.168	58
123.04	123.2	79
123.168	123.232	57
123.168	123.52	60
123.168	123.52	72
123.168	123.744	45
123.296	123.456	57
123.296	123.552	65
123.392	123.52	69
123.52	123.904	69
123.52	123.936	72
123.52	123.968	60
123.52	124.096	57
123.648	123.904	77
123.648	124.128	53
123.776	124.128	81
123.776	124.192	48
123.872	124.16	84
123.904	124.032	45
123.904	124.064	33
123.904	124.192	77
124.0	124.224	89
124.0	124.352	41
124.128	124.256	93
124.128	124.288	81
124.256	124.32	84
124.256	124.416	96
124.672	124.8	55
124.672	124.896	52
124.672	124.928	47
124.672	124.928	59
124.672	124.928	71
124.672	124.928	79
124.672	124.928	83
124.704	124.736	76
125.088	125.344	78
125.088	125.376	47
125.088	125.376	51
125.088	125.376	54
125.088	125.376	59
125.088	125.376	71
125.088	125.376	75
125.088	125.376	83
125.504	125.664	67
125.504	125.664	76
125.632	125.792	66
125.632	125.792	78
125.76	125.92	64
125.76	125.984	79
125.888	126.176	63
125.888	126.4	81
125.984	126.208	61
126.112	126.336	59
126.24	126.4	71
126.24	126.624	69
126.368	126.528	73
126.496	126.624	75
126.592	126.752	67
126.592	126.752	76
126.72	126.848	78
126.72	126.88	66
126.848	127.008	64
126.848	127.008	79
126.944	127.168	63
126.944	127.296	81
127.072	127.264	61
127.2	127.456	59
127.328	127.456	71
127.328	127.68	69
127.456	127.584	73
127.552	127.712	75
127.68	127.84	76
127.68	128.0	67
127.808	127.968	66
127.808	128.0	78
127.936	128.064	64
127.936	128.096	79
128.032	128.32	63
128.032	128.352	78
128.16	128.352	79
128.16	128.384	64
128.288	128.384	66
128.288	128.448	81
128.384	128.672	79
128.384	128.832	64
128.512	128.672	66
128.512	128.8	81
128.64	128.8	83
128.64	128.832	67
128.768	129.568	60
128.896	129.376	65
128.992	129.472	69
129.12	129.536	72
129.12	129.824	57
129.248	129.536	77
129.248	129.76	53
129.376	129.728	81
129.376	129.92	48
129.472	129.76	84
129.504	129.632	33
129.504	129.984	45
129.6	129.792	89
129.6	129.984	41
129.728	129.888	81
129.728	129.888	93
129.856	130.016	96
129.856	130.048	84
130.272	130.368	76
130.272	130.4	55
130.272	130.432	52
130.272	130.464	43
130.272	130.528	47
130.272	130.528	71
130.272	130.528	79
130.272	130.56	59
130.272	130.56	83
130.688	130.944	78
130.688	130.976	47
130.688	130.976	51
130.688	130.976	54
130.688	130.976	59
130.688	130.976	71
130.688	130.976	75
130.688	130.976	83
131.136	131.36	76
131.136	131.744	88
131.136	132.224	43
131.136	132.224	83
131.136	132.256	52
131.136	132.256	79
131.136	132.288	40
132.448	132.608	59
132.448	132.608	71
132.448	132.672	47
132.448	132.672	75
132.448	132.672	83
132.64	132.768	76
132.64	132.8	48
132.64	132.8	60
132.64	132.8	82
132.832	132.96	59
132.832	132.992	71
132.832	132.992	75
132.832	132.992	83
132.832	133.056	47
133.024	133.152	60
133.024	133.152	76
133.024	133.184	48
133.024	133.184	82
133.216	133.376	59
133.216	133.408	47
133.216	133.408	75
133.216	133.408	83
133.696	133.856	54
133.696	134.144	78
133.696	134.88	81
133.696	134.912	38
133.696	134.912	50
135.008	135.104	73
135.008	135.136	57
135.008	135.168	69
135.008	135.232	45
135.008	135.232	81
135.2	135.328	46
135.2	135.328	58
135.2	135.328	74
135.2	135.328	80
135.392	135.52	73
135.392	135.552	45
135.392	135.552	69
135.392	135.552	81
135.424	135.52	57
135.616	135.712	46
135.616	135.712	58
135.616	135.712	74
135.616	135.744	80
135.808	135.904	73
135.808	135.936	45
135.808	135.936	57
135.808	135.968	69
135.808	135.968	81
136.256	136.352	81
136.256	136.512	72
136.256	136.672	84
136.256	136.736	78
136.256	137.184	39
136.256	137.184	51
137.152	137.216	76
137.152	137.344	64
137.152	137.376	83
137.152	137.408	71
137.152	137.44	40
137.152	137.44	52
137.152	137.472	79
137.6	137.856	53
137.6	137.856	69
137.6	137.856	72
137.6	137.856	77
137.6	137.856	81
137.6	137.888	41
138.016	138.144	72
138.016	138.176	84
138.016	138.24	81
138.016	138.272	54
138.016	138.272	75
138.016	138.304	42
138.464	138.752	76
138.464	138.752	79
138.464	138.752	83
138.464	138.784	43
138.464	138.784	71
138.912	139.168	81
138.912	139.2	72
138.912	139.2	78
138.912	139.264	45
138.912	139.264	57
139.36	139.584	59
139.36	139.648	71
139.36	139.648	76
139.36	139.68	47
139.36	139.68	79
139.584	139.712	59
139.808	140.032	47
139.808	140.064	78
139.808	140.096	59
139.808	140.096	75
140.032	140.128	47
140.288	140.512	59
140.288	140.512	64
140.288	140.544	55
140.288	141.472	52
140.48	140.96	66
140.576	140.8	67
140.672	140.864	69
140.768	141.344	71
140.864	141.28	73
140.96	141.408	75
141.056	141.344	76
141.152	141.376	78
141.152	141.408	66
141.248	141.44	79
141.344	141.504	81
141.472	141.6	47
141.472	141.6	59
141.472	141.6	71
141.472	141.6	83
141.472	141.664	51
141.664	141.792	52
141.664	141.824	48
141.664	141.824	82
141.664	141.888	70
141.856	141.984	47
141.856	141.984	59
141.856	141.984	71
141.856	141.984	75
141.856	141.984	83
141.856	142.08	51
142.048	142.176	48
142.048	142.176	52
142.048	142.176	70
142.048	142.208	82
142.24	142.368	78
142.24	142.4	47
142.24	142.4	51
142.24	142.4	59
142.24	142.4	71
142.24	142.4	83
142.24	142.432	75
142.688	143.136	62
142.688	143.168	57
142.688	143.808	54
142.688	143.84	50
142.912	143.328	64
143.008	143.52	66
143.104	143.264	67
143.2	143.392	69
143.296	143.616	71
143.392	143.776	73
143.488	143.808	74
143.584	143.84	76
143.68	143.872	78
143.776	143.904	80
143.808	143.904	64
143.904	144.032	69
143.904	144.032	81
143.904	144.064	49
144.064	144.224	50
144.064	144.224	68
144.064	144.224	80
144.288	144.416	45
144.288	144.416	49
144.288	144.448	69
144.288	144.512	81
144.48	144.608	50
144.48	144.608	68
144.48	144.608	80
144.672	144.832	49
144.672	144.832	57
144.672	144.864	45
144.672	144.864	69
144.672	144.864	81
145.152	145.728	48
145.184	145.728	52
145.248	146.048	72
145.344	145.824	76
145.472	146.016	79
145.568	146.016	84
145.696	146.048	88
145.792	146.048	91
145.888	146.048	96
146.016	146.08	95
146.016	146.24	43
146.016	146.304	52
146.016	146.336	40
146.464	146.688	41
146.464	146.848	53
146.464	146.944	69
146.592	146.912	72
146.688	146.88	77
146.688	146.912	41
146.816	147.008	81
146.912	147.328	51
146.912	147.328	72
146.912	147.36	54
147.04	147.296	75
147.136	147.296	81
147.264	147.392	84
147.392	147.648	55
147.392	147.808	43
147.392	147.84	71
147.488	147.776	76
147.616	147.808	79
147.712	147.84	83
147.84	147.936	57
147.84	148.128	48
147.84	148.256	54
147.84	148.32	69
147.936	148.32	57
147.936	148.32	60
147.936	148.32	72
148.064	148.288	78
148.16	148.32	81
148.288	148.448	52
148.288	148.544	55
148.288	148.736	67
148.288	148.768	59
148.384	148.704	71
148.512	148.672	76
148.64	148.8	79
148.768	149.216	54
148.768	149.216	59
148.768	149.248	51
148.768	149.248	66
148.864	149.216	71
148.992	149.248	75
149.12	149.248	78
149.248	149.312	59
149.248	149.344	76
149.248	149.472	64
149.248	149.696	52
149.44	149.6	66
149.44	149.664	54
149.536	149.632	67
149.536	149.76	55
149.632	149.792	69
149.632	149.856	57
149.728	149.856	59
149.728	149.856	71
149.824	150.144	55
149.824	150.144	73
149.824	150.304	61
149.92	150.144	63
149.92	150.24	75
150.016	150.24	76
150.016	150.752	64
150.112	150.368	66
150.112	150.368	78
150.208	150.752	79
150.24	150.304	67
150.304	150.56	81
150.304	150.784	69
150.432	150.752	83
150.432	150.784	71
150.528	150.624	55
150.528	150.752	72
150.528	150.752	84
150.624	150.752	74
150.624	150.752	86
150.624	152.064	55
150.72	150.848	76
150.72	150.848	88
150.816	152.0	89
150.816	152.064	77
152.032	153.28	74
152.032	153.28	86
153.248	154.528	83
153.248	155.808	71
154.496	155.808	80
154.496	155.84	68
155.776	156.864	79
155.776	156.896	67
157.088	157.472	76
157.088	158.304	48
157.088	158.4	67
157.12	157.824	60
157.984	158.368	64
158.144	158.368	77
158.336	159.552	47
158.784	159.552	77
158.88	159.584	62
159.2	159.648	80
159.232	159.584	65
159.616	160.768	79
159.616	160.864	67
160.384	160.896	55
160.48	160.896	60
160.48	160.896	76
160.864	162.048	67
160.864	162.08	79
160.864	162.176	47
161.408	162.144	65
161.76	162.144	77
161.76	162.176	62
162.112	163.392	67
162.144	163.36	76
162.656	163.36	60
162.912	163.392	55
163.04	163.392	64
163.168	163.392	77
163.36	164.576	47
163.776	164.64	77
163.904	164.64	62
164.064	164.608	55
164.192	164.576	80
164.224	164.576	65
164.608	165.792	79
164.608	165.856	67
164.64	165.888	48
165.216	165.856	55
165.44	165.888	60
165.472	165.856	76
165.856	166.72	79
165.856	166.976	67
165.856	167.104	47
166.304	166.752	65
166.496	167.168	55
166.688	167.136	77
166.752	167.136	62
167.104	168.0	80
167.104	168.384	47
167.104	168.384	68
167.328	167.68	56
167.52	168.384	65
167.68	168.384	56
167.936	168.384	62
167.936	168.384	77
168.352	169.12	81
168.352	169.216	69
168.352	169.536	48
168.608	168.96	57
168.768	169.632	65
168.96	169.632	57
169.184	169.632	77
169.216	169.696	60
169.6	170.048	76
169.6	170.912	48
169.6	170.912	70
169.888	170.08	60
170.048	170.912	67
170.048	170.912	76
170.048	170.912	85
170.24	170.912	60
170.464	170.912	64
170.464	170.944	84
170.88	171.68	82
170.88	172.16	53
171.744	172.192	69
171.744	172.192	81
172.16	172.864	76
172.16	173.408	45
172.16	173.504	67
172.448	172.736	57
172.576	173.376	82
172.576	173.44	61
172.736	173.44	57
173.024	173.472	81
173.056	173.472	64
173.44	174.688	79
173.44	174.752	50
174.272	174.688	77
174.368	174.72	65
174.688	175.936	79
174.688	176.192	47
175.168	175.968	65
175.584	175.968	62
175.584	175.968	77
175.936	177.28	67
175.936	177.6	79
176.8	177.216	76
176.8	177.28	60
177.184	177.888	80
177.472	177.824	55
177.6	178.432	79
177.824	178.432	55
177.824	178.432	77
178.048	178.496	59
178.528	179.552	48
179.168	179.776	55
179.328	179.68	76
179.52	179.808	77
179.744	181.056	48
179.744	181.056	70
179.744	181.088	76
180.0	180.224	60
180.192	180.544	85
180.192	181.056	67
180.352	181.088	60
180.608	181.056	64
180.608	181.344	84
181.024	182.24	72
181.024	182.336	53
181.856	182.336	81
181.888	182.336	69
182.304	183.072	76
182.304	183.648	67
182.592	182.88	57
182.72	183.136	64
182.72	183.488	82
182.72	183.584	61
182.88	183.584	57
183.136	183.616	64
183.136	183.616	81
183.552	184.832	79
183.552	184.896	50
184.416	184.8	77
184.512	184.8	65
184.832	186.08	67
184.832	186.112	79
184.832	186.144	47
185.28	186.112	65
185.664	186.112	77
185.728	186.112	62
186.08	187.584	67
186.112	187.744	79
186.944	187.36	76
186.944	187.776	60
187.328	188.576	80
187.744	189.888	79
187.968	188.544	77
188.192	188.736	59
188.704	191.296	48
190.016	191.296	67
190.752	191.328	55
191.296	192.704	47
191.296	192.704	67
191.296	192.704	76
191.84	192.736	59
192.704	194.368	47
192.96	193.344	54
193.216	194.368	59
193.344	194.464	54
193.728	194.336	63
194.4	194.88	56
194.4	194.944	65
194.496	195.104	71
194.656	195.168	74
194.656	195.52	62
194.752	195.168	59
194.752	195.264	77
194.88	195.264	56
194.88	195.392	83
195.008	195.232	53
195.008	195.328	86
195.104	195.488	50
195.136	195.296	89
195.232	195.648	53
195.264	195.456	95
195.36	195.648	98
195.488	195.68	44
195.52	195.68	101
196.704	198.016	46
196.928	197.344	53
197.184	197.92	58
197.344	197.984	53
198.112	199.296	65
198.112	199.392	46
198.272	198.688	53
198.528	199.36	58
198.688	199.424	53
199.392	200.8	45
199.648	200.032	53
200.032	200.832	53
200.8	202.592	45
201.824	202.528	61
202.496	203.68	54
202.528	202.624	63
202.624	202.88	69
202.624	203.04	63
202.752	203.392	60
202.752	203.712	72
202.88	203.584	69
202.88	203.616	57
202.88	203.744	75
202.976	203.232	53
202.976	203.648	81
203.104	203.648	84
203.104	203.776	51
203.232	203.744	87
203.36	203.392	93
203.456	203.712	96
203.488	203.616	42
203.616	203.744	99
203.616	203.776	42
204.832	205.472	44
205.024	205.472	51
205.472	206.176	44
205.472	206.208	51
206.24	206.496	68
206.304	206.464	66
206.432	206.88	51
206.816	207.552	56
206.88	207.616	51
207.552	207.776	56
207.552	207.84	68
207.712	207.84	44
207.712	207.904	65
207.808	208.224	53
207.84	209.056	44
208.224	208.992	53
208.224	208.992	56
208.576	208.96	61
209.056	209.248	73
209.12	210.464	44
209.216	209.632	53
209.472	209.888	77
209.632	210.208	53
209.888	210.272	78
209.92	210.208	61
210.272	211.648	63
210.368	211.68	80
210.848	212.032	51
211.008	211.68	44
211.328	211.648	54
211.776	213.344	80
211.808	212.864	66
211.808	213.28	32
212.128	212.448	44
212.288	213.28	51
212.448	213.216	44
213.216	213.408	44
213.312	213.984	49
213.568	213.792	77
213.696	214.368	75
213.792	214.048	77
214.048	214.464	77
214.336	214.528	80
214.432	214.848	78
214.528	214.816	80
214.816	215.52	80
214.976	215.36	82
215.232	215.488	85
215.328	215.552	87
215.456	215.584	89
215.52	215.744	49
215.552	215.744	56
215.616	215.744	90
215.712	215.84	51
215.712	215.968	89
215.84	216.064	87
215.84	216.256	51
215.968	216.48	89
216.064	216.32	87
216.064	216.704	61
216.224	216.448	85
216.32	216.544	87
216.448	216.704	85
216.736	216.864	85
216.832	217.056	84
217.056	217.408	84
217.248	217.792	82
217.408	217.824	80
217.536	217.76	78
217.6	217.824	77
217.792	218.272	56
217.792	218.912	49
217.952	218.24	75
218.24	218.592	75
218.4	218.592	76
218.528	218.656	78
218.592	219.136	76
218.72	219.008	78
219.008	219.712	78
219.136	219.36	80
219.36	219.808	80
219.552	219.776	82
219.744	219.84	84
219.776	220.096	85
219.872	220.032	87
220.0	220.16	88
220.064	220.416	49
220.16	220.256	90
220.16	220.288	56
220.224	220.48	88
220.224	220.64	51
220.384	220.48	87
220.48	220.896	88
220.576	220.864	87
220.768	220.96	85
220.864	221.216	87
220.96	221.248	85
221.152	221.312	84
221.248	221.76	85
221.568	221.856	83
221.728	221.888	81
221.856	222.048	80
222.016	222.304	78
222.176	222.272	76
222.272	222.368	75
222.368	222.432	73
222.4	222.56	61
222.464	222.592	75
222.624	222.688	76
222.72	222.848	75
222.816	222.912	76
222.976	223.04	78
223.072	223.2	76
223.168	223.36	78
223.328	223.488	80
223.456	223.584	60
223.456	223.648	81
223.584	223.68	61
223.68	223.808	63
223.776	223.936	61
223.904	224.064	63
224.192	224.384	66
224.192	224.48	80
224.352	224.48	64
224.448	224.608	63
224.608	224.64	73
224.608	224.736	64
224.704	224.8	75
224.896	225.056	75
225.056	225.152	76
225.184	225.312	78
225.28	225.376	76
225.28	225.472	61
225.376	225.504	78
225.536	225.632	80
225.664	225.792	60
225.664	225.824	81
225.76	225.824	61
225.888	225.984	63
225.984	226.144	61
226.112	226.272	63
226.4	226.592	66
226.4	226.688	80
226.528	226.656	64
226.656	226.816	63
226.752	226.848	64
226.88	226.976	78
227.008	227.104	79
227.104	227.264	78
227.232	227.392	79
227.392	227.52	81
227.488	227.616	79
227.584	227.744	81
227.776	227.808	55
227.776	227.872	83
227.872	228.0	63
227.872	228.032	84
227.968	228.032	64
228.096	228.192	66
228.224	228.32	64
228.32	228.512	66
228.608	228.736	69
228.608	228.736	83
228.832	228.928	66
228.96	229.056	86
229.056	229.152	66
229.056	229.152	86
229.312	229.472	66
229.44	229.6	68
229.696	230.016	71
229.696	230.048	85
229.92	229.952	69
229.92	230.112	68
230.08	230.24	66
230.08	230.24	78
230.208	230.336	80
230.336	230.464	81
230.432	230.592	80
230.56	230.72	81
230.688	230.816	83
230.816	231.136	85
230.816	231.2	79
231.008	231.104	70
231.168	231.328	63
231.168	231.36	78
231.2	231.296	71
231.296	231.36	64
231.424	231.552	66
231.52	231.648	64
231.648	231.808	66
231.808	231.968	67
231.904	232.16	69
231.904	232.16	78
231.936	232.128	75
232.032	232.192	83
232.16	232.256	78
232.288	232.384	88
232.288	232.416	68
232.288	232.416	76
232.384	232.512	78
232.512	232.608	80
232.64	232.768	78
232.736	232.896	80
232.896	233.024	81
233.024	233.216	83
233.024	233.248	77
233.152	233.312	68
233.216	233.408	62
233.376	233.536	61
233.376	233.6	76
233.376	233.6	88
233.504	233.664	62
233.632	233.696	64
233.728	233.888	62
233.856	233.952	64
233.984	234.144	66
234.112	234.368	76
234.112	234.464	67
234.24	234.4	81
234.368	234.432	76
234.496	234.624	66
234.496	234.624	74
234.496	234.624	86
234.624	234.688	76
234.72	234.816	78
234.848	234.976	76
234.944	235.072	78
235.104	235.232	79
235.2	235.616	74
235.232	235.456	65
235.232	235.52	86
235.232	235.584	81
235.456	235.616	65
235.584	235.744	64
235.584	235.744	80
235.872	235.904	56
235.968	236.096	66
236.064	236.224	68
236.224	236.352	69
236.32	236.544	81
236.32	236.736	65
236.352	236.736	71
236.448	236.736	86
236.544	236.736	81
236.704	236.864	80
236.736	236.864	64
236.832	236.96	81
236.96	237.056	83
237.056	237.216	81
237.184	237.312	83
237.312	237.44	84
237.44	237.76	86
237.44	237.824	74
237.44	237.824	81
237.472	237.696	65
237.696	237.888	65
237.792	237.984	80
237.824	237.888	64
237.888	237.952	64
238.048	238.176	68
238.208	238.336	66
238.272	238.432	68
238.464	238.592	69
238.528	238.784	81
238.528	238.944	65
238.56	238.912	71
238.656	238.944	86
238.784	238.944	81
238.912	239.04	80
238.944	239.008	64
239.008	239.072	64
239.008	239.168	81
239.168	239.264	83
239.264	239.424	81
239.392	239.488	83
239.52	239.648	84
239.648	239.872	65
239.648	240.0	81
239.648	240.032	74
239.872	240.032	65
240.0	240.128	64
240.0	240.16	80
240.256	240.352	56
240.384	240.576	66
240.48	240.576	68
240.704	240.896	68
240.896	240.928	56
240.992	241.12	71
241.12	241.248	69
241.216	241.312	71
241.344	241.472	72
241.44	241.6	71
241.568	241.696	72
241.696	241.856	74
241.824	242.112	76
241.824	242.144	64
241.952	242.176	66
242.08	242.208	68
242.176	242.304	66
242.176	242.304	69
242.272	242.432	68
242.304	242.432	71
242.4	242.56	69
242.528	242.912	71
242.624	242.784	72
242.784	242.912	74
242.88	243.136	64
242.88	243.2	76
243.04	243.232	66
243.136	243.264	68
243.232	243.392	66
243.264	243.392	69
243.36	243.488	68
243.392	243.52	71
243.488	243.648	69
243.616	243.904	71
243.712	243.84	72
243.872	243.968	74
244.0	244.096	72
244.0	244.128	69
244.096	244.224	71
244.096	244.224	74
244.224	244.352	72
244.224	244.352	76
244.352	244.48	74
244.352	244.48	77
244.448	244.544	76
244.448	244.576	79
244.576	244.672	77
244.576	244.704	81
244.704	244.8	76
244.704	244.832	79
244.8	244.96	77
244.832	244.928	74
244.928	245.056	76
244.96	245.056	72
245.056	245.184	71
245.056	245.184	74
245.152	245.28	72
245.184	245.312	69
245.28	245.408	71
245.312	245.44	67
245.44	245.568	69
245.44	245.6	65
245.536	245.664	71
245.696	245.792	72
245.792	245.952	60
245.792	245.984	71
245.952	246.08	69
246.048	246.208	67
246.176	246.4	65
246.176	246.56	57
246.304	246.432	64
246.4	246.56	63
246.528	246.656	64
246.528	246.688	56
246.656	246.784	54
246.784	246.944	52
246.912	247.04	51
247.008	247.168	49
247.136	247.296	47
247.168	247.296	59
247.264	247.648	57
247.392	247.552	61
247.52	247.68	63
247.648	247.744	64
247.648	247.776	56
247.744	247.872	66
247.744	247.904	54
247.872	248.032	68
247.872	248.288	52
248.0	248.288	51
248.0	248.416	69
248.096	248.288	49
248.224	248.384	47
248.352	248.736	57
248.48	248.64	61
248.608	248.736	63
248.704	248.832	64
248.704	248.864	56
248.832	248.96	54
248.832	248.96	66
248.96	249.12	52
248.96	249.12	68
249.056	249.408	51
249.088	249.44	69
249.184	249.408	49
249.312	249.472	47
249.44	250.112	57
249.568	249.728	61
249.696	249.856	63
249.792	250.016	56
249.792	250.08	64
249.92	250.112	54
249.952	250.08	66
250.048	250.176	52
250.048	250.176	68
250.144	250.304	66
250.144	250.464	54
250.272	250.496	68
250.272	250.752	52
250.4	250.56	51
250.4	250.56	69
250.528	250.752	68
250.624	250.816	51
250.624	250.816	69
250.752	250.88	50
250.752	250.88	71
250.88	251.008	69
250.88	251.168	52
250.976	251.168	50
250.976	251.168	71
251.136	251.232	48
251.136	251.232	72
251.232	251.552	71
251.232	251.616	50
251.264	251.392	62
251.36	251.552	72
251.36	251.584	48
251.36	251.584	60
251.488	251.616	47
251.488	251.616	59
251.488	251.616	74
251.584	251.744	72
251.584	251.872	60
251.584	251.904	48
251.712	251.872	47
251.712	251.904	74
251.84	252.0	45
251.84	252.0	76
251.968	252.096	65
251.968	252.16	62
251.968	252.256	77
252.096	252.864	70
252.096	253.088	58
252.192	252.48	53
252.192	252.48	74
252.192	252.928	62
252.32	252.896	77
252.32	252.992	50
252.416	252.96	82
252.448	252.48	34
252.544	252.992	86
252.672	252.928	89
252.8	252.992	94
252.832	252.864	43
252.928	253.056	26
252.928	253.216	98
253.056	253.216	101
253.056	253.28	26
253.472	253.696	57
253.472	253.696	72
253.472	253.728	52
253.472	253.728	64
253.472	253.728	69
253.472	253.728	76
253.472	253.76	60
253.888	254.112	44
253.888	254.144	52
253.888	254.144	56
253.888	254.144	64
253.888	254.144	68
253.888	254.144	71
253.888	254.144	76
253.888	254.176	59
254.304	254.464	60
254.304	254.848	69
254.432	254.592	59
254.56	254.976	57
254.656	254.976	56
254.784	254.976	54
254.912	255.072	52
255.04	255.136	64
255.04	255.424	62
255.168	255.328	66
255.264	255.424	68
255.392	255.52	69
255.392	255.552	60
255.52	255.68	59
255.52	255.68	71
255.648	256.032	57
255.744	255.968	56
255.744	256.128	74
255.872	256.096	54
256.0	256.128	52
256.128	256.224	64
256.128	256.512	62
256.224	256.384	66
256.352	256.512	68
256.48	256.608	69
256.48	256.64	60
256.608	256.768	59
256.608	256.768	71
256.736	257.088	57
256.832	256.992	56
256.832	257.184	74
256.96	257.152	54
257.088	257.216	52
257.184	257.312	64
257.184	257.6	62
257.312	257.504	66
257.44	257.6	68
257.568	257.888	69
257.568	257.952	60
257.696	257.888	59
257.696	257.92	71
257.792	257.92	72
257.792	257.952	57
257.92	258.272	56
257.92	258.304	71
258.016	258.272	57
258.016	258.272	72
258.016	258.304	69
258.144	258.304	59
258.144	258.304	74
258.272	258.624	72
258.272	258.656	57
258.4	258.56	74
258.4	258.624	59
258.528	258.688	60
258.528	258.688	76
258.656	258.784	77
258.656	258.816	65
258.656	258.88	62
258.752	259.168	70
258.752	259.808	58
258.88	259.008	50
258.88	259.04	74
258.88	259.168	53
258.88	259.392	62
259.008	259.392	77
259.008	259.776	50
259.104	259.648	82
259.104	259.68	46
259.232	259.392	86
259.264	259.52	41
259.36	259.616	89
259.488	259.712	43
259.488	259.776	94
259.616	259.744	26
259.616	259.936	98
259.744	260.0	26
259.744	260.0	101
260.16	260.416	52
260.16	260.416	57
260.16	260.416	64
260.16	260.416	72
260.16	260.416	76
260.16	260.448	60
260.192	260.416	40
260.192	260.416	69
260.576	260.8	44
260.576	260.864	52
260.576	260.864	56
260.576	260.864	64
260.576	260.864	68
260.576	260.864	71
260.576	260.896	59
260.576	260.896	76
261.024	261.184	74
261.024	261.28	62
261.024	261.312	65
261.152	261.664	70
261.152	262.144	58
261.28	261.376	50
261.28	261.536	74
261.28	261.632	53
261.28	261.632	62
261.376	262.016	77
261.376	262.144	50
261.504	262.112	82
261.504	262.144	46
261.632	262.016	41
261.632	262.144	86
261.76	262.176	89
261.856	262.144	94
261.984	262.24	98
262.112	262.272	26
262.112	262.272	101
262.144	262.176	41
262.528	262.72	53
262.528	262.784	58
262.528	262.784	62
262.528	262.784	65
262.528	262.784	70
262.528	262.784	77
262.944	263.168	53
262.944	263.2	57
262.944	263.2	60
262.944	263.2	65
262.944	263.2	69
262.944	263.2	72
262.944	263.2	77
263.328	263.68	79
263.328	263.744	91
263.328	263.776	43
263.712	263.872	63
263.712	263.936	75
263.712	263.968	55
263.712	263.968	67
263.712	263.968	79
263.712	264.032	60
263.872	263.968	63
264.128	264.384	55
264.128	264.384	67
264.128	264.384	79
264.128	264.416	59
264.128	264.416	62
264.128	264.416	71
264.512	264.672	57
264.512	264.832	69
264.512	264.896	81
264.544	264.896	93
264.896	265.088	77
264.896	265.152	62
264.896	265.152	65
264.896	265.152	69
264.896	265.152	81
264.896	265.184	57
265.312	265.536	64
265.312	265.568	57
265.312	265.568	61
265.312	265.568	73
265.312	265.6	69
265.312	265.6	76
265.312	265.6	81
265.728	265.92	55
265.728	265.92	58
265.728	265.92	70
265.728	265.952	67
265.92	266.112	55
265.92	266.112	58
265.92	266.112	70
265.952	266.112	67
266.112	266.304	70
266.112	266.336	55
266.112	266.336	58
266.112	266.336	67
266.112	266.56	64
266.144	266.528	73
266.336	266.56	58
266.336	266.56	67
266.336	266.592	70
266.336	267.328	55
266.56	266.752	49
266.56	266.752	58
266.56	266.752	64
266.56	266.752	67
266.56	266.752	76
266.752	266.88	79
266.752	266.976	49
266.752	267.168	76
266.752	267.2	58
266.752	267.392	67
266.752	267.424	64
266.944	267.168	79
266.976	267.392	46
266.976	267.776	49
267.168	267.36	76
267.168	267.392	79
267.2	267.584	58
267.36	267.584	52
267.36	267.584	76
267.36	267.584	82
267.36	268.224	43
267.392	267.584	46
267.392	267.584	79
267.584	267.776	76
267.584	267.776	79
267.584	268.192	82
267.584	268.224	46
267.584	268.224	52
267.776	268.0	76
267.776	268.192	49
267.776	268.224	79
267.776	268.224	85
268.0	268.256	76
268.224	268.576	41
268.224	268.576	50
268.224	268.576	77
268.224	268.576	81
269.504	269.92	81
269.504	269.984	50
269.536	269.888	41
269.536	270.016	77
269.536	270.016	89
270.848	271.072	40
270.848	271.072	52
270.848	271.104	60
270.848	271.104	69
270.848	271.104	76
272.096	272.384	68
272.096	272.416	52
272.096	272.416	59
272.128	272.352	76
273.472	273.664	57
273.472	274.784	45
273.504	273.536	73
273.504	273.664	64
274.144	275.136	52
274.368	274.848	61
274.624	274.816	73
274.848	276.064	44
275.2	276.192	59
275.232	275.616	74
275.36	276.576	52
275.616	276.128	77
276.032	277.248	45
276.48	277.248	61
276.576	277.376	52
276.896	277.312	57
277.28	277.536	64
277.312	278.24	76
277.344	278.528	44
277.792	278.56	56
277.984	278.72	52
278.112	278.592	59
278.528	279.744	45
278.56	278.688	64
279.04	279.808	57
279.392	279.808	61
279.648	279.776	73
279.84	280.448	71
279.84	281.056	44
280.064	280.416	52
280.192	281.088	59
280.416	281.056	52
280.608	281.056	77
280.768	281.056	62
281.024	281.792	64
281.024	282.208	45
281.472	282.304	61
281.76	282.304	52
281.888	282.304	57
281.92	282.08	73
282.24	283.552	64
282.304	283.552	44
282.72	283.776	56
283.104	283.552	74
283.104	283.648	59
283.52	284.064	65
283.552	284.032	77
283.552	284.768	44
283.744	284.128	53
283.968	284.8	56
284.128	284.8	53
284.352	284.736	74
284.352	284.832	59
284.768	286.016	66
284.768	286.048	45
284.768	286.048	78
284.96	285.344	54
285.248	285.984	57
285.344	286.048	54
285.664	286.08	62
286.048	286.464	64
286.048	286.656	73
286.048	287.296	45
286.048	287.36	67
286.272	286.592	57
286.464	286.592	82
286.464	286.88	64
286.656	287.296	57
286.88	287.296	64
286.88	287.328	81
287.328	288.256	79
287.328	288.608	50
288.16	288.576	78
288.224	288.64	66
288.608	288.768	42
288.608	289.472	73
288.608	291.04	64
288.8	289.152	54
289.024	289.152	79
289.024	289.824	61
289.152	289.888	54
289.44	289.888	78
289.44	290.048	58
289.856	289.952	47
289.856	291.072	76
289.952	290.944	66
289.952	291.136	47
290.08	290.464	54
290.368	291.136	59
290.464	290.72	54
290.72	291.072	74
290.72	291.104	54
291.136	291.968	76
291.2	292.384	44
291.936	292.032	59
292.032	292.352	74
292.032	292.416	59
292.352	293.568	45
292.384	292.736	76
292.8	293.504	61
293.248	293.472	73
293.248	293.6	57
293.632	294.112	77
293.664	294.784	40
294.016	294.816	59
294.112	294.144	76
294.272	295.264	52
294.464	294.848	73
294.528	294.912	56
294.88	295.68	45
294.944	295.232	61
295.232	296.192	61
295.584	296.224	52
295.744	296.128	73
295.84	296.288	57
296.0	296.224	74
296.192	297.056	73
296.192	297.408	45
296.192	297.504	67
296.416	296.8	57
296.608	296.736	82
296.704	297.024	64
296.8	297.472	57
297.024	297.472	64
297.024	297.472	81
297.472	297.568	69
297.472	298.496	79
297.472	298.784	50
298.304	298.752	78
298.368	298.752	66
298.72	299.616	73
298.72	301.216	64
298.944	299.296	54
299.136	299.232	79
299.136	300.032	61
299.296	300.032	54
299.584	300.032	78
299.584	300.896	58
300.0	301.216	76
300.0	301.28	47
300.128	301.152	66
300.224	300.576	54
300.512	301.312	59
300.576	301.248	54
300.864	301.216	74
301.28	302.112	76
301.28	302.432	64
301.312	302.464	44
302.08	302.176	59
302.176	302.464	74
302.176	302.56	59
302.496	303.68	64
302.496	303.776	45
302.944	303.712	61
303.36	303.712	57
303.744	304.992	77
303.776	304.992	40
304.16	305.088	59
304.608	305.056	73
304.672	305.088	56
305.056	305.856	61
305.056	306.688	45
305.856	306.4	61
306.4	306.848	48
306.4	306.976	69
306.4	307.2	57
306.4	307.296	52
306.56	307.168	71
306.656	306.816	72
306.752	307.168	74
306.848	307.168	76
306.944	307.2	78
307.04	307.296	80
307.168	307.584	81
307.264	307.552	83
307.36	307.584	84
307.456	307.584	86
307.552	307.648	52
307.552	307.68	56
307.552	307.68	64
307.552	307.68	76
307.552	307.712	88
307.744	307.872	53
307.744	307.904	75
307.744	307.904	87
307.744	307.968	57
307.936	308.064	52
307.936	308.064	56
307.936	308.064	64
307.936	308.064	76
307.936	308.064	88
308.128	308.256	53
308.128	308.288	57
308.128	308.288	75
308.128	308.288	87
308.352	308.48	52
308.352	308.48	56
308.352	308.48	76
308.352	308.48	88
308.8	309.216	47
308.8	309.216	59
308.8	309.248	43
308.8	309.504	67
308.8	309.92	50
308.992	309.216	69
309.088	309.6	71
309.184	309.44	72
309.28	309.536	74
309.376	309.6	76
309.472	309.632	78
309.568	309.792	79
309.664	309.952	81
309.792	310.016	83
309.856	309.984	85
309.984	310.112	50
309.984	310.112	54
309.984	310.112	62
309.984	310.112	74
309.984	310.112	86
310.176	310.304	52
310.176	310.304	73
310.176	310.304	85
310.176	310.336	55
310.368	310.496	54
310.368	310.496	62
310.368	310.496	74
310.368	310.496	86
310.368	310.528	50
310.56	310.624	79
310.56	310.688	52
310.56	310.688	73
310.56	310.688	85
310.56	310.72	55
310.752	310.912	54
310.752	310.912	74
310.752	310.912	86
310.752	310.944	50
311.232	311.808	53
311.232	312.064	41
311.328	312.032	77
311.456	311.872	81
311.552	311.872	84
311.648	312.064	89
311.776	311.904	93
311.872	312.032	96
312.0	312.128	101
312.096	312.352	52
312.096	312.352	100
312.096	312.384	45
312.096	312.384	48
312.096	312.384	57
312.544	312.928	70
312.544	312.928	74
312.544	312.96	53
312.544	312.96	62
312.544	312.992	50
312.544	312.992	58
312.672	312.992	77
312.768	312.992	82
312.896	313.024	86
312.992	313.344	56
312.992	313.344	77
312.992	313.408	47
312.992	313.472	50
313.12	313.376	80
313.216	313.408	86
313.312	313.472	89
313.44	313.856	76
313.472	313.856	57
313.536	313.888	81
313.568	313.664	60
313.664	313.856	84
313.664	313.92	60
313.76	313.92	88
313.888	314.144	62
313.888	314.304	53
313.888	314.4	50
313.888	314.4	74
314.016	314.368	77
314.112	314.368	83
314.144	314.72	62
314.24	314.4	86
314.336	314.752	72
314.336	314.784	64
314.336	314.88	60
314.368	314.784	57
314.464	314.784	76
314.592	314.784	81
314.688	314.816	84
314.816	315.232	56
314.816	315.232	64
314.816	315.264	71
314.944	315.232	76
315.04	315.232	80
315.168	315.328	83
315.296	315.456	57
315.296	315.456	69
315.296	315.52	45
315.424	315.584	59
315.424	315.584	71
315.552	315.68	60
315.552	315.68	72
315.68	315.84	71
315.68	315.872	59
315.808	315.936	60
315.808	315.936	72
315.968	316.128	62
315.968	316.128	74
316.096	316.416	52
316.096	316.48	40
316.096	316.48	64
316.096	316.544	76
316.224	316.416	42
316.224	316.416	54
316.384	316.544	44
316.384	316.544	56
316.512	316.64	57
316.512	316.64	69
316.512	316.672	54
316.64	316.768	56
316.64	316.8	44
316.64	316.8	59
316.64	316.8	71
316.768	316.896	60
316.768	316.896	72
316.768	316.928	57
316.896	317.088	71
316.896	317.312	59
316.896	317.344	47
317.024	317.184	60
317.024	317.184	72
317.152	317.344	74
317.152	317.632	62
317.312	317.344	64
317.312	317.632	52
317.312	317.664	40
317.312	317.728	76
317.44	317.6	42
317.44	317.6	54
317.568	317.696	56
317.568	317.728	44
317.696	317.856	42
317.696	317.856	69
317.696	317.888	54
317.696	317.888	81
317.824	317.984	56
317.856	318.016	71
317.856	318.016	83
317.856	318.048	44
317.984	318.112	57
317.984	318.112	84
317.984	318.144	72
318.112	318.272	83
318.112	318.336	71
318.112	318.528	59
318.112	318.624	47
318.24	318.4	72
318.24	318.4	84
318.368	318.528	74
318.368	318.528	86
318.496	318.848	52
318.496	318.88	40
318.496	318.88	76
318.496	318.88	88
318.656	318.816	42
318.656	318.848	54
318.784	318.912	44
318.784	318.912	56
318.912	319.072	54
318.912	319.072	69
318.912	319.072	81
319.04	319.168	56
319.04	319.2	83
319.04	319.232	71
319.04	319.264	44
319.168	319.328	57
319.168	319.328	72
319.168	319.328	84
319.296	319.488	83
319.296	319.584	71
319.296	319.744	47
319.296	319.744	59
319.424	319.584	72
319.424	319.584	84
319.552	319.744	74
319.552	319.744	86
319.712	320.032	52
319.712	320.064	76
319.712	320.064	88
319.712	320.096	40
319.872	319.968	42
319.872	320.032	54
320.0	320.16	56
320.0	320.288	44
320.128	320.32	57
320.128	320.32	84
320.128	320.352	72
320.128	320.352	76
320.128	320.352	81
320.256	320.384	47
320.256	320.416	59
320.384	320.544	48
320.384	320.544	60
320.512	320.704	47
320.512	320.704	59
320.64	320.832	48
320.64	320.832	60
320.8	320.96	62
320.8	321.28	50
320.928	321.312	52
320.928	321.312	64
320.928	321.312	71
320.928	321.312	76
320.928	321.312	80
320.928	321.312	83
321.344	321.568	45
321.344	321.568	57
321.344	321.568	72
321.344	321.568	76
321.344	321.568	81
321.344	321.568	84
321.504	321.568	53
321.504	321.632	47
321.504	321.664	59
321.632	321.76	48
321.632	321.76	60
321.728	321.92	47
321.76	321.952	59
321.888	322.048	48
321.888	322.08	60
322.048	322.304	50
322.048	322.304	62
322.176	322.56	76
322.176	322.592	64
322.176	322.592	80
322.176	322.592	83
322.176	322.624	52
322.176	322.624	71
322.592	322.752	76
322.592	322.784	48
322.592	322.784	72
322.592	322.784	81
322.592	322.816	84
322.848	322.976	60
322.848	323.008	48
322.88	323.008	36
323.008	323.168	47
323.136	323.168	60
323.136	323.296	36
323.136	323.296	48
323.264	323.392	50
323.392	323.808	40
323.392	323.808	76
323.392	323.808	80
323.392	323.84	52
323.392	323.872	71
323.392	323.872	83
323.84	323.968	57
323.84	324.224	69
323.84	324.224	72
323.84	324.224	76
323.84	324.224	81
325.12	325.376	64
325.12	325.408	33
325.12	325.504	57
325.12	325.504	69
325.12	325.632	60
325.504	325.632	33
325.504	325.888	64
325.504	325.952	57
325.504	325.952	69
325.952	326.4	57
325.952	326.4	69
325.952	326.784	60
326.4	326.464	33
326.4	326.944	57
326.4	326.944	69
