0.512	0.8	57
0.512	0.96	62
0.512	1.024	38
0.512	1.024	50
0.512	1.024	66
0.544	0.672	74
1.344	1.76	66
1.376	1.504	79
1.376	1.792	62
1.472	1.632	78
1.568	1.728	76
1.632	1.792	78
1.76	1.92	81
1.76	1.952	64
1.76	2.176	67
1.888	1.984	79
1.952	2.144	78
2.048	2.208	79
2.208	2.592	66
2.208	2.592	69
2.208	2.592	81
2.592	2.72	81
3.008	3.136	81
3.232	3.36	83
3.392	3.52	85
3.584	3.712	86
3.808	4.256	81
3.808	4.608	54
4.128	4.384	62
4.224	4.608	78
4.224	4.672	50
4.384	4.608	62
4.64	4.8	52
4.64	4.8	81
4.736	4.832	79
4.8	4.96	78
4.8	5.056	62
4.896	5.056	79
5.024	5.12	57
5.024	5.12	81
5.216	5.344	79
5.248	5.344	61
5.44	5.6	77
5.44	5.856	62
5.44	5.888	50
5.664	5.888	78
5.856	5.92	62
6.272	6.4	79
6.272	6.688	66
6.272	6.72	62
6.368	6.56	78
6.464	6.592	76
6.56	6.72	78
6.688	6.816	81
6.688	6.848	64
6.688	7.008	67
6.784	6.88	79
6.848	7.008	78
6.976	7.104	79
7.104	7.488	66
7.104	7.488	81
7.104	7.52	69
7.488	7.584	81
7.904	8.032	81
8.128	8.224	83
8.32	8.448	85
8.512	8.608	86
8.704	9.504	54
8.736	9.088	81
9.024	9.28	62
9.12	9.568	50
9.12	9.568	78
9.28	9.568	62
9.536	9.632	52
9.536	9.664	81
9.632	9.76	79
9.696	9.888	78
9.696	9.952	62
9.824	9.952	79
9.92	10.048	57
9.92	10.048	81
10.016	10.176	79
10.144	10.272	78
10.144	10.368	61
10.24	10.4	76
10.368	10.464	62
10.368	10.464	74
10.592	10.688	66
10.752	10.88	62
10.752	10.88	69
10.944	11.072	66
11.136	11.264	78
11.136	11.296	62
11.264	11.424	78
11.328	11.456	66
11.424	11.552	78
11.552	11.68	62
11.552	11.744	78
11.744	11.808	78
11.744	11.84	66
11.744	11.872	76
11.872	11.968	74
11.968	12.064	64
11.968	12.096	73
12.192	12.288	67
12.352	12.48	64
12.352	12.48	69
12.576	12.672	67
12.768	12.896	64
12.768	12.896	76
12.864	12.96	66
13.024	13.184	66
13.152	13.248	64
13.28	13.376	62
13.376	13.472	61
13.472	13.6	59
13.568	13.664	76
13.568	13.696	57
13.76	13.92	61
13.984	14.112	57
13.984	14.112	69
14.176	14.304	61
14.368	14.464	79
14.368	14.528	57
14.528	14.624	79
14.56	14.656	81
14.56	14.72	61
14.72	14.912	81
14.816	14.848	79
14.816	14.912	55
14.976	15.008	79
14.976	15.104	61
14.976	15.104	78
15.104	15.232	76
15.2	15.328	54
15.2	15.328	74
15.392	15.52	62
15.584	15.712	54
15.584	15.712	69
15.808	15.904	62
15.968	16.096	54
15.968	16.096	78
16.096	16.224	50
16.192	16.32	52
16.288	16.416	54
16.384	16.512	55
16.48	16.608	57
16.576	16.672	59
16.672	16.8	61
16.8	16.928	78
16.8	16.992	62
16.896	16.992	74
16.992	17.088	76
17.088	17.248	78
17.216	17.344	79
17.312	17.44	81
17.408	17.536	83
17.504	17.632	85
17.6	17.728	86
17.696	17.792	85
17.824	17.952	57
17.824	17.952	83
17.92	18.048	81
18.016	18.112	57
18.016	18.144	79
18.112	18.24	78
18.208	18.304	57
18.208	18.304	76
18.304	18.432	74
18.4	18.496	76
18.4	18.528	55
18.4	18.656	59
18.528	18.656	78
18.592	18.72	76
18.72	18.848	75
18.816	18.944	76
18.912	19.072	78
19.04	19.168	79
19.136	19.232	81
19.232	19.36	83
19.328	19.456	81
19.424	19.552	79
19.424	19.616	59
19.552	19.648	78
19.616	19.712	59
19.648	19.68	55
19.648	19.776	76
19.744	19.872	74
19.84	20.032	59
19.872	19.936	56
19.872	19.968	73
19.936	20.064	71
20.032	20.128	73
20.032	20.288	57
20.128	20.256	74
20.256	20.384	73
20.256	20.448	55
20.352	20.512	69
20.448	20.576	54
20.448	20.576	74
20.672	20.8	50
20.864	21.024	79
20.864	21.12	49
20.96	21.12	81
21.056	21.184	79
21.056	21.216	45
21.184	21.312	76
21.28	21.408	50
21.28	21.408	79
21.376	21.504	78
21.472	21.6	54
21.472	21.6	76
21.568	21.664	74
21.696	21.792	73
21.696	21.92	57
21.792	21.92	74
21.888	22.08	55
21.92	22.016	73
21.984	22.144	69
22.08	22.208	54
22.08	22.208	74
22.272	22.432	50
22.496	22.656	79
22.496	22.72	49
22.592	22.752	81
22.688	22.816	79
22.688	22.88	45
22.816	22.912	76
22.88	23.04	50
22.912	23.04	79
23.008	23.136	78
23.104	23.232	54
23.104	23.232	76
23.2	23.328	74
23.296	23.424	73
23.296	23.52	52
23.296	23.52	69
23.296	23.552	45
23.296	23.552	57
23.392	23.552	76
23.52	23.616	73
23.616	23.776	69
23.712	23.904	78
23.712	23.936	50
23.712	23.936	54
23.712	23.936	57
23.808	23.936	81
23.904	24.064	78
24.032	24.16	74
24.128	24.256	73
24.128	24.32	52
24.128	24.384	45
24.128	24.384	57
24.16	24.288	69
24.224	24.384	76
24.352	24.448	73
24.416	24.576	69
24.544	24.736	78
24.544	24.768	54
24.544	24.8	50
24.544	24.8	57
24.64	24.768	81
24.736	24.896	78
24.864	24.992	74
24.96	25.056	73
24.96	25.088	76
25.152	25.28	57
25.152	25.28	81
25.184	25.248	49
25.184	25.248	69
25.184	25.248	73
25.184	25.28	52
25.376	25.472	45
25.376	25.472	49
25.376	25.472	57
25.376	25.472	69
25.376	25.472	73
25.376	25.472	76
25.376	25.472	81
25.376	25.504	52
25.568	25.664	45
25.568	25.664	49
25.568	25.664	52
25.568	25.664	69
25.568	25.664	73
25.568	25.664	76
25.568	25.664	81
25.568	25.696	57
25.76	26.08	69
25.76	26.24	49
25.76	26.24	81
25.76	26.272	52
25.76	26.272	57
25.76	26.272	73
25.792	26.24	76
25.792	26.272	45
26.272	26.4	73
26.368	26.464	71
26.464	26.624	73
26.592	26.72	74
26.688	26.944	57
26.72	26.944	75
26.912	27.072	76
26.976	27.136	61
27.104	27.328	59
27.296	27.488	76
27.424	27.584	62
27.552	27.744	81
27.552	27.776	61
27.744	27.968	80
27.84	27.936	64
27.968	28.192	57
27.968	28.192	78
28.16	28.416	76
28.16	28.576	61
28.384	28.608	59
28.384	28.608	73
28.608	28.704	74
28.832	29.024	62
28.992	29.184	74
28.992	29.248	59
29.216	29.408	56
29.216	29.408	76
29.376	29.664	59
29.376	29.664	74
29.632	29.856	73
29.632	29.888	52
29.824	30.112	71
29.856	30.08	62
30.048	30.272	61
30.048	30.304	68
30.272	30.4	69
30.4	30.432	64
30.496	30.624	56
30.592	30.688	64
30.656	30.912	71
30.88	31.104	57
30.88	31.104	72
31.008	31.136	64
31.104	31.168	76
31.104	31.296	73
31.296	31.456	54
31.424	31.52	76
31.488	31.648	57
31.488	31.712	74
31.68	32.48	52
31.712	32.416	73
31.808	32.256	57
32.16	32.576	61
32.256	32.576	57
32.352	32.48	74
32.416	32.576	73
32.544	32.96	52
32.576	32.672	71
32.576	32.96	56
32.736	32.928	73
32.96	33.088	74
33.184	33.312	75
33.376	33.664	57
33.376	33.664	75
33.632	33.856	76
33.664	33.888	61
33.824	34.048	59
34.048	34.112	59
34.176	34.304	75
34.272	34.464	81
34.272	34.496	61
34.464	34.592	80
34.656	34.816	78
34.688	34.912	57
34.88	35.008	61
34.88	35.008	76
35.072	35.232	73
35.072	35.328	59
35.328	35.392	59
35.328	35.424	74
35.52	35.744	62
35.712	35.808	76
35.712	35.872	59
35.84	35.904	73
35.904	36.128	56
35.904	36.128	76
36.096	36.224	59
36.096	36.224	74
36.224	36.352	59
36.32	36.48	73
36.32	36.608	52
36.544	36.672	56
36.544	36.672	71
36.768	37.152	73
36.768	37.216	57
37.088	37.248	76
37.184	37.632	50
37.248	37.568	66
37.536	37.664	71
37.632	38.528	52
37.664	38.048	69
37.728	38.144	61
38.08	38.528	59
38.272	38.4	68
38.4	38.496	66
38.4	38.56	68
38.528	38.656	69
38.528	38.944	57
38.624	38.72	76
38.752	38.848	75
38.816	38.912	76
38.944	39.072	78
39.04	39.168	76
39.136	39.264	75
39.136	39.296	69
39.232	39.328	76
39.36	39.488	71
39.36	39.488	74
39.456	39.552	76
39.552	39.648	74
39.552	39.712	69
39.648	39.744	76
39.776	39.904	68
39.776	39.904	74
39.872	39.936	76
39.968	40.096	64
39.968	40.096	74
40.096	40.192	76
40.192	40.384	69
40.224	40.352	73
40.32	40.416	76
40.416	40.544	75
40.512	40.608	76
40.64	40.736	78
40.704	40.8	76
40.832	40.928	57
40.832	40.96	75
40.928	40.992	76
40.928	41.024	57
41.056	41.152	59
41.056	41.152	74
41.152	41.248	59
41.152	41.28	76
41.248	41.344	74
41.248	41.44	57
41.344	41.44	76
41.472	41.536	74
41.472	41.6	56
41.568	41.632	76
41.664	41.824	52
41.76	41.856	76
41.888	42.016	57
41.888	42.08	69
42.016	42.08	57
42.016	42.08	64
42.112	42.208	63
42.176	42.272	64
42.336	42.432	66
42.4	42.496	64
42.528	42.656	63
42.528	42.656	81
42.624	42.688	64
42.752	42.848	62
42.752	42.88	83
42.816	42.912	64
42.944	43.072	62
42.944	43.072	81
43.04	43.136	64
43.136	43.264	62
43.136	43.264	80
43.232	43.328	64
43.36	43.488	62
43.36	43.488	76
43.456	43.552	64
43.584	43.712	61
43.584	43.744	81
43.68	43.776	64
43.808	43.904	63
43.872	43.968	64
44.0	44.128	66
44.096	44.192	64
44.224	44.352	45
44.224	44.352	63
44.32	44.384	64
44.416	44.544	62
44.416	44.64	47
44.448	44.576	59
44.512	44.576	64
44.64	44.672	57
44.64	44.768	45
44.64	44.768	62
44.736	44.832	64
44.832	44.928	62
44.864	44.928	56
44.864	44.992	44
44.928	45.024	64
45.056	45.152	62
45.056	45.248	40
45.152	45.312	64
45.28	45.376	57
45.28	45.536	61
45.28	46.144	45
45.696	46.016	61
45.728	45.952	76
46.016	46.144	61
46.144	46.24	59
46.144	46.464	74
46.24	46.432	69
46.336	46.56	59
46.432	46.592	69
46.592	46.784	73
46.656	46.88	69
46.752	46.976	57
46.88	47.008	69
47.008	47.584	78
47.04	47.456	62
47.072	47.328	69
47.328	47.424	80
47.328	47.552	69
47.424	47.584	76
47.456	47.584	62
47.552	47.648	69
47.648	47.808	68
47.68	47.808	80
47.776	47.872	69
47.904	48.064	62
47.904	48.064	83
47.968	48.096	69
48.128	48.224	69
48.128	48.288	81
48.224	48.32	69
48.288	48.512	62
48.32	48.48	80
48.416	48.512	69
48.544	48.8	78
48.64	48.8	69
48.768	48.896	61
48.768	48.928	76
48.864	48.992	69
49.088	49.184	69
49.216	49.376	61
49.216	49.408	76
49.312	49.536	69
49.376	49.664	61
49.536	49.664	69
49.632	49.824	59
49.632	50.048	74
49.728	49.952	69
49.824	50.112	59
49.952	50.112	69
50.08	50.208	57
50.08	50.304	73
50.176	50.4	69
50.272	50.4	57
50.4	50.56	57
50.4	50.56	69
50.528	50.912	71
50.528	50.944	50
50.624	50.848	59
50.752	50.88	54
50.848	50.912	59
50.848	50.976	78
50.944	51.296	76
50.944	51.392	50
51.072	51.36	74
51.072	51.392	59
51.168	51.328	73
51.168	51.36	54
51.296	51.424	71
51.392	51.712	69
51.392	51.84	52
51.52	51.712	61
51.616	52.064	57
51.712	51.84	69
51.712	52.224	61
51.84	52.16	71
51.84	52.32	52
51.904	51.968	73
51.968	52.128	73
52.064	52.288	56
52.096	52.256	69
52.128	52.288	62
52.16	52.288	71
52.256	52.448	57
52.256	52.512	69
52.384	52.48	64
52.48	52.576	61
52.576	52.64	64
52.736	52.864	76
52.736	52.992	61
52.864	53.088	69
52.992	53.12	61
53.184	53.28	59
53.184	53.312	74
53.216	53.408	69
53.376	53.568	59
53.472	53.568	69
53.6	53.824	73
53.696	53.92	69
53.792	53.984	57
53.92	54.048	69
54.048	54.464	78
54.08	54.496	62
54.112	54.368	69
54.368	54.4	68
54.368	54.432	80
54.368	54.496	69
54.464	54.624	76
54.496	54.624	62
54.56	54.688	69
54.688	54.816	68
54.688	54.816	80
54.816	54.912	69
54.912	55.104	62
54.912	55.104	83
55.008	55.104	69
55.168	55.296	81
55.168	55.36	69
55.328	55.52	62
55.36	55.488	80
55.424	55.552	69
55.456	55.488	42
55.52	55.584	68
55.552	55.808	78
55.648	55.808	69
55.808	55.936	61
55.808	55.936	76
55.904	56.0	69
56.096	56.128	68
56.096	56.224	69
56.224	56.416	61
56.224	56.576	76
56.32	56.544	69
56.416	56.672	61
56.544	56.704	69
56.672	56.832	59
56.672	57.12	74
56.768	56.96	69
56.832	57.12	59
56.96	57.12	69
57.088	57.28	57
57.088	57.28	73
57.184	57.408	69
57.28	57.568	57
57.408	57.6	69
57.536	57.952	71
57.536	57.984	50
57.664	57.984	59
57.76	57.92	54
57.856	58.016	78
57.984	58.144	76
57.984	58.368	50
58.08	58.368	74
58.08	58.4	59
58.208	58.368	73
58.208	58.4	54
58.304	58.496	71
58.432	58.848	52
58.432	58.88	69
58.528	58.72	61
58.656	59.136	57
58.72	59.04	61
58.848	59.136	52
58.848	59.168	71
59.04	59.296	61
59.136	59.296	69
59.136	59.328	56
59.136	59.328	62
59.136	59.808	52
59.168	59.488	71
59.296	59.488	69
59.296	59.936	61
59.296	59.968	57
59.392	59.968	64
59.488	59.936	69
59.616	59.84	73
59.744	59.936	76
59.84	59.968	73
59.936	60.096	56
59.936	60.096	74
59.936	60.128	59
59.936	60.384	52
60.064	60.384	71
60.16	60.352	69
60.16	60.768	57
60.16	60.8	61
60.288	60.864	64
60.352	60.768	69
60.48	60.704	73
60.608	60.8	76
60.704	60.832	73
60.8	60.96	56
60.832	60.96	52
60.832	60.96	59
60.832	60.96	74
60.928	61.12	71
61.024	61.312	57
61.024	61.312	61
61.024	61.312	69
61.504	61.792	68
61.504	61.792	71
61.504	61.792	74
61.504	61.824	41
61.504	61.824	53
61.504	61.824	80
62.016	62.112	42
62.016	62.336	54
62.016	62.336	73
62.016	62.336	81
62.016	62.368	69
63.008	63.264	74
63.008	63.296	66
63.008	63.36	62
63.008	64.032	50
63.232	63.36	64
63.456	63.776	64
63.488	63.552	73
63.744	63.936	71
63.936	64.064	71
63.936	64.992	52
63.968	64.288	62
64.192	64.32	69
64.416	64.736	69
64.448	64.736	61
64.704	64.96	59
64.736	64.864	68
64.96	66.176	59
64.96	66.176	62
64.96	66.208	68
64.96	66.72	57
64.992	65.504	52
65.504	66.208	52
66.144	66.784	45
66.176	66.752	61
66.176	66.752	69
67.296	67.328	57
67.296	67.328	74
67.296	67.68	62
67.296	67.776	38
67.296	67.776	50
67.296	67.776	66
68.128	68.288	79
68.128	68.512	66
68.16	68.576	62
68.256	68.416	78
68.352	68.48	76
68.416	68.576	78
68.544	68.704	81
68.544	68.736	64
68.544	68.928	67
68.64	68.768	79
68.736	68.896	78
68.832	68.992	79
68.992	69.376	66
68.992	69.376	69
68.992	69.376	81
69.376	69.504	81
69.792	69.92	81
69.984	70.112	83
70.176	70.304	85
70.368	70.496	86
70.592	71.04	81
70.592	71.36	54
71.008	71.36	78
71.008	71.456	50
71.168	71.36	62
71.424	71.552	52
71.424	71.552	81
71.52	71.616	79
71.584	71.712	78
71.584	71.84	62
71.68	71.84	79
71.808	71.904	57
71.808	71.904	81
72.0	72.128	61
72.0	72.128	79
72.224	72.448	77
72.224	72.64	62
72.224	72.672	50
72.448	72.64	78
72.64	72.672	62
73.056	73.504	62
73.088	73.216	79
73.088	73.408	66
73.184	73.344	78
73.28	73.408	76
73.344	73.504	78
73.472	73.632	64
73.472	73.632	81
73.472	73.792	67
73.568	73.696	79
73.664	73.824	78
73.76	73.92	79
73.92	74.304	66
73.92	74.304	69
73.92	74.4	81
74.72	74.816	81
74.912	75.04	83
75.104	75.232	85
75.296	75.424	86
75.52	75.968	81
75.52	76.32	54
75.936	76.32	78
75.936	76.384	50
76.128	76.32	62
76.352	76.48	52
76.352	76.48	81
76.448	76.544	79
76.512	76.672	78
76.512	76.768	62
76.608	76.736	79
76.736	76.864	81
76.736	76.896	57
76.832	76.992	79
76.928	77.056	78
76.928	77.12	61
77.056	77.184	76
77.152	77.28	62
77.152	77.28	74
77.408	77.504	66
77.568	77.696	62
77.568	77.696	69
77.76	77.856	66
77.952	78.08	62
77.952	78.08	78
78.112	78.208	78
78.144	78.272	66
78.208	78.336	78
78.272	78.4	79
78.368	78.496	62
78.432	78.56	79
78.56	78.656	66
78.56	78.688	76
78.688	78.784	74
78.784	78.88	64
78.784	78.88	73
79.008	79.104	67
79.168	79.264	64
79.168	79.296	69
79.392	79.488	67
79.584	79.712	64
79.584	79.712	76
79.68	79.776	66
79.776	79.904	67
79.84	80.0	66
79.968	80.064	64
80.096	80.192	62
80.16	80.288	61
80.256	80.416	59
80.384	80.48	57
80.384	80.48	76
80.576	80.704	61
80.8	80.896	57
80.8	80.896	69
80.992	81.088	61
81.184	81.28	79
81.184	81.344	57
81.312	81.44	79
81.408	81.472	61
81.44	81.536	79
81.504	81.6	81
81.6	81.664	79
81.6	81.696	55
81.696	81.824	81
81.792	81.92	61
81.792	81.92	78
81.888	82.016	76
81.984	82.112	54
81.984	82.112	74
82.208	82.304	62
82.4	82.528	54
82.4	82.528	69
82.592	82.72	62
82.784	82.912	54
82.784	82.912	78
82.88	83.008	50
82.976	83.104	52
83.072	83.232	54
83.2	83.328	55
83.296	83.424	57
83.392	83.488	59
83.488	83.616	61
83.584	83.744	78
83.616	83.776	62
83.712	83.808	74
83.808	83.904	76
83.904	84.032	78
84.0	84.128	79
84.128	84.224	81
84.224	84.32	83
84.32	84.416	85
84.416	84.512	86
84.512	84.64	85
84.608	84.704	57
84.608	84.736	83
84.704	84.832	81
84.8	84.896	57
84.8	84.928	79
84.928	85.056	78
85.024	85.12	76
85.024	85.152	54
85.024	85.152	57
85.12	85.248	74
85.216	85.312	76
85.216	85.344	55
85.216	85.472	59
85.312	85.472	78
85.408	85.504	76
85.536	85.664	75
85.6	85.728	76
85.728	85.856	78
85.824	85.952	79
85.952	86.048	81
86.048	86.144	83
86.112	86.272	81
86.24	86.368	59
86.24	86.368	79
86.336	86.464	78
86.432	86.496	55
86.432	86.528	59
86.432	86.56	76
86.56	86.656	74
86.656	86.752	59
86.656	86.784	73
86.688	86.72	56
86.752	86.848	59
86.752	86.88	71
86.848	86.944	73
86.848	87.072	57
86.944	87.072	74
87.04	87.2	73
87.04	87.264	55
87.168	87.296	69
87.264	87.392	54
87.264	87.392	74
87.456	87.616	50
87.68	87.872	79
87.68	87.904	49
87.808	87.936	81
87.872	87.968	79
87.872	88.032	45
88.0	88.128	76
88.096	88.224	50
88.096	88.224	79
88.192	88.32	78
88.288	88.416	54
88.288	88.416	76
88.384	88.48	74
88.48	88.736	57
88.512	88.608	73
88.576	88.704	74
88.704	88.832	73
88.704	88.896	55
88.8	88.928	69
88.896	89.024	54
88.896	89.024	74
89.088	89.248	50
89.312	89.472	79
89.312	89.536	49
89.408	89.568	81
89.504	89.6	79
89.504	89.696	45
89.632	89.76	76
89.728	89.856	50
89.728	89.856	79
89.824	89.952	78
89.92	90.048	54
89.92	90.048	76
90.016	90.144	74
90.112	90.24	73
90.112	90.368	45
90.112	90.368	52
90.112	90.4	57
90.208	90.368	76
90.336	90.432	73
90.432	90.592	69
90.528	90.72	78
90.528	90.752	50
90.528	90.752	54
90.528	90.784	57
90.624	90.752	81
90.72	90.88	78
90.848	90.976	74
90.944	91.072	73
90.944	91.168	52
90.944	91.2	45
90.944	91.2	57
90.976	91.136	69
91.04	91.168	76
91.168	91.264	73
91.264	91.424	69
91.36	91.552	78
91.36	91.584	54
91.36	91.616	50
91.36	91.616	57
91.456	91.584	81
91.552	91.712	78
91.68	91.808	74
91.776	91.872	73
91.776	91.904	76
91.968	92.064	49
91.968	92.096	57
91.968	92.096	81
92.0	92.064	52
92.0	92.064	69
92.0	92.096	45
92.192	92.288	49
92.192	92.288	52
92.192	92.288	57
92.192	92.288	69
92.192	92.288	73
92.192	92.288	76
92.192	92.288	81
92.384	92.48	45
92.384	92.48	57
92.384	92.48	69
92.384	92.48	73
92.384	92.48	76
92.384	92.48	81
92.416	92.48	49
92.608	92.928	69
92.608	93.056	49
92.608	93.088	45
92.608	93.088	52
92.608	93.088	57
92.608	93.088	73
92.608	93.088	76
92.608	93.088	81
93.088	93.216	73
93.216	93.312	71
93.312	93.44	73
93.408	93.568	74
93.536	93.76	57
93.536	93.792	75
93.76	93.888	76
93.824	93.984	61
93.952	94.208	59
94.144	94.304	76
94.272	94.4	62
94.368	94.624	61
94.4	94.592	81
94.592	94.784	80
94.72	94.752	64
94.784	95.04	78
94.816	95.008	57
95.008	95.168	76
95.008	95.392	61
95.2	95.424	73
95.2	95.456	59
95.424	95.52	74
95.68	95.84	62
95.84	96.0	74
95.84	96.064	59
96.032	96.256	76
96.064	96.256	56
96.224	96.48	59
96.224	96.48	74
96.448	96.672	73
96.448	96.704	52
96.672	96.992	71
96.768	96.928	62
96.896	97.088	61
96.896	97.12	68
97.088	97.216	69
97.312	97.504	56
97.504	97.632	64
97.504	97.728	71
97.728	97.952	57
97.728	97.952	72
97.856	98.048	64
97.952	98.144	73
98.112	98.304	54
98.272	98.368	76
98.336	98.496	57
98.336	98.528	74
98.528	99.2	73
98.528	99.296	52
98.656	99.104	57
99.008	99.36	61
99.104	99.424	57
99.168	99.296	74
99.232	99.424	73
99.392	99.52	71
99.424	99.712	52
99.424	99.776	56
99.584	99.744	73
99.808	99.904	74
100.032	100.16	75
100.224	100.512	57
100.224	100.512	75
100.48	100.64	76
100.512	100.704	61
100.672	100.896	59
100.896	100.96	59
100.992	101.12	75
101.088	101.28	81
101.088	101.344	61
101.312	101.408	80
101.504	101.632	78
101.536	101.728	57
101.728	101.856	61
101.728	101.856	76
101.92	102.08	73
101.92	102.208	59
102.144	102.24	74
102.368	102.592	62
102.56	102.656	76
102.56	102.72	59
102.656	102.752	73
102.72	102.976	76
102.752	102.976	56
102.944	103.072	59
102.944	103.072	74
103.072	103.136	59
103.168	103.328	73
103.168	103.424	52
103.392	103.52	56
103.392	103.52	71
103.584	104.0	73
103.616	104.096	57
103.936	104.096	76
104.064	104.416	66
104.064	104.48	50
104.384	104.512	71
104.48	104.992	52
104.512	104.864	69
104.544	104.96	61
104.928	105.376	59
105.088	105.248	68
105.248	105.344	66
105.248	105.376	68
105.344	105.504	69
105.376	105.76	57
105.472	105.6	76
105.568	105.696	75
105.664	105.76	76
105.792	105.888	78
105.856	105.984	76
105.984	106.112	75
105.984	106.144	69
106.08	106.176	76
106.208	106.304	74
106.208	106.336	71
106.304	106.4	76
106.4	106.496	74
106.4	106.56	69
106.496	106.592	76
106.624	106.752	68
106.624	106.752	74
106.72	106.784	76
106.816	106.944	64
106.816	106.944	74
106.944	107.04	76
107.04	107.2	69
107.072	107.168	73
107.136	107.232	76
107.264	107.392	75
107.36	107.456	76
107.456	107.584	78
107.552	107.648	76
107.68	107.808	75
107.68	107.84	57
107.776	107.84	76
107.904	108.0	59
107.904	108.0	74
108.0	108.096	59
108.0	108.128	76
108.096	108.192	74
108.096	108.288	57
108.192	108.288	76
108.32	108.384	74
108.32	108.448	56
108.384	108.48	76
108.512	108.64	52
108.608	108.736	76
108.736	108.896	57
108.736	108.896	69
108.832	108.896	64
108.96	109.056	63
109.024	109.12	64
109.184	109.28	66
109.248	109.344	64
109.376	109.504	63
109.376	109.504	81
109.472	109.536	64
109.6	109.696	62
109.6	109.728	83
109.664	109.76	64
109.792	109.92	62
109.792	109.92	81
109.888	109.984	64
109.984	110.112	62
109.984	110.112	80
110.08	110.176	64
110.208	110.304	62
110.208	110.336	76
110.304	110.368	64
110.432	110.56	61
110.432	110.56	81
110.528	110.592	64
110.624	110.752	63
110.72	110.816	64
110.848	110.976	66
110.944	111.04	64
111.04	111.168	63
111.04	111.2	45
111.136	111.232	64
111.264	111.392	62
111.264	111.456	47
111.36	111.424	64
111.488	111.552	57
111.488	111.584	62
111.488	111.616	45
111.584	111.68	64
111.68	111.776	62
111.712	111.744	56
111.712	111.872	44
111.776	111.872	64
111.904	112.032	62
111.904	112.096	40
112.0	112.16	64
112.128	112.224	57
112.128	112.352	61
112.128	112.96	45
112.544	112.864	61
112.576	112.8	76
112.864	112.992	61
112.992	113.28	74
113.056	113.28	69
113.152	113.376	59
113.28	113.44	69
113.44	113.632	73
113.504	113.664	69
113.6	113.792	57
113.728	113.888	69
113.888	114.336	78
113.92	114.304	62
113.952	114.176	69
114.176	114.336	69
114.208	114.272	80
114.304	114.432	62
114.304	114.432	76
114.4	114.528	69
114.528	114.656	68
114.528	114.656	80
114.624	114.72	69
114.752	114.912	83
114.752	114.944	62
114.848	114.944	69
115.008	115.168	81
115.04	115.2	69
115.2	115.36	62
115.2	115.36	80
115.264	115.392	69
115.392	115.648	78
115.488	115.648	69
115.616	115.744	61
115.616	115.776	76
115.744	115.84	69
115.936	116.064	69
116.064	116.256	61
116.064	116.416	76
116.16	116.384	69
116.256	116.512	61
116.384	116.512	69
116.48	116.672	59
116.48	116.96	74
116.576	116.8	69
116.672	116.96	59
116.8	116.96	69
116.928	117.056	57
116.928	117.056	73
117.024	117.248	69
117.12	117.408	57
117.248	117.408	69
117.376	117.76	50
117.376	117.76	71
117.472	117.696	59
117.6	117.76	54
117.696	117.792	59
117.696	117.856	78
117.824	118.176	76
117.824	118.208	50
117.92	118.144	59
117.92	118.176	74
118.048	118.176	73
118.048	118.208	54
118.144	118.272	59
118.144	118.304	71
118.24	118.656	69
118.272	118.592	52
118.368	118.56	61
118.496	118.72	57
118.56	118.848	61
118.688	119.04	71
118.688	119.168	52
118.848	119.104	61
118.944	119.168	56
118.976	119.136	69
118.976	119.168	62
119.04	119.168	71
119.136	119.36	57
119.136	119.392	69
119.232	119.328	64
119.328	119.424	61
119.424	119.968	64
119.552	119.872	61
119.584	119.872	76
119.872	120.0	61
119.872	120.0	69
120.032	120.128	59
120.032	120.224	74
120.192	120.416	59
120.32	120.448	69
120.448	120.672	73
120.544	120.672	69
120.608	120.8	57
120.768	120.896	69
120.896	121.44	78
120.96	121.216	69
120.96	121.344	62
121.216	121.312	80
121.216	121.408	69
121.344	121.472	62
121.408	121.536	69
121.536	121.664	68
121.536	121.664	80
121.664	121.76	69
121.76	121.952	62
121.76	121.952	83
121.856	121.952	69
122.016	122.176	81
122.048	122.24	69
122.208	122.368	62
122.208	122.368	80
122.304	122.4	69
122.368	122.432	68
122.432	122.688	78
122.528	122.656	69
122.656	122.688	42
122.656	122.784	61
122.656	122.784	76
122.752	122.88	69
122.944	123.008	68
122.976	123.104	69
123.072	123.264	61
123.072	123.456	76
123.168	123.392	69
123.264	123.52	61
123.392	123.552	69
123.52	123.68	59
123.52	123.968	74
123.616	123.84	69
123.68	123.968	59
123.84	123.968	69
123.968	124.096	57
123.968	124.096	73
124.064	124.256	69
124.16	124.256	57
124.256	124.416	57
124.256	124.416	69
124.384	124.768	50
124.384	124.768	71
124.512	124.704	59
124.608	124.768	54
124.704	124.8	59
124.736	124.864	78
124.832	125.088	76
124.832	125.248	50
124.928	125.152	59
124.928	125.248	74
125.056	125.216	73
125.056	125.248	54
125.152	125.28	59
125.152	125.344	71
125.28	125.696	52
125.28	125.728	69
125.408	125.6	61
125.504	125.984	57
125.6	125.792	73
125.6	126.144	61
125.696	126.048	71
125.696	126.656	52
125.792	125.856	73
125.856	126.112	73
125.952	126.112	56
125.984	126.144	69
126.016	126.176	62
126.048	126.368	71
126.144	126.336	69
126.144	126.688	57
126.144	126.784	61
126.24	126.816	64
126.336	126.752	69
126.464	126.688	73
126.592	126.752	76
126.688	126.816	73
126.784	126.944	56
126.784	126.944	74
126.784	126.976	52
126.784	126.976	59
126.912	127.264	71
127.008	127.232	69
127.008	127.616	57
127.008	127.648	61
127.136	127.712	64
127.232	127.648	69
127.328	127.552	73
127.456	127.68	76
127.552	127.712	73
127.68	127.808	52
127.68	127.808	56
127.68	127.808	74
127.68	127.84	59
127.776	127.968	71
127.904	128.16	57
127.904	128.16	61
127.904	128.16	69
128.352	128.608	41
128.352	128.672	53
128.384	128.64	71
128.384	128.64	74
128.384	128.672	80
128.608	128.672	41
128.864	128.96	42
128.864	129.152	73
128.864	129.184	54
128.864	129.216	69
128.864	129.216	81
129.888	130.112	74
129.888	130.144	66
129.888	130.24	62
129.888	130.88	50
130.08	130.208	64
130.304	130.624	64
130.336	130.432	73
130.592	130.72	71
130.784	131.072	71
130.784	131.136	62
130.784	131.84	52
131.04	131.168	69
131.264	131.584	69
131.328	131.584	61
131.552	131.84	59
131.584	131.68	68
131.808	133.024	68
131.84	132.384	52
131.84	133.024	59
131.84	133.056	62
131.84	133.568	57
132.384	133.088	52
132.992	133.632	45
133.056	133.6	61
134.176	134.4	81
134.368	134.464	79
134.56	134.72	79
134.784	134.88	78
134.976	135.264	78
135.2	135.296	76
135.424	135.648	76
135.648	135.744	75
135.84	136.096	72
135.84	136.192	75
135.84	136.544	47
136.064	136.256	71
136.256	136.608	71
136.48	136.704	69
136.704	136.96	69
136.928	137.056	67
137.12	137.408	67
137.344	137.472	66
137.536	137.792	75
137.792	137.92	76
137.984	138.208	71
137.984	138.24	67
138.208	138.368	79
138.432	138.56	77
138.656	138.784	78
138.848	139.072	71
138.848	139.104	63
139.104	139.296	81
139.264	139.52	47
139.264	139.584	75
139.296	139.616	78
139.488	139.616	45
139.712	139.936	45
139.904	140.032	43
140.128	140.416	43
140.128	140.448	76
140.128	140.448	79
140.352	140.448	42
140.352	140.448	54
140.544	140.8	42
140.544	140.832	54
140.768	140.928	40
140.992	141.152	79
141.216	141.312	78
141.408	141.664	78
141.632	141.728	76
141.824	142.048	76
142.048	142.144	74
142.24	142.496	74
142.464	142.592	73
142.688	142.944	73
142.688	143.136	70
142.688	143.808	45
142.912	143.104	69
143.104	143.584	69
143.328	143.552	67
143.552	143.808	67
143.776	143.872	66
143.968	144.224	66
144.192	144.288	64
144.416	144.64	73
144.64	144.768	74
144.864	145.024	66
144.864	145.056	69
145.088	145.28	78
145.28	145.504	75
145.504	145.6	76
145.696	145.92	61
145.696	145.92	69
145.728	145.76	73
145.92	146.08	79
146.112	146.368	45
146.112	146.368	57
146.112	146.4	73
146.112	146.432	76
146.304	146.464	43
146.528	146.784	43
146.752	146.848	54
146.752	146.88	42
146.976	147.2	42
146.976	147.232	54
146.976	147.264	74
146.976	147.424	78
147.168	147.296	40
147.392	147.616	40
147.424	147.552	52
147.584	147.744	38
147.616	147.648	50
147.84	148.032	78
147.84	148.16	62
148.032	148.128	61
148.032	148.192	78
148.128	148.256	86
148.256	148.448	78
148.256	148.48	61
148.352	148.576	86
148.448	148.576	78
148.48	148.576	59
148.576	148.704	86
148.672	148.8	59
148.672	148.832	78
148.768	148.896	86
148.8	148.928	59
148.896	149.024	57
148.896	149.024	78
148.992	149.088	86
149.12	149.312	78
149.12	149.504	57
149.216	149.44	86
149.312	149.44	56
149.312	149.536	78
149.44	149.568	56
149.44	149.568	86
149.568	149.792	76
149.568	150.336	44
149.568	150.4	56
149.664	149.824	86
149.792	150.016	76
149.888	150.112	86
150.016	150.208	76
150.112	150.336	86
150.208	150.432	76
150.336	150.528	86
150.432	150.656	76
150.432	150.752	58
150.464	150.496	46
150.56	150.752	85
150.656	150.88	76
150.752	150.976	58
150.752	150.976	85
150.88	151.072	76
150.976	151.2	85
150.976	151.456	58
151.072	151.328	76
151.2	151.392	85
151.328	151.488	74
151.328	151.648	59
151.392	151.616	85
151.488	151.68	74
151.52	151.744	57
151.616	151.776	85
151.744	151.84	69
151.744	151.968	74
151.744	152.128	57
151.84	152.096	85
151.936	152.064	55
151.968	152.064	74
152.16	152.384	74
152.16	152.512	55
152.288	152.48	83
152.384	152.512	54
152.384	152.512	74
152.48	152.704	83
152.576	153.024	54
152.608	152.832	74
152.704	152.928	83
152.832	152.96	53
152.832	152.992	74
152.928	153.056	83
153.056	153.248	73
153.056	153.888	41
153.056	153.888	53
153.152	153.344	83
153.248	153.472	73
153.344	153.568	83
153.472	153.696	73
153.568	153.792	83
153.696	153.92	73
153.792	153.952	83
153.92	154.112	73
153.92	154.368	42
153.92	154.848	54
154.016	154.24	81
154.112	154.24	73
154.24	154.368	73
154.24	154.464	81
154.368	154.56	73
154.464	154.656	81
154.56	154.784	73
154.656	154.816	81
154.816	155.136	55
154.816	155.168	81
155.008	155.168	59
155.008	155.168	79
155.104	155.2	62
155.2	155.296	55
155.232	155.488	79
155.296	155.52	62
155.456	155.648	78
155.456	155.68	59
155.52	155.68	62
155.68	155.872	55
155.68	155.904	77
155.744	155.968	62
155.872	155.968	85
155.872	156.096	59
155.968	156.096	62
156.096	156.384	55
156.192	156.448	62
156.32	156.48	83
156.32	156.576	59
156.448	156.768	62
156.544	156.768	79
156.544	156.768	82
156.544	156.928	54
156.64	156.768	61
156.736	156.928	78
156.736	156.96	58
156.832	157.024	61
156.928	157.28	78
156.928	157.376	54
157.024	157.248	61
157.152	157.248	58
157.184	157.376	76
157.248	157.44	58
157.248	157.792	61
157.376	157.728	74
157.408	157.76	53
157.408	157.856	83
157.6	157.792	56
157.632	157.76	73
157.728	157.92	62
157.824	158.176	53
157.824	158.208	73
157.92	158.496	62
158.048	158.208	56
158.048	158.24	71
158.272	158.496	76
158.272	158.528	67
158.272	158.976	54
158.464	158.592	74
158.688	158.912	66
158.688	158.944	74
158.912	159.008	64
158.912	159.04	73
159.104	159.488	64
159.104	159.84	42
159.392	159.584	71
159.584	159.872	71
159.648	159.872	62
159.84	159.968	70
159.84	160.064	42
159.84	160.064	61
160.032	161.216	64
160.064	160.896	47
160.064	161.152	61
160.064	161.152	70
160.576	161.12	42
161.12	161.632	35
161.152	161.6	71
162.112	162.176	59
162.112	163.104	62
162.112	163.104	66
162.112	163.136	47
162.112	163.136	71
163.104	163.616	57
163.104	163.648	45
163.104	163.648	62
163.104	163.648	66
163.104	163.648	72
163.616	163.744	57
164.128	164.928	62
164.128	165.088	74
164.128	165.12	55
164.128	165.12	71
164.128	165.184	43
164.128	165.184	67
164.896	165.184	75
165.152	165.696	54
165.152	165.696	72
165.152	165.696	76
165.184	165.696	42
166.752	166.912	59
166.752	167.2	74
166.912	167.2	59
167.04	167.2	67
167.168	167.36	57
167.168	167.552	72
167.264	167.488	67
167.36	167.52	69
167.36	167.648	57
167.488	167.648	67
167.616	167.808	55
167.616	167.904	71
167.712	167.904	67
167.808	167.968	55
167.904	168.064	67
168.064	168.128	60
168.064	168.128	76
168.128	168.384	67
168.128	168.448	60
168.128	168.608	76
168.32	168.448	66
168.384	168.512	67
168.384	168.512	78
168.48	168.544	74
168.48	168.672	60
168.576	168.736	67
168.704	168.832	66
168.704	168.864	78
168.8	168.96	67
168.928	169.12	60
168.928	169.12	81
169.024	169.152	67
169.152	169.312	79
169.248	169.376	67
169.344	169.696	78
169.376	169.536	60
169.44	169.664	67
169.536	169.696	66
169.568	169.824	76
169.664	169.824	67
169.792	169.984	74
169.792	170.016	59
169.888	170.016	67
170.048	170.144	66
170.112	170.336	67
170.24	170.336	59
170.24	170.496	74
170.336	170.56	59
170.336	170.56	67
170.56	170.688	59
170.56	170.688	67
170.688	171.072	72
170.752	170.976	67
170.848	171.104	57
170.976	171.136	67
171.104	171.392	71
171.2	171.424	67
171.328	171.488	55
171.424	171.904	67
171.552	171.936	69
171.584	171.936	48
171.808	171.936	52
171.872	171.968	57
171.904	172.032	76
172.0	172.16	74
172.096	172.352	57
172.096	172.384	72
172.192	172.384	52
172.224	172.384	71
172.352	172.48	57
172.352	172.48	69
172.448	172.8	67
172.544	172.736	59
172.544	172.864	50
172.672	172.768	55
172.736	172.864	59
172.864	173.248	50
172.864	173.248	59
172.992	173.216	60
172.992	173.248	71
173.12	173.28	54
173.216	173.344	60
173.216	173.376	69
173.28	173.664	67
173.312	173.6	55
173.504	173.76	59
173.536	173.792	62
173.76	173.92	59
173.76	174.144	74
173.92	174.08	67
173.92	174.24	59
174.08	174.24	67
174.208	174.4	57
174.208	174.592	72
174.304	174.496	67
174.4	174.56	69
174.4	174.656	57
174.496	174.656	67
174.624	174.72	55
174.624	174.912	71
174.72	174.944	67
174.816	174.976	55
174.944	175.104	67
175.072	175.168	60
175.072	175.488	76
175.168	175.392	67
175.168	175.456	60
175.328	175.488	66
175.392	175.52	78
175.392	175.552	67
175.488	175.584	74
175.52	175.712	60
175.616	175.776	67
175.744	175.872	66
175.744	175.872	78
175.84	175.968	67
175.936	176.128	60
175.936	176.192	81
176.032	176.256	67
176.16	176.352	79
176.256	176.384	67
176.384	176.544	60
176.384	176.768	78
176.448	176.704	67
176.608	176.736	66
176.608	176.864	76
176.704	176.864	67
176.832	176.928	59
176.832	177.024	74
176.928	177.024	59
176.928	177.056	67
177.056	177.184	66
177.152	177.344	67
177.248	177.504	59
177.28	177.504	74
177.344	177.568	67
177.504	177.728	59
177.568	177.728	67
177.696	178.08	72
177.792	178.016	67
177.888	178.112	57
178.016	178.144	67
178.144	178.176	55
178.144	178.4	71
178.208	178.432	67
178.336	178.464	55
178.432	178.912	67
178.592	178.912	48
178.592	178.976	69
178.848	178.944	52
178.848	178.976	57
178.944	179.04	76
179.04	179.264	74
179.136	179.36	57
179.136	179.392	72
179.232	179.392	71
179.232	179.424	52
179.36	179.488	69
179.36	179.52	57
179.456	179.808	67
179.552	179.776	59
179.552	179.872	50
179.68	179.776	55
179.776	180.288	59
179.872	180.288	50
180.0	180.288	60
180.0	180.352	71
180.096	180.128	69
180.16	180.288	54
180.32	180.608	55
180.32	180.768	59
180.416	180.576	69
180.544	180.672	67
180.64	180.768	66
180.736	180.864	67
180.864	180.992	71
180.96	181.088	54
180.96	181.088	62
180.96	181.088	69
181.088	181.216	72
181.184	181.312	71
181.184	181.504	55
181.184	181.6	62
181.28	181.44	69
181.376	181.504	67
181.504	181.632	66
181.6	181.728	67
181.696	181.824	71
181.792	181.952	54
181.792	181.952	62
181.792	181.952	69
181.92	182.048	72
182.016	182.144	71
182.016	182.304	55
182.016	182.464	62
182.112	182.272	69
182.24	182.368	67
182.336	182.464	66
182.432	182.592	67
182.56	182.688	71
182.656	182.784	54
182.656	182.784	62
182.656	182.784	69
182.752	182.88	72
182.848	182.976	62
182.848	183.008	55
182.848	183.008	71
182.976	183.104	74
183.072	183.168	62
183.072	183.2	72
183.072	183.232	54
183.2	183.328	69
183.264	183.424	62
183.264	183.424	71
183.296	183.328	55
183.392	183.52	74
183.488	183.648	55
183.52	183.616	52
183.52	183.648	73
183.616	183.744	76
183.712	183.84	74
183.712	184.16	54
183.712	184.192	57
183.808	183.968	76
183.904	184.032	74
184.032	184.16	73
184.128	184.256	74
184.256	184.384	78
184.352	184.512	49
184.352	184.512	76
184.352	184.576	57
184.48	184.608	79
184.576	184.704	78
184.576	185.024	50
184.576	185.024	57
184.672	184.96	76
184.768	184.928	74
184.896	185.024	73
184.992	185.12	74
185.088	185.216	78
185.216	185.344	49
185.216	185.344	57
185.216	185.344	76
185.312	185.44	79
185.408	185.536	78
185.408	185.856	50
185.408	185.856	57
185.504	185.696	76
185.632	185.76	74
185.728	185.856	73
185.824	185.952	74
185.92	186.08	76
186.048	186.176	59
186.048	186.176	78
186.048	186.272	51
186.144	186.304	81
186.24	186.4	79
186.272	186.528	59
186.272	186.688	52
186.368	186.496	78
186.464	186.592	76
186.56	186.688	75
186.656	186.816	76
186.784	186.912	78
186.88	187.008	59
186.88	187.008	79
186.88	187.04	51
186.976	187.136	81
187.072	187.232	79
187.072	187.552	52
187.104	187.552	59
187.2	187.328	78
187.296	187.456	76
187.392	187.552	75
187.52	187.648	76
187.616	187.744	78
187.712	187.872	52
187.712	187.872	61
187.712	187.872	79
187.84	187.968	83
187.936	188.064	81
187.936	188.384	54
187.936	188.384	62
188.032	188.224	79
188.16	188.32	78
188.256	188.384	76
188.352	188.512	78
188.448	188.576	79
188.576	188.704	52
188.576	188.704	61
188.576	188.704	81
188.672	188.832	83
188.768	189.248	62
188.8	188.928	81
188.8	189.216	54
188.896	189.056	79
188.992	189.12	78
189.088	189.216	76
189.184	189.344	78
189.312	189.44	79
189.408	189.568	66
189.408	189.568	81
189.536	189.664	84
189.632	189.792	67
189.632	189.792	83
189.728	189.824	86
189.856	189.952	81
189.856	189.984	66
189.952	190.016	86
190.048	190.144	79
190.048	190.208	67
190.048	190.208	83
190.144	190.208	86
190.272	190.4	63
190.272	190.4	78
190.368	190.496	83
190.464	190.592	64
190.464	190.592	79
190.56	190.72	83
190.656	190.816	78
190.688	190.816	63
190.784	190.912	83
190.88	191.008	64
190.88	191.008	79
190.976	191.104	83
191.072	191.2	76
191.072	191.232	61
191.2	191.296	81
191.296	191.424	62
191.296	191.424	78
191.36	191.456	81
191.488	191.616	61
191.488	191.616	76
191.584	191.712	81
191.68	191.776	62
191.68	191.84	78
191.776	191.84	62
191.776	191.936	81
191.904	192.032	58
191.904	192.032	73
192.0	192.128	78
192.096	192.192	59
192.096	192.224	74
192.192	192.288	59
192.192	192.288	78
192.288	192.416	58
192.288	192.416	73
192.384	192.48	78
192.512	192.64	74
192.512	192.672	59
192.608	192.704	78
192.704	192.832	57
192.704	192.832	60
192.704	192.832	69
192.704	192.832	75
192.8	192.928	78
192.896	192.992	76
192.896	193.184	55
192.896	193.248	59
192.992	193.152	75
193.12	193.248	76
193.216	193.344	78
193.312	193.408	79
193.408	193.536	78
193.504	193.632	79
193.6	193.728	81
193.728	193.792	55
193.728	193.824	64
193.728	193.824	83
193.824	193.952	85
193.92	193.984	55
193.92	193.984	64
193.92	193.984	86
194.016	194.144	85
194.144	194.208	64
194.144	194.24	55
194.144	194.24	83
194.24	194.368	81
194.336	194.4	55
194.336	194.464	79
194.432	194.56	78
194.528	194.624	55
194.528	194.656	64
194.528	194.656	76
194.624	194.72	78
194.72	194.816	64
194.72	194.848	55
194.72	194.88	79
194.848	194.976	78
194.944	195.04	64
194.944	195.072	76
195.04	195.168	74
195.136	195.232	64
195.136	195.264	56
195.136	195.264	73
195.264	195.392	71
195.36	195.488	73
195.36	195.584	57
195.456	195.584	74
195.552	195.68	73
195.552	195.776	55
195.648	195.808	69
195.776	195.904	54
195.776	195.904	74
195.968	196.128	50
196.16	196.32	79
196.16	196.416	49
196.288	196.416	81
196.384	196.48	79
196.384	196.512	45
196.48	196.608	76
196.576	196.704	79
196.576	196.736	50
196.672	196.8	78
196.8	196.928	54
196.8	196.928	76
196.896	197.024	74
196.992	197.088	73
196.992	197.216	57
197.088	197.216	74
197.184	197.408	55
197.216	197.312	73
197.312	197.44	69
197.376	197.504	54
197.408	197.504	74
197.6	197.76	50
197.792	197.952	79
197.792	198.048	49
197.92	198.048	81
197.984	198.144	79
198.016	198.144	45
198.112	198.24	76
198.208	198.336	79
198.208	198.368	50
198.304	198.432	78
198.4	198.528	76
198.4	198.56	54
198.528	198.656	74
198.624	198.72	73
198.624	198.848	52
198.624	198.88	57
198.72	198.848	76
198.816	198.944	73
198.912	199.104	69
199.008	199.264	50
199.008	199.264	54
199.04	199.232	78
199.04	199.264	57
199.136	199.264	81
199.232	199.36	78
199.328	199.488	74
199.456	199.52	45
199.456	199.552	73
199.456	199.68	52
199.456	199.712	57
199.552	199.68	76
199.648	199.744	73
199.744	199.904	69
199.84	200.064	54
199.84	200.064	78
199.84	200.096	50
199.84	200.096	57
199.968	200.064	81
200.064	200.192	78
200.16	200.288	74
200.256	200.352	73
200.256	200.384	76
200.48	200.576	45
200.48	200.576	49
200.48	200.576	52
200.48	200.576	57
200.48	200.576	69
200.48	200.576	73
200.48	200.576	81
200.672	200.768	45
200.672	200.768	49
200.672	200.768	69
200.672	200.768	73
200.672	200.768	76
200.672	200.768	81
200.672	200.8	52
200.672	200.8	57
200.864	200.96	69
200.864	200.96	73
200.864	200.992	45
200.864	200.992	57
200.864	200.992	81
200.896	200.992	49
200.896	200.992	52
201.088	201.568	49
201.088	201.568	69
201.088	201.568	73
201.088	201.568	76
201.088	201.568	81
201.088	201.6	45
201.088	201.6	52
201.088	201.6	57
201.536	201.664	79
201.664	201.792	76
201.824	201.952	78
201.92	202.144	79
202.016	202.208	80
202.08	202.24	62
202.272	202.432	81
202.464	202.592	64
202.624	202.88	81
202.72	202.944	67
202.848	203.072	86
202.88	203.104	66
203.296	203.488	83
203.328	203.52	62
203.488	203.744	81
203.488	203.776	66
203.712	203.84	64
203.712	203.936	78
203.904	204.032	79
204.128	204.352	67
204.288	204.448	79
204.32	204.448	64
204.544	204.736	61
204.544	204.736	81
204.704	204.8	64
204.704	204.864	79
204.96	205.184	57
204.96	205.184	78
205.184	205.28	76
205.184	205.408	67
205.376	205.536	73
205.376	205.568	66
205.6	205.696	74
205.792	205.984	61
205.984	206.144	76
206.08	206.144	69
206.176	206.432	77
206.208	206.4	62
206.336	206.464	69
206.432	206.592	78
206.624	206.816	59
206.784	206.88	81
206.816	206.976	79
207.04	207.744	78
207.04	207.776	57
207.648	207.84	79
207.744	207.904	78
207.872	208.0	76
207.904	208.16	61
207.968	208.288	57
208.064	208.224	78
208.288	208.416	79
208.512	208.608	80
208.704	208.928	80
208.768	208.992	62
209.024	209.28	81
209.184	209.312	64
209.376	209.856	81
209.6	209.824	65
209.6	209.856	86
209.824	209.92	84
210.048	210.208	82
210.048	210.24	62
210.24	210.368	65
210.24	210.368	81
210.432	210.528	64
210.432	210.688	78
210.656	210.784	79
210.848	211.072	67
211.072	211.168	64
211.264	211.456	61
211.264	211.456	81
211.424	211.52	64
211.424	211.584	79
211.68	211.808	77
211.744	211.872	57
211.904	212.032	61
211.904	212.032	76
212.128	212.32	62
212.128	212.32	79
212.32	212.416	77
212.544	212.768	60
212.768	212.96	76
212.96	213.184	58
212.96	213.184	73
213.184	213.344	74
213.376	213.536	64
213.568	213.664	80
213.76	214.528	80
213.792	214.656	57
214.464	214.72	62
214.72	214.88	61
214.72	214.88	81
214.88	215.008	43
214.88	215.008	55
215.072	215.2	54
215.072	215.232	42
215.296	215.456	52
215.296	215.52	40
215.52	216.0	50
215.52	216.032	38
215.744	215.968	80
215.84	216.032	81
215.968	216.096	83
216.032	216.128	81
216.128	216.288	80
216.16	216.256	74
216.256	216.352	81
216.352	216.48	79
216.384	216.48	76
216.48	216.576	81
216.576	216.672	79
216.576	216.704	74
216.672	216.8	81
216.768	216.864	73
216.768	216.864	79
216.864	216.928	73
216.864	216.96	81
216.992	217.12	69
216.992	217.12	79
217.088	217.184	81
217.216	217.376	78
217.216	217.472	74
217.312	217.408	81
217.44	217.568	80
217.536	217.632	81
217.632	217.76	83
217.728	217.824	81
217.856	217.952	80
217.856	217.984	62
217.952	218.048	81
218.048	218.176	64
218.048	218.176	79
218.144	218.24	81
218.272	218.368	79
218.272	218.4	62
218.336	218.432	81
218.464	218.592	61
218.464	218.592	79
218.56	218.656	81
218.688	218.816	79
218.688	218.848	57
218.784	218.944	81
218.912	219.04	62
219.136	219.232	68
219.328	219.424	71
219.52	219.648	68
219.52	219.648	86
219.712	219.84	67
219.712	219.84	88
219.84	219.936	69
219.936	220.032	67
219.936	220.032	86
220.032	220.128	69
220.128	220.256	67
220.16	220.256	85
220.224	220.384	69
220.32	220.512	67
220.352	220.48	81
220.448	220.544	69
220.544	220.768	86
220.576	220.672	66
220.672	220.768	69
220.8	220.896	68
220.864	220.992	69
220.992	221.12	71
221.088	221.184	69
221.184	221.344	50
221.216	221.344	68
221.312	221.44	69
221.408	221.536	52
221.408	221.536	67
221.504	221.632	69
221.632	221.728	67
221.632	221.76	50
221.728	221.824	69
221.824	221.952	67
221.824	221.984	49
221.92	222.048	69
222.016	222.176	45
222.016	222.176	67
222.144	222.368	69
222.24	223.072	50
222.272	222.496	66
222.656	223.008	66
222.688	223.072	81
223.008	223.072	74
223.008	223.104	66
223.104	223.552	79
223.264	223.36	64
223.424	223.52	74
223.552	223.936	78
223.616	223.776	74
223.744	223.936	62
223.84	223.968	74
224.0	224.384	67
224.0	224.384	83
224.096	224.32	74
224.32	224.416	74
224.352	224.384	73
224.352	224.416	85
224.448	224.608	67
224.544	224.64	74
224.64	224.768	85
224.672	224.768	73
224.768	224.832	74
224.864	224.992	88
224.896	225.056	67
224.96	225.056	74
225.12	225.248	86
225.184	225.28	74
225.312	225.408	85
225.376	225.504	67
225.376	225.504	74
225.536	225.664	83
225.6	225.728	74
225.76	225.952	81
225.856	225.984	74
226.08	226.176	74
226.208	226.432	66
226.208	226.592	81
226.304	226.496	74
226.432	226.624	66
226.496	226.656	74
226.624	226.688	64
226.624	227.072	79
226.72	226.944	74
226.848	226.944	64
226.944	227.04	74
227.04	227.52	78
227.168	227.296	74
227.264	227.456	62
227.36	227.52	74
227.488	227.872	55
227.488	227.872	76
227.712	227.904	59
227.84	227.968	83
227.936	228.192	81
227.936	228.416	55
228.032	228.256	64
228.032	228.256	79
228.16	228.32	78
228.192	228.352	59
228.256	228.416	64
228.256	228.416	76
228.384	228.768	74
228.416	228.672	57
228.672	228.8	66
228.672	229.056	62
228.8	229.088	76
228.8	229.216	57
229.056	229.216	61
229.088	229.12	55
229.088	229.312	67
229.152	229.312	76
229.28	229.408	62
229.28	229.504	74
229.504	229.6	66
229.696	230.208	69
230.144	230.592	67
230.176	230.464	62
230.464	230.624	62
230.592	230.976	66
230.688	230.88	62
230.72	230.944	50
230.88	231.104	62
231.008	231.552	71
231.04	231.168	55
231.104	231.328	62
231.328	231.488	62
231.424	231.584	69
231.552	231.68	62
231.68	231.808	61
231.776	231.904	62
231.904	232.032	55
231.904	232.16	76
232.0	232.192	62
232.128	232.224	61
232.192	232.32	62
232.32	232.48	55
232.352	232.48	73
232.416	232.576	62
232.544	232.768	71
232.64	232.8	62
232.768	232.896	54
232.768	232.96	69
232.896	232.992	62
233.056	233.12	61
233.088	233.248	62
233.216	233.312	42
233.216	233.696	69
233.216	233.696	81
233.344	233.536	50
233.536	233.664	50
233.632	233.76	40
233.632	234.08	79
233.664	233.696	52
233.664	234.112	67
233.728	233.952	50
233.824	233.984	40
233.856	233.952	52
233.952	234.112	50
234.08	234.272	38
234.08	234.432	66
234.08	234.432	78
234.176	234.4	50
234.272	234.912	38
234.4	234.592	62
234.4	234.88	50
234.528	234.784	64
234.528	234.88	76
234.528	234.912	43
234.752	234.912	47
234.848	235.008	83
234.976	235.136	81
234.976	235.232	43
235.072	235.296	52
235.072	235.328	79
235.168	235.328	78
235.2	235.296	59
235.2	235.328	47
235.296	235.392	52
235.296	235.424	76
235.392	235.808	74
235.52	235.712	54
235.616	235.808	50
235.712	235.872	54
235.84	235.968	76
235.872	236.032	78
235.936	236.16	55
235.968	236.0	67
235.968	236.064	76
236.032	236.224	49
236.064	236.16	76
236.128	236.16	74
236.16	236.288	55
236.16	236.288	67
236.16	236.32	76
236.288	236.32	74
236.288	236.704	62
236.288	236.768	38
236.288	236.768	50
236.288	236.768	66
237.12	237.28	79
237.12	237.44	66
237.216	237.408	78
237.216	237.504	62
237.344	237.44	76
237.408	237.568	78
237.536	237.696	64
237.536	237.696	81
237.536	237.856	67
237.632	237.76	79
237.728	237.856	78
237.824	237.984	79
237.952	238.368	81
237.984	238.368	66
237.984	238.368	69
238.368	238.464	81
238.784	238.88	81
238.976	239.104	83
239.168	239.296	85
239.36	239.456	86
239.584	240.032	81
239.584	240.32	54
240.0	240.32	78
240.0	240.352	50
240.384	240.544	81
240.416	240.544	52
240.512	240.608	79
240.576	240.704	78
240.672	240.832	62
240.672	240.832	79
240.8	240.896	81
240.8	240.928	57
240.96	241.12	79
240.992	241.088	61
241.216	241.376	77
241.216	241.536	62
241.216	241.696	50
241.44	241.632	78
242.016	242.176	79
242.048	242.112	66
242.144	242.24	78
242.24	242.304	76
242.24	242.336	62
242.24	242.368	66
242.304	242.464	78
242.432	242.528	67
242.432	242.56	81
242.528	242.656	79
242.624	242.752	78
242.656	242.752	64
242.656	242.784	67
242.72	242.848	79
242.848	243.264	66
242.848	243.264	69
242.848	243.264	81
243.264	243.328	81
243.68	243.776	81
243.872	244.0	83
244.064	244.192	85
244.256	244.352	86
244.48	244.928	81
244.48	245.216	54
244.896	245.216	78
244.896	245.248	50
245.28	245.408	52
245.28	245.408	81
245.376	245.504	79
245.472	245.6	78
245.568	245.664	79
245.568	245.696	62
245.664	245.792	81
245.696	245.76	57
245.76	245.824	57
245.76	245.92	79
245.888	246.016	78
245.888	246.112	61
246.08	246.208	54
246.112	246.176	74
246.208	246.336	76
246.304	246.432	57
246.304	246.432	78
246.4	246.496	62
246.4	246.496	79
246.496	246.624	54
246.496	246.624	81
246.592	246.688	62
246.592	246.752	83
246.688	246.816	85
246.688	246.88	57
246.784	246.912	86
246.784	247.008	62
246.912	247.04	86
246.912	247.296	55
247.008	247.2	62
247.136	247.552	59
247.2	247.392	62
247.2	247.424	74
247.296	247.68	55
247.328	247.648	83
247.392	247.616	62
247.552	247.712	59
247.616	247.776	79
247.616	247.808	62
247.744	248.128	57
247.744	248.224	78
247.904	248.352	62
248.128	248.544	57
248.128	248.576	81
248.192	248.448	66
248.352	248.608	62
248.448	248.544	74
248.448	248.576	66
248.544	248.768	76
248.544	248.928	57
248.768	248.928	64
248.928	249.216	79
248.928	249.248	69
248.928	249.312	57
249.024	249.376	67
249.152	249.28	64
249.248	249.376	73
249.344	249.472	54
249.344	249.472	74
249.44	249.6	76
249.568	249.696	57
249.568	249.696	78
249.664	249.76	62
249.664	249.792	79
249.76	249.824	55
249.76	249.888	54
249.76	249.888	81
249.856	249.952	62
249.856	250.016	83
249.952	250.08	85
249.952	250.144	57
250.048	250.144	62
250.048	250.144	86
250.176	250.304	88
250.176	250.336	55
250.272	250.4	62
250.272	250.4	86
250.368	250.496	85
250.368	250.56	59
250.464	250.592	62
250.464	250.592	86
250.56	250.688	85
250.56	250.72	55
250.656	250.784	62
250.688	250.816	83
250.784	250.912	81
250.784	250.944	59
250.88	251.008	79
250.88	251.04	62
250.976	251.136	78
250.976	251.168	57
251.072	251.232	79
251.2	251.328	62
251.2	251.328	80
251.296	251.392	66
251.296	251.424	81
251.392	251.52	79
251.392	251.552	57
251.488	251.584	66
251.488	251.616	78
251.616	251.712	76
251.648	251.744	62
251.68	251.84	66
251.808	251.936	57
251.808	251.936	75
251.904	252.0	76
252.032	252.128	64
252.032	252.128	78
252.128	252.256	67
252.128	252.256	79
252.224	252.352	57
252.224	252.352	78
252.32	252.416	76
252.32	252.448	67
252.416	252.512	74
252.416	252.544	64
252.512	252.64	73
252.512	252.672	67
252.64	252.832	74
252.64	253.184	66
252.64	253.216	62
252.736	253.216	69
252.832	253.216	74
252.96	253.152	78
253.056	253.216	81
253.152	253.312	78
253.248	253.408	64
253.28	253.408	57
253.28	253.408	79
253.408	253.504	76
253.504	253.6	69
253.504	253.696	74
253.504	254.016	66
253.504	254.176	62
253.6	254.176	69
253.696	254.176	74
253.824	254.016	78
253.92	254.144	81
254.016	254.208	78
254.144	254.304	57
254.144	254.304	64
254.144	254.304	79
254.272	254.368	76
254.368	254.624	74
254.368	254.656	66
254.368	254.688	62
254.848	255.008	88
254.848	255.104	76
254.848	255.136	46
254.848	255.136	58
254.848	255.136	79
254.848	255.136	85
255.328	255.712	86
255.36	255.68	47
255.36	255.68	59
255.36	255.712	74
255.36	255.712	78
256.352	256.608	55
256.352	256.864	79
256.352	256.96	67
256.352	257.344	43
256.832	257.088	78
256.832	257.12	69
257.28	258.336	45
257.28	258.336	57
257.312	257.6	67
257.76	258.048	66
257.792	258.048	74
258.304	258.848	64
258.304	259.52	67
258.304	259.52	73
258.304	259.552	50
258.848	259.488	45
258.848	259.52	64
259.488	260.16	38
259.52	260.032	74
