0.512	2.656	43
0.512	2.848	67
0.512	2.848	79
2.656	2.816	43
2.816	3.2	43
2.816	3.296	71
3.264	3.392	72
3.36	3.68	74
3.68	3.776	74
3.872	4.288	74
4.448	4.896	74
5.024	5.472	72
5.44	5.632	74
5.568	6.464	75
6.4	6.656	74
6.688	7.232	72
7.2	7.68	74
7.648	7.808	72
7.776	8.352	71
8.32	8.736	69
8.736	8.896	71
8.864	9.472	72
9.44	9.824	74
9.856	10.016	75
9.984	11.744	74
11.776	12.0	55
11.776	12.064	71
11.808	12.096	62
12.16	12.288	67
12.192	12.288	55
12.192	12.32	63
12.352	12.544	74
12.352	12.576	67
12.352	12.608	55
12.352	12.64	65
12.608	12.704	55
12.864	13.152	67
12.864	13.184	55
12.864	13.184	65
13.408	13.728	65
13.408	13.728	67
13.408	13.76	55
13.44	13.632	74
13.984	14.112	67
13.984	14.24	55
13.984	14.24	63
14.016	14.208	72
14.368	14.464	65
14.368	14.464	67
14.368	14.496	55
14.528	14.688	75
14.528	14.72	55
14.528	15.2	67
15.04	15.232	57
15.456	15.616	59
15.488	15.552	55
15.488	15.552	65
15.488	15.552	74
15.488	15.648	67
15.616	15.904	60
15.648	15.872	63
16.16	16.352	53
16.16	16.352	68
16.16	16.352	74
16.544	16.672	53
16.544	16.672	68
16.576	16.64	56
16.576	16.672	63
16.576	16.704	72
16.704	16.96	55
16.704	16.992	71
16.704	17.024	62
16.736	16.992	67
16.96	17.344	55
17.248	17.44	67
17.248	17.472	69
17.248	17.536	60
17.664	17.792	71
17.664	17.824	55
17.664	17.824	67
17.824	18.08	63
17.824	18.112	51
17.824	18.112	55
17.824	18.112	67
18.368	18.656	43
18.4	18.624	55
18.4	18.624	67
18.4	18.624	75
18.816	18.88	65
18.816	18.912	67
18.816	18.912	74
18.816	18.944	55
18.944	20.768	55
18.944	20.768	63
18.976	19.008	72
18.976	20.768	48
18.976	20.768	60
18.976	20.768	67
20.736	20.768	31
20.736	21.184	74
21.184	21.312	75
21.28	21.664	77
21.824	21.952	77
22.368	22.496	77
22.944	23.392	75
23.36	23.392	31
23.36	23.52	74
23.488	24.224	79
24.32	24.448	77
24.608	25.184	75
25.152	25.568	74
25.6	25.728	72
25.696	26.272	71
26.272	26.688	69
26.656	26.816	71
26.816	27.392	72
27.392	27.52	77
27.808	28.0	75
27.968	29.504	74
29.728	29.984	74
29.76	29.856	70
29.76	29.984	58
29.76	30.016	65
30.112	30.272	58
30.144	30.24	70
30.144	30.272	67
30.272	30.592	58
30.272	30.592	68
30.272	30.592	77
30.816	31.136	58
30.816	31.136	68
30.816	31.136	77
31.36	31.68	58
31.36	31.68	68
31.36	31.68	77
31.936	32.032	70
31.936	32.16	58
31.936	32.192	67
31.936	32.224	75
32.32	32.448	58
32.32	32.448	70
32.352	32.416	74
32.352	32.448	65
32.48	33.216	79
32.512	32.672	58
32.512	33.184	70
33.024	33.216	60
33.44	33.536	62
33.44	33.536	68
33.44	33.536	70
33.44	33.536	77
33.6	33.856	67
33.6	33.856	70
33.6	33.888	63
34.112	34.144	56
34.112	34.304	68
34.112	34.304	74
34.112	34.336	53
34.112	34.4	65
34.496	34.624	53
34.496	34.624	56
34.496	34.624	68
34.528	34.624	63
34.528	34.624	72
34.656	34.944	71
34.688	34.976	62
34.688	34.976	67
34.688	35.296	55
35.232	35.392	67
35.232	35.488	60
35.232	35.488	69
35.616	35.744	55
35.616	35.744	67
35.616	35.744	71
35.776	36.032	51
35.776	36.064	63
35.776	36.064	67
35.776	36.064	72
35.776	36.096	55
36.032	36.096	51
36.352	36.608	43
36.352	36.608	67
36.352	36.608	75
36.384	36.608	55
36.768	36.864	65
36.768	36.864	67
36.768	36.896	55
36.928	38.688	60
36.928	38.72	48
36.928	38.72	63
36.928	38.752	55
36.96	37.216	72
36.96	38.72	67
38.688	39.136	71
39.136	39.296	72
39.264	39.616	74
39.808	40.16	74
39.808	40.224	65
39.808	40.224	68
39.808	40.224	71
40.352	40.704	74
40.384	40.704	69
40.384	40.704	72
40.384	40.736	66
40.864	41.28	66
40.864	41.28	69
40.896	41.344	72
40.992	41.408	62
41.312	41.568	74
41.44	42.272	60
41.44	42.88	69
41.44	43.072	66
41.6	42.304	75
42.272	42.592	62
42.304	42.592	74
42.56	43.136	63
42.56	43.136	72
43.104	43.552	74
43.104	43.68	69
43.104	43.712	54
43.136	43.648	62
43.52	43.68	72
43.648	44.032	55
43.648	44.032	67
43.648	44.032	71
43.648	44.064	62
44.192	44.352	55
44.192	44.448	62
44.192	44.448	67
44.192	44.64	69
44.224	44.416	53
44.608	44.736	67
44.608	44.768	55
44.608	44.768	71
44.608	44.8	62
44.768	45.12	55
44.768	45.216	67
44.768	45.344	51
44.768	45.344	60
44.768	45.344	72
45.312	45.504	55
45.312	45.664	62
45.312	45.664	67
45.312	45.696	74
45.312	45.76	50
45.312	45.76	59
45.728	45.888	48
45.728	45.888	67
45.728	45.92	60
45.728	45.92	75
45.76	45.888	55
45.888	46.112	74
45.888	47.616	59
45.888	47.616	67
45.888	47.872	55
47.648	48.064	67
47.648	48.096	62
47.648	48.096	71
47.648	48.192	43
48.064	48.16	55
48.064	48.192	63
48.064	48.192	67
48.064	48.192	72
48.192	48.704	74
48.192	48.768	43
48.192	48.768	55
48.192	48.768	65
48.192	48.768	67
48.768	49.248	74
48.768	49.312	43
48.768	49.312	55
48.768	49.312	65
48.768	49.312	67
49.312	49.856	43
49.312	49.856	55
49.312	49.856	67
49.312	49.888	65
49.312	49.888	74
49.856	50.272	43
49.856	50.272	55
49.856	50.272	67
49.856	50.304	63
49.856	50.304	72
50.272	50.4	43
50.272	50.4	55
50.272	50.4	65
50.272	50.4	67
50.272	50.432	74
50.4	50.976	55
50.4	51.008	75
50.4	51.04	43
50.4	51.2	67
50.944	51.2	45
50.944	51.2	69
50.944	51.232	57
51.36	51.52	65
51.36	51.52	74
51.36	51.584	59
51.36	51.584	67
51.488	51.968	48
51.488	52.0	72
51.488	52.064	60
51.488	52.064	63
52.032	52.48	74
52.032	52.512	53
52.032	52.512	68
52.032	52.576	41
52.416	52.576	63
52.448	52.608	72
52.576	53.056	55
52.576	53.152	43
52.576	53.152	71
52.576	53.504	62
52.576	53.568	67
53.12	53.6	60
53.12	53.632	69
53.152	53.504	55
53.152	53.664	43
53.568	53.664	55
53.568	53.696	67
53.568	53.728	71
53.568	54.176	62
53.696	54.272	51
53.696	54.272	63
53.696	54.272	67
53.696	54.304	72
53.696	54.4	55
54.272	54.688	43
54.272	54.688	67
54.272	54.816	75
54.688	54.848	43
54.688	54.848	67
54.688	54.88	74
54.848	55.808	60
54.848	56.64	43
54.848	56.672	72
54.848	56.704	63
54.848	56.704	67
56.64	56.864	74
56.64	56.928	43
57.056	57.184	75
57.184	57.6	77
57.728	57.824	77
57.728	58.112	65
57.728	58.112	68
57.728	58.112	71
57.728	58.112	74
58.272	58.624	65
58.272	58.624	68
58.272	58.624	77
58.272	58.72	62
58.304	58.624	70
58.784	59.424	65
58.784	59.456	58
58.784	59.456	68
59.232	59.424	74
59.392	59.968	70
59.392	60.0	63
59.392	60.128	79
59.424	60.0	67
59.968	60.544	62
59.968	60.544	65
59.968	60.544	68
59.968	60.672	59
60.352	60.512	77
60.512	61.024	60
60.512	61.056	63
60.512	61.088	67
60.512	61.088	75
61.056	61.536	74
61.056	61.632	53
61.056	61.632	68
61.472	61.632	63
61.472	61.664	72
61.6	62.016	55
61.6	62.144	67
61.6	62.176	71
61.6	62.24	62
62.144	62.336	55
62.144	62.4	67
62.144	62.592	60
62.144	62.592	69
62.56	62.72	55
62.56	62.72	67
62.56	62.752	62
62.56	62.752	71
62.72	63.136	55
62.72	63.264	67
62.72	63.296	51
62.72	63.296	63
62.72	63.456	72
63.264	63.552	55
63.264	63.68	67
63.264	63.712	50
63.264	63.712	59
63.264	63.712	77
63.68	63.84	67
63.68	63.872	60
63.68	63.872	75
63.84	64.224	74
63.84	65.632	55
63.84	65.632	59
63.84	65.632	67
65.6	65.952	58
65.6	66.048	74
65.6	66.176	65
65.6	67.104	70
65.6	67.296	46
65.6	68.384	34
66.016	66.176	75
66.016	66.784	67
66.144	66.72	68
66.144	66.72	77
66.144	67.296	58
66.72	67.264	68
66.72	67.264	77
67.264	67.52	77
67.264	67.84	68
67.296	67.488	70
67.296	67.776	58
67.808	68.224	70
67.808	68.256	58
67.808	68.256	67
67.808	68.256	75
67.808	68.928	46
68.224	68.352	70
68.224	68.384	74
68.352	68.896	79
68.352	69.024	58
68.352	69.024	70
68.896	69.088	36
68.896	69.088	48
69.312	69.472	50
69.312	69.472	68
69.312	69.472	70
69.312	69.472	77
69.44	69.984	39
69.44	69.984	51
69.44	70.016	67
69.44	70.048	75
69.984	70.4	68
69.984	70.528	53
69.984	70.528	74
69.984	70.56	41
70.4	70.528	63
70.4	70.56	68
70.4	70.56	72
70.528	71.04	55
70.528	71.104	67
70.528	71.104	71
70.528	71.36	62
70.528	71.616	43
71.072	71.52	60
71.072	71.584	69
71.104	71.424	55
71.104	71.52	67
71.488	71.648	55
71.52	71.648	67
71.52	71.68	71
71.52	71.712	62
71.648	72.224	51
71.648	72.224	67
71.648	72.256	63
71.648	72.256	72
71.648	72.288	55
72.224	72.672	67
72.224	72.768	75
72.224	74.592	43
72.672	72.832	65
72.672	72.992	67
72.672	73.664	74
72.8	74.336	60
72.8	74.944	72
72.8	76.928	63
74.592	75.168	75
74.592	75.2	43
75.008	75.2	74
75.168	75.392	56
75.168	76.928	72
75.168	77.056	68
75.168	77.44	51
75.168	77.472	44
76.928	77.536	72
77.024	77.728	75
77.376	77.568	74
77.536	77.632	48
77.536	78.272	72
77.536	79.328	67
77.536	79.36	51
77.536	79.52	39
79.296	79.872	74
79.296	79.904	48
79.328	79.904	60
79.712	79.904	75
79.872	80.416	68
79.872	80.416	72
79.872	80.448	41
79.872	80.448	53
79.872	80.448	77
80.416	80.864	75
80.416	80.928	72
80.416	80.96	43
80.416	80.992	67
80.832	80.96	56
80.832	80.992	65
80.832	80.992	74
80.96	81.536	43
80.96	81.568	63
80.96	81.568	72
80.96	81.792	55
81.536	82.144	71
81.536	82.976	62
81.536	83.904	43
81.568	82.56	67
82.112	82.176	42
82.112	84.256	48
82.112	84.256	60
82.112	84.288	63
82.112	84.352	72
83.904	84.48	43
83.904	84.48	75
84.32	84.48	74
84.48	85.984	56
84.48	86.272	44
84.48	86.304	68
84.48	86.304	72
84.48	86.656	51
86.272	86.816	44
86.272	86.88	75
86.688	86.88	74
86.848	86.912	48
86.848	87.616	72
86.848	88.608	67
86.848	88.64	39
86.848	88.64	51
88.64	88.864	73
89.056	89.248	75
89.184	89.376	68
89.184	89.728	49
89.312	89.568	77
89.728	89.952	68
89.728	90.016	51
89.728	90.016	75
90.144	90.24	53
90.144	90.24	68
90.272	90.592	51
90.272	90.592	68
90.272	90.592	72
90.848	91.168	39
90.848	91.168	67
90.848	91.168	70
90.848	91.2	51
90.88	91.168	61
91.424	92.48	68
91.424	92.576	44
91.424	92.576	60
91.424	92.576	63
91.84	92.16	51
92.032	92.224	48
92.16	92.608	51
92.48	92.608	56
92.608	93.12	47
92.8	93.152	50
92.992	93.216	56
93.152	93.696	68
93.184	93.6	48
93.376	93.696	51
93.536	93.76	56
93.6	93.792	72
93.76	94.272	75
93.76	94.72	44
94.112	94.688	56
94.272	94.784	75
94.272	94.816	48
94.528	94.816	51
94.688	94.848	56
94.816	95.328	75
94.816	95.392	47
95.04	95.424	50
95.2	95.424	56
95.392	95.872	48
95.392	95.904	75
95.584	95.904	51
95.776	96.0	56
95.968	96.512	49
95.968	96.544	77
96.16	96.48	53
96.32	96.544	56
96.512	97.056	49
97.056	97.632	48
97.088	98.112	75
97.248	97.856	56
97.632	98.112	48
97.824	98.208	51
97.984	98.176	56
98.144	98.528	46
98.144	99.232	73
98.336	98.88	51
98.496	98.72	56
98.688	99.232	46
98.88	99.328	51
99.264	99.744	44
99.264	99.872	72
99.52	99.84	51
99.808	100.288	44
100.064	100.352	51
100.224	100.288	56
100.352	100.832	49
100.544	100.96	56
100.928	101.376	53
101.024	101.376	56
101.28	101.472	61
101.472	101.952	72
101.536	101.952	51
101.6	101.952	56
102.016	102.624	70
102.496	102.624	58
102.592	103.712	68
102.656	103.328	44
103.104	103.712	56
103.136	103.68	48
103.36	103.712	51
103.712	104.224	47
103.904	104.256	50
104.096	104.32	56
104.256	104.832	68
104.288	104.768	48
104.48	104.864	51
104.64	104.896	56
104.704	104.896	72
104.864	105.408	75
104.864	105.888	44
105.12	105.376	48
105.216	105.568	56
105.376	105.92	48
105.408	105.856	75
105.408	105.92	63
105.632	105.952	51
105.824	105.952	56
105.92	106.432	75
105.92	106.496	47
105.92	106.496	63
106.144	106.496	50
106.304	106.528	56
106.496	106.944	48
106.496	107.072	75
106.496	107.104	63
106.72	107.072	51
106.88	107.136	56
107.104	107.488	64
107.104	107.648	49
107.104	107.68	76
107.296	107.68	52
107.456	107.68	56
107.648	108.256	49
107.776	108.192	52
108.224	108.736	47
108.224	109.344	63
108.224	109.344	75
108.384	108.896	54
108.608	109.152	59
108.736	109.344	47
108.896	109.344	54
109.152	109.376	59
109.312	109.824	52
109.312	109.856	73
109.504	109.792	56
109.664	109.888	61
109.856	110.368	52
110.016	110.336	54
110.4	110.976	71
110.432	110.944	51
110.592	110.912	54
110.816	111.008	59
110.944	111.424	51
111.232	111.52	55
111.232	111.52	70
111.264	111.296	43
111.328	111.552	61
111.456	112.128	52
111.52	112.0	68
112.0	112.576	68
112.096	112.576	56
112.096	112.608	76
112.192	112.608	59
112.512	112.608	64
112.544	113.12	54
112.576	113.152	75
112.672	113.152	59
113.12	113.664	54
113.152	113.536	73
113.472	113.728	58
113.504	113.696	61
113.696	114.272	71
113.696	114.72	47
113.92	114.208	51
114.08	114.624	59
114.208	114.816	51
114.432	114.848	54
114.624	114.848	59
114.816	115.36	50
115.008	115.392	53
115.2	115.456	59
115.36	115.936	71
115.36	116.0	51
115.552	115.936	54
115.712	115.936	59
115.808	116.0	75
115.968	116.416	78
115.968	116.512	47
115.968	116.512	66
116.16	116.736	51
116.32	116.672	54
116.512	116.992	78
116.512	117.056	66
116.512	117.088	47
116.736	117.344	51
116.864	117.056	54
117.056	117.504	46
117.056	117.632	67
117.056	117.632	79
117.216	117.632	49
117.44	117.824	51
117.6	118.048	44
117.6	118.176	80
117.6	118.208	68
117.792	118.176	49
117.952	118.272	51
118.144	118.688	43
118.144	118.688	70
118.144	118.72	82
118.336	118.656	49
118.528	118.784	51
118.688	119.264	43
118.688	119.264	85
118.72	119.264	73
118.88	119.264	46
119.072	119.296	51
119.232	119.68	71
119.232	119.776	83
119.232	119.84	44
119.424	119.648	47
119.616	119.84	51
119.808	120.256	49
119.808	120.288	70
119.968	120.32	52
120.224	120.32	56
120.224	120.384	68
120.224	120.384	80
120.224	120.448	58
120.352	120.896	51
120.352	120.896	67
120.352	120.896	79
120.768	121.344	61
120.896	121.504	51
120.896	121.536	67
120.896	121.536	79
121.12	121.536	58
121.344	121.536	61
121.504	121.856	68
121.504	122.016	51
121.504	122.048	80
121.664	122.016	58
121.76	122.08	67
121.76	122.336	79
121.92	122.336	61
122.016	122.624	51
122.016	122.624	58
122.048	122.368	65
122.048	122.368	77
122.336	122.656	67
122.336	122.656	79
122.496	122.656	61
122.624	123.488	68
122.624	123.776	56
122.624	124.288	80
123.328	123.744	60
123.488	124.064	68
123.744	124.32	59
124.064	124.32	68
124.288	124.96	80
124.32	124.672	68
124.352	124.928	60
124.544	124.928	63
124.672	125.152	68
124.768	124.928	84
124.864	125.44	87
124.864	125.824	56
124.896	125.44	75
125.12	125.44	60
125.248	125.856	68
125.44	125.984	75
125.44	125.984	87
125.44	126.016	60
125.664	125.984	63
125.856	126.016	68
125.984	126.432	75
125.984	126.528	87
125.984	126.56	59
126.208	126.56	62
126.368	126.56	68
126.528	127.104	60
126.528	127.104	75
126.528	127.104	87
126.72	127.104	63
126.912	127.136	68
127.072	127.616	61
127.072	127.68	89
127.104	127.648	77
127.264	127.648	65
127.456	127.712	68
127.616	127.968	91
127.616	128.0	61
127.648	128.032	79
127.808	128.0	63
128.0	128.192	63
128.0	128.192	70
128.0	128.224	61
128.16	128.448	92
128.192	128.736	60
128.192	128.768	80
128.384	128.768	63
128.544	128.768	68
128.736	129.28	60
128.736	129.28	75
128.736	129.28	87
128.928	129.312	63
129.088	129.312	68
129.28	129.856	58
129.28	129.856	87
129.28	129.888	75
129.504	129.888	63
129.696	129.856	70
129.856	130.336	85
129.856	130.4	73
129.856	130.432	58
130.016	130.272	63
130.272	130.432	63
130.272	130.432	67
130.4	130.976	56
130.4	131.008	73
130.4	131.04	85
130.592	130.944	63
130.784	131.008	68
130.976	131.136	72
130.976	131.296	56
131.136	131.392	63
131.296	131.424	68
131.52	132.0	61
131.52	132.032	82
131.616	132.0	68
132.032	132.576	85
132.192	132.64	68
132.448	132.64	73
132.608	132.832	84
132.64	133.056	63
132.768	133.088	68
133.152	133.76	63
133.184	133.696	82
133.728	133.952	68
133.728	134.016	80
133.92	134.304	63
134.08	134.464	68
134.304	134.688	63
134.304	134.912	72
134.464	135.232	68
134.688	134.88	63
134.88	135.04	63
134.88	135.2	75
135.04	135.456	72
135.04	136.0	63
135.232	135.424	68
135.424	135.936	56
135.424	136.0	68
135.616	135.936	72
135.808	136.0	75
135.84	136.0	60
136.0	136.384	63
136.0	136.384	75
136.192	136.576	70
136.384	136.544	63
136.384	136.928	67
136.544	136.736	63
136.736	136.928	63
136.736	137.088	70
136.928	137.088	63
136.928	137.12	67
137.088	137.632	63
137.28	137.664	72
137.472	137.664	68
137.632	138.016	63
137.632	138.144	70
137.856	138.176	75
138.016	138.24	79
138.016	138.272	63
138.208	138.752	80
138.208	139.168	65
138.4	138.784	75
138.592	139.104	68
138.752	139.296	80
138.944	139.328	74
139.104	139.488	68
139.296	139.616	80
139.296	139.68	63
139.488	139.84	75
139.68	139.84	63
139.68	139.84	70
139.84	140.416	63
139.84	140.416	70
140.064	140.416	75
140.192	140.416	79
140.384	140.608	77
140.384	141.472	61
140.576	140.96	70
140.768	141.312	67
140.96	141.344	77
141.12	141.472	71
141.312	141.568	67
141.504	141.856	77
141.504	142.592	60
141.664	142.048	72
141.856	142.016	68
142.016	142.624	68
142.24	142.624	72
142.4	142.624	75
142.592	143.136	61
142.592	143.168	58
142.784	143.168	68
142.944	143.2	73
143.136	143.68	65
143.136	143.712	61
143.328	143.712	68
143.52	143.712	70
143.68	144.064	63
143.68	144.288	60
143.872	144.288	68
144.064	144.256	63
144.064	144.256	72
144.256	144.736	67
144.256	144.8	51
144.256	144.8	58
144.256	144.832	63
144.448	144.736	75
144.608	144.832	73
144.8	144.992	51
144.8	145.184	68
144.8	145.28	72
144.8	145.408	44
144.832	144.992	63
144.992	145.76	63
144.992	147.04	51
145.184	145.568	68
145.376	145.856	72
145.408	145.952	44
145.568	146.336	68
145.76	146.144	63
145.952	146.496	44
145.952	146.88	75
146.144	146.56	72
146.144	147.072	63
146.336	146.496	68
146.496	146.688	68
146.496	146.72	44
146.688	147.104	68
146.688	147.104	72
146.72	147.072	44
146.88	147.072	75
146.912	147.104	48
147.072	147.648	51
147.072	147.648	63
147.072	147.648	75
147.264	147.84	70
147.456	147.872	67
147.648	148.0	63
147.648	148.192	51
147.648	148.192	75
147.84	148.192	70
148.0	148.192	63
148.0	148.224	67
148.192	148.736	51
148.192	148.736	63
148.192	148.8	75
148.352	148.736	71
148.544	148.768	68
148.736	148.928	51
148.736	148.96	70
148.736	149.344	63
148.928	149.344	75
148.928	149.376	51
149.088	149.344	79
149.312	149.856	80
149.312	149.888	64
149.312	150.432	52
149.504	149.888	75
149.696	150.08	68
149.856	150.4	80
149.888	150.432	64
150.048	150.4	73
150.24	150.464	70
150.4	150.944	51
150.4	150.976	80
150.4	151.04	63
150.624	151.168	75
150.784	150.944	71
150.944	151.52	51
150.944	151.552	71
151.168	151.552	75
151.328	151.552	78
151.52	152.064	49
151.52	152.064	76
151.52	152.672	61
151.712	152.192	71
151.904	152.096	67
152.064	152.608	76
152.064	152.64	49
152.256	152.576	70
152.448	152.64	67
152.608	153.152	76
152.608	153.376	47
152.608	153.472	59
152.8	153.28	71
152.992	153.152	68
153.152	153.696	68
153.344	153.504	71
153.408	153.824	58
153.536	153.76	75
153.6	153.728	59
153.696	153.888	56
153.696	154.08	68
153.696	154.464	52
153.888	154.08	56
153.888	154.24	71
154.08	154.24	56
154.08	154.24	68
154.08	154.24	73
154.24	154.624	56
154.24	154.752	49
154.24	154.848	64
154.24	154.848	68
154.432	154.848	71
154.592	154.848	76
154.816	155.36	54
154.816	155.392	63
154.816	155.392	66
154.976	155.424	71
155.2	155.424	75
155.36	155.968	54
155.36	155.968	61
155.36	155.968	70
155.392	155.904	66
155.552	155.904	78
155.744	156.0	76
155.968	156.32	66
155.968	157.12	54
155.968	157.12	75
155.968	158.016	47
155.968	158.144	59
156.16	156.928	63
156.32	156.704	66
156.544	157.28	71
156.704	157.12	66
156.928	158.144	63
157.12	157.472	66
157.12	157.856	75
157.12	157.984	54
157.28	157.632	71
157.472	158.208	66
157.632	158.208	71
157.856	158.208	75
158.016	158.176	78
158.208	158.784	47
158.208	158.784	66
158.208	158.784	78
158.432	158.976	51
158.592	158.848	54
158.784	159.296	47
158.784	159.296	78
158.784	159.328	66
158.976	159.552	51
159.136	159.328	54
159.328	159.84	46
159.328	159.904	67
159.328	159.904	79
159.488	159.904	49
159.712	160.096	51
159.872	160.288	44
159.872	160.448	80
159.872	160.48	68
160.032	160.448	49
160.224	160.512	51
160.416	160.832	70
160.416	160.96	43
160.416	160.96	82
160.608	160.896	49
160.8	161.024	51
160.96	161.536	43
160.96	161.536	73
160.96	161.536	85
161.152	161.536	46
161.344	161.568	51
161.504	162.08	44
161.536	162.08	71
161.536	162.112	83
161.696	161.92	47
161.888	162.144	51
162.08	162.528	49
162.08	162.56	70
162.272	162.592	52
162.496	162.624	56
162.496	162.656	68
162.496	162.656	80
162.624	163.168	67
162.624	163.168	79
162.624	163.2	51
163.04	163.584	61
163.168	163.808	67
163.168	163.808	79
163.2	163.776	51
163.392	163.808	58
163.584	163.84	61
163.776	164.096	80
163.776	164.224	68
163.776	164.32	51
163.936	164.48	58
164.032	164.576	67
164.032	164.576	79
164.192	164.672	61
164.32	164.576	65
164.32	164.608	77
164.32	164.928	51
164.48	164.896	58
164.576	164.928	67
164.576	164.928	79
164.672	164.928	61
164.896	165.76	68
164.896	165.952	80
165.024	165.088	44
165.088	165.792	51
165.28	165.6	60
165.408	165.824	56
165.6	166.048	60
165.792	165.888	51
165.888	166.016	51
166.016	166.208	51
166.048	166.144	73
166.208	166.368	51
166.304	166.592	72
166.368	166.464	56
166.496	166.656	51
166.56	166.88	71
166.72	166.848	56
166.848	166.976	72
166.848	167.04	51
166.944	167.04	60
167.008	167.136	56
167.104	167.296	37
167.104	167.296	72
167.264	167.616	49
167.264	167.648	77
167.296	167.488	53
167.488	167.808	53
167.616	168.192	49
167.808	167.872	57
167.808	168.0	53
168.0	168.192	57
168.0	168.256	53
168.256	168.352	49
168.256	168.352	72
168.416	168.544	53
168.512	168.672	49
168.512	168.8	70
168.768	168.864	58
168.8	168.992	69
168.928	169.056	49
168.96	169.056	53
169.056	169.184	70
169.184	169.344	49
169.216	169.312	53
169.312	169.696	70
169.472	169.728	58
169.504	169.728	75
169.728	170.4	58
169.888	170.24	51
170.048	170.304	55
170.048	170.432	48
170.24	170.592	51
170.304	170.496	55
170.464	170.752	73
170.624	170.72	56
170.624	170.848	51
170.72	170.848	72
170.848	170.912	48
171.008	171.104	56
171.008	171.328	70
171.2	171.36	51
171.264	171.36	68
171.36	171.616	48
171.36	171.616	51
171.36	171.616	68
171.584	171.872	75
171.584	172.064	67
171.744	172.096	49
171.776	171.84	53
171.84	171.936	53
171.84	172.064	65
171.84	172.16	73
171.936	172.64	53
172.032	172.064	55
172.128	172.512	63
172.128	172.608	72
172.256	172.48	49
172.384	172.704	70
172.416	172.64	61
172.48	172.672	49
172.704	173.344	68
172.704	173.6	39
172.704	174.752	60
172.96	173.408	51
173.152	173.312	56
173.248	173.792	63
173.248	173.792	72
173.408	173.664	51
173.568	173.6	55
173.664	173.984	51
173.664	173.984	61
173.696	173.888	70
173.856	174.944	68
173.984	174.368	51
174.368	174.752	51
174.752	174.976	51
174.752	175.2	60
174.976	175.168	51
174.976	175.296	73
175.168	175.392	51
175.264	175.584	72
175.456	175.616	51
175.52	175.84	71
175.712	175.808	51
175.808	176.128	51
175.808	176.128	60
175.808	176.128	72
175.808	176.16	56
176.096	176.288	84
176.096	176.32	77
176.256	176.416	49
176.256	176.416	53
176.384	176.544	82
176.48	176.608	49
176.48	176.608	53
176.672	176.992	81
176.8	176.896	49
176.96	177.12	82
176.992	177.12	49
177.216	177.312	49
177.248	177.536	72
177.504	177.792	70
177.536	177.696	53
177.568	177.728	58
177.76	177.856	49
177.76	178.016	69
177.888	178.016	53
178.048	178.368	70
178.176	178.304	53
178.336	178.624	75
178.336	178.624	82
178.496	178.656	58
178.528	178.688	51
178.624	178.912	80
178.688	178.784	51
178.912	179.072	51
178.912	179.168	79
179.072	179.104	48
179.072	179.232	51
179.168	179.456	80
179.424	179.552	51
179.488	179.712	73
179.616	179.776	56
179.744	180.032	72
179.776	179.872	51
180.0	180.096	56
180.0	180.128	70
180.192	180.32	56
180.288	180.608	68
180.384	180.608	51
180.448	180.608	56
180.608	180.864	43
180.608	180.896	75
180.608	180.896	79
180.608	181.12	67
180.736	181.12	49
180.864	181.12	65
180.864	181.12	77
180.896	181.088	73
181.152	181.44	63
181.152	181.568	75
181.312	181.632	49
181.408	181.664	61
181.408	181.664	73
181.408	181.696	70
181.44	181.536	51
181.696	182.24	72
181.696	182.304	39
181.696	182.336	60
181.728	182.272	68
181.952	182.24	51
182.176	182.304	56
182.272	182.368	61
182.272	182.816	67
182.304	182.4	73
182.304	182.432	51
182.304	182.816	39
182.528	182.752	51
182.592	182.816	58
182.688	182.912	70
182.88	182.976	44
182.88	183.232	63
182.88	183.68	68
182.88	183.712	56
182.88	183.712	60
183.008	183.36	51
183.36	183.712	51
183.52	183.712	48
183.744	183.968	51
183.968	184.096	51
184.16	184.448	51
184.352	184.48	48
184.512	184.608	44
184.512	184.96	60
184.704	184.832	51
184.928	185.12	51
184.96	185.12	63
185.12	185.152	44
185.12	185.312	32
185.12	185.376	56
185.12	185.536	68
185.28	185.536	51
185.312	185.664	32
185.632	185.76	51
185.664	185.824	44
185.664	185.824	56
185.664	186.08	68
185.664	186.112	32
185.984	186.176	51
186.016	186.08	44
186.24	186.336	44
186.24	186.336	51
186.24	186.4	56
186.24	186.4	68
186.464	186.56	51
186.56	186.688	51
186.784	186.848	44
186.784	186.88	51
186.784	186.912	68
186.784	187.04	56
186.944	187.136	44
186.976	187.104	51
187.104	187.328	51
187.2	187.36	48
187.2	187.424	44
187.424	187.648	55
187.424	188.608	67
187.584	187.936	51
187.936	188.16	51
187.936	188.384	43
188.128	188.224	48
188.288	188.544	51
188.384	188.608	43
188.544	188.864	51
188.704	188.928	43
188.896	189.024	51
189.088	189.184	43
189.088	189.216	51
189.088	189.504	60
189.28	189.44	51
189.28	189.536	48
189.44	189.536	51
189.44	189.568	43
189.536	189.664	63
189.536	189.696	51
189.664	189.76	55
189.664	190.08	67
189.664	190.144	43
189.856	190.272	51
190.048	190.112	48
190.24	190.528	55
190.24	190.624	67
190.24	190.656	43
190.4	190.592	51
190.592	190.784	51
190.784	190.912	51
190.784	190.944	67
190.784	191.264	43
190.816	190.912	55
190.976	191.104	48
190.976	191.104	51
191.136	191.296	51
191.328	191.808	67
191.328	192.032	43
191.52	191.712	51
191.712	192.0	51
191.968	192.096	29
191.968	192.576	53
191.968	192.768	65
191.968	193.152	41
192.16	192.352	51
192.352	192.544	51
192.544	192.768	51
192.768	192.928	51
192.928	193.408	51
193.184	194.304	54
193.184	194.368	66
193.408	194.016	51
193.984	194.4	48
194.016	194.368	51
194.368	194.88	50
194.368	194.912	43
194.368	195.328	47
194.72	194.912	67
194.88	196.064	50
194.912	195.616	43
195.264	195.328	55
195.264	195.392	67
195.456	195.552	55
195.456	195.584	67
195.648	195.808	67
195.84	195.968	67
195.84	196.064	43
196.032	196.16	55
196.032	196.16	67
196.032	196.512	47
196.224	196.416	67
196.416	196.512	55
196.416	196.544	67
196.512	196.608	48
196.576	196.992	50
196.608	196.672	55
196.608	196.704	67
196.8	196.864	55
196.8	196.896	67
196.992	197.056	55
196.992	197.088	67
197.12	197.504	50
197.152	197.248	67
197.344	197.472	67
197.536	197.6	55
197.536	197.632	67
197.664	198.112	50
197.728	197.856	67
197.856	197.92	55
198.08	198.176	67
198.24	198.368	67
198.24	198.656	48
198.432	198.528	55
198.432	198.56	67
198.624	198.72	67
198.624	198.848	50
198.784	198.88	67
198.784	199.68	51
198.976	199.072	67
199.2	199.36	67
199.36	199.456	55
199.36	199.488	67
199.616	199.712	50
199.712	199.84	67
199.712	199.936	50
199.904	200.0	55
199.904	200.032	67
199.904	200.384	48
200.096	200.288	67
200.256	200.384	55
200.288	200.384	67
200.448	200.576	55
200.448	200.576	67
200.448	200.864	46
200.64	200.864	67
200.704	200.864	55
200.832	200.96	53
200.832	200.992	65
200.928	201.056	44
201.024	201.376	67
201.024	202.08	43
201.152	201.568	63
201.184	201.568	60
201.376	201.888	67
201.568	202.08	63
201.568	202.112	60
201.696	201.92	55
201.92	202.08	55
202.08	202.464	43
202.272	202.688	67
202.464	202.688	43
202.464	202.688	59
202.464	202.72	55
202.688	202.88	59
202.688	202.976	67
202.688	203.328	43
202.88	203.232	59
202.976	203.2	55
202.976	203.232	62
202.976	203.232	67
203.232	203.328	55
203.232	203.328	67
203.232	203.36	63
203.232	204.064	48
203.232	204.192	60
203.424	203.552	55
203.424	203.552	67
203.776	203.904	55
203.776	203.904	67
203.968	204.096	67
204.16	204.256	67
204.352	204.48	55
204.352	204.48	67
204.544	204.64	55
204.576	204.64	67
204.736	204.832	55
204.736	204.832	67
204.896	204.992	55
204.896	205.024	67
204.896	205.248	59
204.896	205.312	35
204.896	205.312	47
205.088	205.184	55
205.088	205.216	67
205.28	205.376	55
205.28	205.408	67
205.312	205.472	48
205.44	205.984	50
205.44	207.2	38
205.472	205.504	55
205.472	205.536	62
205.472	205.568	67
205.632	205.696	55
205.632	205.824	67
205.792	206.048	55
205.824	206.016	67
205.984	206.56	50
206.016	206.176	67
206.176	206.368	55
206.176	206.368	67
206.368	206.592	55
206.368	206.752	67
206.56	207.104	50
206.592	206.656	55
206.752	206.944	55
206.752	206.944	67
206.944	207.136	55
206.944	207.2	67
207.104	207.2	56
207.104	207.232	68
207.104	207.52	48
207.296	207.552	56
207.296	207.648	68
207.52	207.712	38
207.52	207.712	50
207.68	207.776	55
207.68	207.872	67
207.68	208.448	39
207.68	208.544	51
207.712	207.776	58
207.84	208.032	55
207.872	208.224	67
208.032	208.224	55
208.224	208.416	55
208.224	208.416	67
208.416	208.768	55
208.416	208.768	67
208.512	208.8	50
208.512	209.824	38
208.768	208.864	48
208.768	208.928	55
208.768	208.96	67
208.8	209.504	60
208.928	209.152	55
208.96	209.152	67
209.152	209.344	67
209.152	209.728	55
209.344	209.504	67
209.504	209.888	67
209.696	209.824	53
209.888	210.048	63
209.888	210.048	67
209.888	210.72	43
209.92	209.984	55
210.048	210.24	67
210.048	210.272	55
210.048	210.432	63
210.24	210.432	67
210.432	210.592	67
210.432	210.784	55
210.592	210.784	67
210.784	210.976	55
210.784	210.976	67
210.784	211.008	60
210.784	211.008	63
210.976	211.072	55
210.976	211.136	31
210.976	211.136	43
210.976	211.136	59
210.976	211.136	67
211.136	211.264	55
211.136	211.328	43
211.136	211.328	59
211.136	211.328	67
211.136	212.128	31
211.328	211.456	55
211.328	211.52	43
211.328	211.52	59
211.328	211.52	62
211.328	211.52	67
211.52	211.68	59
211.52	211.68	62
211.52	211.68	67
211.52	211.776	43
211.68	211.84	62
211.68	211.872	55
211.68	211.872	59
211.68	211.872	67
211.84	212.16	62
211.872	212.096	55
211.872	212.096	67
211.872	212.192	59
212.096	212.288	55
212.096	213.184	67
212.128	212.832	63
212.288	212.608	55
212.608	212.96	55
212.96	213.312	55
213.184	213.44	67
213.312	213.472	55
213.728	214.016	71
213.92	214.016	55
214.208	214.336	72
214.24	214.368	55
214.304	214.656	74
214.624	214.752	55
214.848	215.104	74
214.848	215.264	65
214.88	215.04	55
215.04	215.136	55
215.392	215.648	74
215.424	215.712	68
215.616	215.68	55
215.744	215.84	55
215.968	216.032	55
215.968	216.384	72
216.352	216.544	74
216.512	216.768	75
216.64	216.768	55
217.056	217.376	63
217.216	217.312	55
217.344	217.568	74
217.568	217.696	55
217.632	217.856	72
217.664	217.824	67
217.792	217.888	55
218.144	218.368	74
218.176	218.208	55
218.304	218.4	55
218.528	218.624	55
218.592	218.72	72
218.688	219.072	71
219.04	219.136	55
219.264	219.584	69
219.264	219.712	65
219.68	219.872	71
219.808	220.416	63
219.84	219.872	44
219.84	220.384	72
220.16	220.224	55
220.384	220.768	74
220.384	220.832	60
220.736	220.832	55
220.736	220.832	67
220.8	220.96	75
220.928	221.056	55
220.928	221.088	68
220.928	221.152	74
221.12	221.216	55
221.12	221.344	67
221.312	221.408	55
221.504	221.6	67
221.504	221.632	55
221.696	221.792	55
221.888	221.984	55
222.08	222.176	55
222.24	222.336	55
222.464	222.56	55
222.656	222.816	55
222.656	222.976	67
222.656	222.976	71
222.656	223.04	59
222.816	223.008	55
223.008	223.232	55
223.072	223.264	60
223.072	223.264	72
223.104	223.264	69
223.232	223.392	55
223.232	223.68	74
223.232	223.712	71
223.232	223.776	62
223.392	223.552	55
223.552	223.808	55
223.744	223.904	54
223.776	224.288	74
223.776	224.32	62
223.776	224.32	71
223.904	224.096	54
224.096	224.32	54
224.32	224.48	53
224.32	224.48	55
224.32	224.48	62
224.32	224.608	74
224.32	224.896	71
224.48	224.64	53
224.48	224.64	55
224.48	224.64	62
224.64	224.864	55
224.64	224.896	53
224.64	224.896	62
224.864	225.056	55
224.864	225.088	67
224.864	225.184	72
224.864	225.28	60
224.864	225.344	51
225.024	225.376	50
225.056	225.376	55
225.248	225.408	67
225.248	225.984	62
225.28	225.376	74
225.408	225.76	67
225.408	225.984	48
225.408	225.984	63
225.408	225.984	75
225.44	225.504	55
225.568	225.76	55
225.76	226.048	55
225.76	226.048	67
225.952	226.112	46
226.112	226.304	55
226.112	226.528	46
226.304	226.592	55
226.368	226.528	74
226.368	226.56	62
226.496	227.104	72
226.496	227.136	60
226.496	227.136	67
226.528	226.752	64
226.656	227.136	55
226.848	227.104	45
227.104	227.232	54
227.104	227.616	66
227.104	227.648	62
227.104	227.68	74
227.136	227.264	44
227.232	227.68	54
227.264	227.456	44
227.456	228.0	44
227.488	227.68	72
227.648	227.808	43
227.648	227.808	53
227.648	228.16	65
227.648	228.192	62
227.648	228.448	71
227.808	228.0	43
227.808	228.128	53
228.0	228.736	43
228.192	228.352	41
228.192	228.608	67
228.192	228.768	62
228.352	228.544	41
228.544	228.768	41
228.608	228.768	68
228.736	228.928	43
228.736	228.96	60
228.736	228.96	72
228.736	229.376	67
228.928	229.12	43
229.12	229.504	43
229.344	229.504	31
229.344	229.536	75
229.344	229.632	65
229.504	229.76	31
229.504	230.112	43
229.76	229.92	31
229.76	229.92	74
229.888	230.944	72
229.888	231.712	63
230.464	230.528	55
230.72	230.752	55
230.88	230.976	55
231.104	231.168	55
231.456	231.552	55
231.68	231.808	55
231.712	231.808	74
232.128	232.256	75
232.224	232.48	56
232.224	232.608	77
232.544	232.8	56
232.768	232.896	57
232.8	232.896	77
232.8	233.216	65
232.992	233.152	57
233.216	233.376	57
233.312	233.536	77
233.344	233.6	68
233.504	233.632	58
233.888	234.336	75
234.24	234.336	58
234.304	234.464	74
234.432	235.008	79
234.784	235.04	58
235.008	235.104	59
235.008	235.456	67
235.264	235.488	77
235.392	235.552	68
235.552	235.968	75
235.584	235.616	56
235.584	235.68	60
235.904	235.968	55
236.096	236.352	74
236.256	236.352	55
236.48	236.512	55
236.544	236.672	72
236.64	236.736	55
236.64	237.024	71
236.992	237.12	55
237.184	237.536	68
237.184	237.536	71
237.216	237.28	56
237.376	237.44	55
237.504	237.792	67
237.76	238.08	65
237.76	238.304	72
238.048	238.336	63
238.144	238.208	55
238.336	238.528	77
238.336	238.624	62
238.496	238.624	55
238.624	238.88	60
238.752	238.944	75
238.912	239.04	56
238.912	239.072	68
238.912	239.104	74
239.072	239.488	67
239.264	239.36	55
239.456	239.584	55
239.488	239.584	67
239.68	239.776	55
239.872	239.968	55
240.064	240.32	55
240.288	240.48	56
240.48	240.704	57
240.672	240.832	58
240.672	241.184	74
240.832	241.024	58
241.024	241.216	58
241.024	241.28	70
241.088	241.376	75
241.216	241.376	58
241.216	241.76	65
241.216	241.76	77
241.376	241.568	58
241.568	241.76	58
241.76	241.92	58
241.76	242.304	77
241.76	242.336	65
241.92	242.112	58
242.112	242.336	58
242.336	242.656	58
242.336	242.912	77
242.336	242.944	65
242.464	242.688	56
242.656	242.88	58
242.688	242.944	56
242.88	243.04	58
242.88	243.328	75
242.88	243.424	79
242.88	243.456	67
243.04	243.296	58
243.04	243.328	55
243.232	243.392	53
243.296	243.424	58
243.296	243.456	68
243.296	243.456	77
243.296	243.456	80
243.424	243.616	58
243.424	243.904	79
243.424	243.968	82
243.424	244.0	70
243.456	243.488	55
243.616	243.776	58
243.616	243.808	55
243.776	244.0	58
243.808	244.0	55
243.968	244.224	56
243.968	244.48	68
243.968	244.48	80
244.128	244.32	47
244.128	244.32	53
244.32	244.48	47
244.32	244.48	53
244.32	244.512	56
244.512	244.576	43
244.512	244.608	48
244.512	244.608	51
244.512	244.608	55
244.512	245.056	75
244.512	245.088	79
244.672	244.864	51
244.672	244.864	55
244.864	245.088	51
244.864	245.088	55
245.056	245.216	53
245.056	245.312	65
245.056	245.6	77
245.056	245.632	44
245.216	245.376	53
245.376	245.472	53
245.472	245.6	53
245.472	245.632	74
245.6	245.696	53
245.6	245.792	43
245.6	245.984	65
245.6	246.048	62
245.6	246.112	71
245.76	245.92	53
245.92	246.208	53
246.144	246.304	43
246.144	246.624	67
246.144	246.688	62
246.176	246.464	71
246.304	246.496	43
246.496	246.688	43
246.592	246.752	68
246.688	246.88	43
246.72	246.912	60
246.72	247.104	72
246.72	247.328	67
246.88	247.04	43
247.04	247.488	43
247.072	247.264	31
247.296	247.488	75
247.296	247.744	65
247.296	247.872	71
247.456	247.744	31
247.488	248.096	43
247.744	247.84	31
247.744	247.904	74
247.872	248.128	60
247.872	248.864	63
247.872	248.864	72
248.064	248.288	50
248.256	248.48	48
248.448	248.736	46
248.64	248.896	48
248.672	248.864	60
248.832	249.088	46
249.056	249.312	44
249.216	249.472	46
249.248	249.28	58
249.44	249.536	56
249.44	249.76	44
249.632	249.824	48
249.632	249.824	60
249.632	249.824	72
249.632	249.952	36
249.632	250.016	43
249.824	250.016	48
249.824	250.016	60
249.824	250.016	72
250.016	250.208	36
250.016	250.208	79
250.016	250.24	43
250.016	250.24	48
250.016	250.24	72
250.016	250.496	60
250.24	250.304	68
250.24	250.496	41
250.24	250.496	72
250.24	250.496	74
250.24	250.496	84
250.24	250.56	80
250.432	250.848	43
250.624	250.88	41
250.848	250.912	48
250.848	251.104	44
251.04	251.136	58
251.04	251.264	46
251.232	251.328	56
251.232	251.456	44
251.424	251.808	43
251.456	251.488	52
251.616	251.872	44
251.648	251.776	56
251.808	252.032	43
251.808	252.128	48
252.0	252.192	60
252.0	252.192	72
252.0	252.416	41
252.192	252.384	60
252.192	252.576	72
252.224	252.288	36
252.384	252.608	48
252.384	252.64	60
252.416	252.576	53
252.416	252.64	41
252.608	252.832	39
252.608	252.832	48
252.608	252.832	84
252.608	252.896	72
252.608	253.024	79
252.608	253.248	75
252.768	253.024	41
252.992	253.088	51
252.992	253.216	39
253.184	253.568	43
253.376	253.6	44
253.376	253.792	60
253.568	253.792	43
253.76	254.144	41
253.952	254.176	43
254.144	254.4	41
254.336	254.528	60
254.336	254.528	72
254.336	255.072	39
254.528	254.72	60
254.528	254.72	72
254.72	254.784	48
254.72	254.976	60
254.72	254.976	72
254.944	255.104	49
254.944	255.104	65
254.944	255.36	73
254.944	255.424	37
255.328	255.424	43
255.52	255.84	37
255.52	255.968	65
255.52	256.0	77
255.712	255.936	39
255.904	256.16	41
255.968	256.16	80
255.968	256.192	68
256.128	256.192	60
256.128	256.288	43
256.128	256.64	67
256.128	256.704	79
256.128	256.736	75
256.16	256.576	72
256.288	256.512	43
256.512	256.704	43
256.704	256.896	43
256.704	257.344	67
256.704	257.504	79
256.736	256.768	55
256.736	256.928	74
256.736	257.152	71
256.896	257.12	43
257.12	257.632	43
257.344	257.568	48
257.344	257.664	67
257.344	257.792	60
257.344	258.016	72
257.344	258.24	63
257.504	257.792	51
257.696	257.952	50
257.92	258.144	48
258.08	258.336	50
258.304	258.528	48
258.496	258.72	47
258.496	258.72	59
258.688	258.912	48
258.688	258.912	60
258.88	259.104	47
258.88	259.104	59
259.072	259.232	58
259.072	259.264	60
259.072	259.264	72
259.072	259.456	46
259.264	259.456	60
259.264	259.456	72
259.264	259.648	48
259.456	259.68	72
259.456	259.712	46
259.456	259.744	60
259.488	259.68	58
259.68	259.904	48
259.68	259.904	57
259.68	259.904	74
259.68	259.936	45
259.68	260.0	84
259.68	260.032	72
259.904	260.128	46
259.904	260.128	58
260.096	260.192	48
260.096	260.32	45
260.096	260.32	57
260.288	260.512	48
260.288	260.544	44
260.48	260.64	58
260.48	260.704	46
260.672	260.8	56
260.672	260.928	44
260.864	261.12	43
260.864	261.184	48
261.056	261.344	44
261.248	261.472	43
261.44	261.632	60
261.44	261.632	72
261.44	261.824	41
261.632	261.824	72
261.632	261.856	43
261.632	261.984	48
261.632	262.048	60
261.824	262.048	72
261.824	262.08	41
262.048	262.24	48
262.048	262.272	52
262.048	262.272	84
262.048	262.304	72
262.048	262.432	40
262.048	262.464	79
262.24	262.464	41
262.432	262.688	40
262.624	263.008	39
262.656	262.688	51
262.816	263.04	41
263.008	263.232	51
263.008	263.264	39
263.2	263.584	38
263.392	263.616	51
263.392	263.712	39
263.584	263.808	38
263.616	263.744	50
263.776	263.904	36
263.776	263.904	60
263.776	263.904	72
263.808	263.84	48
263.968	264.16	60
263.968	264.448	72
264.16	264.448	60
264.416	264.576	73
264.416	264.64	65
264.416	264.832	41
264.768	264.992	37
264.992	265.248	37
264.992	265.408	65
264.992	265.44	77
265.184	265.376	39
265.376	265.6	41
265.408	265.632	68
265.408	265.632	80
265.568	265.664	60
265.568	265.728	43
265.568	266.112	67
265.568	266.176	79
265.568	266.208	75
265.6	266.144	72
265.728	265.952	43
265.952	266.176	43
266.176	266.336	43
266.176	266.528	74
266.176	266.752	71
266.176	266.784	67
266.176	266.816	79
266.336	266.56	43
266.56	266.88	43
266.784	266.912	36
266.784	266.912	60
266.784	267.04	67
266.784	267.392	72
266.784	267.424	63
266.944	267.168	36
266.976	267.168	48
266.976	267.168	60
267.168	267.36	60
267.168	267.392	36
267.168	267.392	48
267.36	267.552	38
267.36	267.872	60
267.552	267.744	38
267.552	267.744	48
267.744	268.032	38
267.744	268.032	48
267.936	268.0	51
267.936	268.064	63
267.936	268.128	39
268.128	268.224	51
268.128	268.32	39
268.32	268.544	51
268.32	268.8	39
268.352	268.384	58
268.512	268.672	60
268.512	268.704	40
268.544	268.608	72
268.544	268.64	48
268.544	268.64	52
268.704	268.832	40
268.704	268.832	48
268.704	268.832	60
268.704	268.832	72
268.736	268.8	52
268.896	269.024	48
268.896	269.088	60
268.896	269.12	52
268.896	269.12	72
268.896	269.152	40
269.12	269.216	41
269.12	269.216	53
269.12	269.216	61
269.28	269.408	41
269.28	269.408	72
269.472	269.696	41
269.472	269.792	72
269.696	269.792	62
269.696	269.984	42
269.728	269.952	54
269.856	269.952	62
269.888	269.952	53
270.048	270.304	62
270.272	270.368	60
270.272	270.368	72
270.272	270.4	43
270.272	270.4	48
270.272	270.4	51
270.272	270.4	63
270.464	270.56	60
270.464	270.592	43
270.464	270.592	63
270.464	270.592	72
270.656	270.72	60
270.656	270.816	48
270.656	270.88	43
270.656	270.88	63
270.848	270.944	48
270.848	270.944	60
270.848	270.944	64
270.848	271.008	44
271.008	271.136	44
271.008	271.136	48
271.008	271.136	64
271.04	271.104	60
271.2	271.328	44
271.2	271.328	48
271.2	271.328	64
271.392	271.52	48
271.392	271.52	64
271.424	271.488	60
271.424	271.488	72
271.584	271.68	32
271.584	271.68	64
271.584	271.712	44
271.776	271.872	32
271.776	271.872	64
271.776	271.904	44
271.776	271.904	48
271.968	272.032	32
271.968	272.064	44
271.968	272.064	64
272.0	272.032	72
272.0	272.064	60
272.0	272.096	48
272.16	272.224	32
272.16	272.256	64
272.16	272.288	44
272.352	272.448	44
272.352	272.448	48
272.352	272.448	60
272.352	272.448	64
272.384	272.416	32
272.544	272.64	53
272.544	272.64	65
272.544	272.672	44
272.544	272.672	48
272.576	272.608	32
272.576	272.64	72
272.736	272.832	65
272.736	272.864	48
272.928	272.992	32
272.928	273.056	48
272.928	273.088	65
272.928	273.12	44
273.12	273.216	48
273.12	273.216	60
273.12	273.216	66
273.12	273.216	72
273.152	273.184	54
273.312	273.408	45
273.312	273.408	48
273.312	273.408	66
273.312	273.408	72
273.344	273.408	60
273.504	273.6	48
273.504	273.6	60
273.504	273.6	72
273.664	273.728	66
273.664	273.792	60
273.664	273.824	63
273.696	273.76	72
273.856	273.952	50
273.888	273.984	72
274.048	274.144	50
274.048	274.144	62
274.048	274.144	66
274.24	274.336	50
274.24	274.336	66
274.24	274.336	72
274.24	274.368	45
274.432	274.528	50
274.432	274.528	62
274.432	274.528	66
274.592	274.688	50
274.656	274.752	66
274.688	274.816	45
274.784	274.912	50
275.008	275.104	50
275.008	275.104	62
275.008	275.104	67
275.168	275.328	50
275.296	275.392	72
275.36	275.456	62
275.36	275.488	50
275.552	275.68	50
275.744	275.84	70
275.744	275.936	50
275.936	276.032	70
275.936	276.064	51
276.128	276.224	70
276.288	276.448	51
276.512	276.576	63
276.512	276.608	51
276.672	276.8	51
276.672	276.8	69
276.864	277.12	51
276.928	277.056	69
277.088	277.184	50
277.216	277.344	62
277.248	277.344	67
277.248	277.376	50
277.44	277.568	50
277.472	277.536	58
277.472	277.664	67
277.632	277.728	50
277.792	277.92	50
277.888	277.952	66
277.984	278.176	50
278.048	278.176	66
278.208	278.4	50
278.304	278.464	62
278.304	278.656	67
278.304	278.688	58
278.4	278.592	50
278.592	278.784	50
278.784	278.976	50
278.976	279.104	50
279.168	279.296	50
279.36	279.456	50
279.52	279.648	50
279.712	279.84	50
279.904	280.032	50
280.0	280.224	67
280.096	280.192	50
280.32	280.416	50
280.384	280.576	70
280.416	280.512	50
280.544	280.672	74
280.704	280.832	62
280.832	280.96	43
280.832	280.96	67
280.96	281.12	70
281.056	281.152	74
281.312	281.408	62
281.376	281.536	43
281.408	281.504	67
281.504	281.664	70
281.6	281.792	74
281.76	281.952	62
281.92	282.048	50
281.92	282.048	66
281.92	282.08	38
282.08	282.208	69
282.176	282.4	74
282.368	282.496	62
282.464	282.624	43
282.464	282.624	67
282.624	282.784	70
282.752	283.04	75
282.88	283.04	63
283.008	283.168	36
283.008	283.2	48
283.04	283.104	67
283.104	283.168	67
283.296	283.488	66
283.552	283.68	36
283.552	283.68	57
283.552	283.68	69
283.648	283.776	66
283.872	284.032	74
284.032	284.16	62
284.128	284.256	67
284.128	284.288	43
284.384	284.544	62
284.544	284.704	70
284.704	284.832	43
284.704	284.832	67
284.8	284.96	62
284.96	285.152	72
285.216	285.376	63
285.216	285.408	44
285.344	285.44	66
285.472	285.664	60
285.568	285.76	66
285.728	285.92	45
285.76	285.92	63
285.888	285.984	60
286.048	286.368	70
286.208	286.464	58
286.336	286.464	46
286.336	286.464	62
286.56	286.752	58
286.752	286.784	58
286.848	287.008	50
286.88	286.976	62
286.976	287.168	58
287.136	287.488	69
287.296	287.552	57
287.424	287.616	51
287.648	287.712	67
287.712	287.968	72
287.872	288.0	63
287.936	288.128	67
287.968	288.16	48
288.128	288.256	69
288.256	288.64	70
288.384	288.64	58
288.512	288.704	50
288.544	288.64	62
288.704	288.832	67
288.8	289.12	69
289.088	289.248	38
289.088	289.28	62
289.248	289.376	66
289.376	289.696	67
289.568	289.664	55
289.664	289.856	43
289.664	289.856	58
289.824	289.984	62
289.952	290.112	45
289.952	290.144	63
290.112	290.272	60
290.24	290.432	48
290.24	290.432	57
290.368	290.528	63
290.496	290.688	50
290.528	290.656	62
290.656	290.816	58
290.752	290.976	62
290.816	290.944	55
290.944	291.072	66
291.04	291.136	67
291.04	291.232	50
291.168	291.264	62
291.296	291.488	67
291.328	291.52	46
291.488	291.68	70
291.648	291.808	74
291.808	291.936	62
291.936	292.064	43
291.936	292.064	67
292.064	292.224	70
292.16	292.288	74
292.384	292.512	62
292.48	292.608	67
292.48	292.64	43
292.576	292.736	70
292.704	292.928	74
292.864	293.024	62
292.992	293.152	50
292.992	293.152	66
292.992	293.184	38
293.152	293.28	69
293.248	293.472	74
293.44	293.6	62
293.568	293.728	43
293.568	293.728	67
293.696	293.856	70
293.824	294.08	75
293.984	294.144	63
294.112	294.272	36
294.144	294.272	48
294.144	294.272	67
294.368	294.496	69
294.56	294.688	72
294.656	294.816	69
294.656	294.848	41
294.816	294.976	65
294.944	295.296	74
295.104	295.392	62
295.2	295.392	65
295.456	295.616	65
295.584	295.776	70
295.744	295.936	46
295.744	295.936	65
295.968	296.064	62
296.032	296.416	72
296.192	296.32	60
296.288	296.48	45
296.288	296.48	63
296.576	296.672	66
296.736	296.832	69
296.8	297.024	38
296.8	297.024	66
297.088	297.152	62
297.12	297.568	70
297.28	297.472	58
297.376	297.568	43
297.376	297.568	62
297.632	297.856	58
297.856	297.952	67
297.952	298.112	31
297.952	298.112	62
298.08	298.272	58
298.24	298.656	67
298.4	298.528	63
298.496	298.688	39
298.528	298.688	62
298.784	299.008	75
298.912	299.072	63
299.04	299.2	36
299.04	299.2	67
299.04	299.232	48
299.328	299.552	74
299.52	299.616	62
299.584	299.68	65
299.584	299.776	41
299.744	299.904	70
299.872	300.128	72
300.0	300.16	63
300.16	300.352	53
300.16	300.352	65
300.32	300.448	69
300.416	300.928	70
300.608	300.896	58
300.704	300.928	46
300.768	300.896	62
300.864	301.056	65
301.024	301.184	48
301.024	301.184	66
301.152	301.312	63
301.28	301.44	60
301.28	301.472	51
301.408	301.6	66
301.568	301.696	65
301.568	301.728	50
301.76	301.888	62
301.856	302.016	58
301.856	302.016	65
302.016	302.176	69
302.112	302.272	70
302.112	302.304	53
302.24	302.4	65
302.368	302.592	50
302.368	302.592	70
302.56	302.72	74
302.688	302.752	65
302.688	303.2	77
302.688	303.232	46
302.816	303.104	50
302.944	303.392	53
303.104	303.36	50
303.232	303.776	65
303.232	303.776	77
303.232	303.808	46
303.36	303.648	50
303.52	303.776	53
303.648	303.84	50
303.776	303.968	45
303.776	304.0	78
303.776	304.32	66
303.936	304.16	48
304.032	304.352	50
304.16	304.48	48
304.32	304.64	67
304.32	304.864	43
304.32	304.864	79
304.48	304.992	48
304.576	304.864	50
304.864	305.376	42
304.864	305.408	69
304.864	305.44	81
304.992	305.28	48
305.12	305.472	50
305.28	305.472	48
305.376	306.016	42
305.408	305.696	84
305.408	305.856	72
305.536	305.696	45
305.664	306.08	50
305.792	305.92	45
305.92	306.496	43
305.952	306.432	70
305.952	306.496	82
306.08	306.496	46
306.208	306.496	50
306.496	306.624	48
306.496	307.04	69
306.496	307.04	81
306.624	307.104	51
306.784	307.072	57
306.912	307.072	79
306.944	307.104	67
307.04	307.616	50
307.04	307.616	66
307.072	308.128	78
307.168	307.424	57
307.392	307.584	60
307.424	307.616	57
307.616	307.744	50
307.616	307.744	57
307.616	308.192	66
307.744	308.0	57
307.744	308.192	50
308.0	308.224	57
308.192	308.288	50
308.192	308.416	79
308.224	308.768	67
308.288	308.544	57
308.288	308.704	50
308.416	308.768	66
308.544	308.832	57
308.704	308.832	50
308.736	308.864	76
308.832	309.12	57
308.832	309.344	50
308.992	309.12	66
309.024	309.056	78
309.12	309.248	69
309.12	309.344	66
309.12	309.376	57
309.312	309.472	55
309.312	309.6	79
309.312	309.76	67
309.44	309.536	58
309.536	309.824	55
309.536	309.92	58
309.728	310.112	50
309.856	310.272	46
310.048	310.272	55
310.112	310.496	50
310.272	310.496	46
310.464	310.688	43
310.56	311.04	67
310.72	311.072	70
310.88	311.296	74
311.008	311.424	79
311.008	311.52	55
311.008	311.552	43
311.04	311.584	67
311.136	311.52	70
311.296	311.52	74
311.424	311.584	46
311.424	311.616	58
311.424	311.616	79
311.552	311.968	62
311.552	312.0	50
311.84	312.0	74
311.84	312.032	69
311.84	312.032	78
312.128	312.384	62
312.128	312.576	50
312.384	312.576	62
312.384	312.576	72
312.384	312.576	81
312.672	313.12	62
312.672	313.152	50
312.96	313.12	74
312.96	313.152	70
312.96	313.152	79
313.216	313.664	62
313.216	313.696	50
313.472	313.696	69
313.504	313.664	78
313.504	313.696	74
313.792	314.08	63
313.792	314.08	75
313.792	314.592	51
314.048	314.208	67
314.048	314.336	79
314.08	314.24	74
314.336	314.528	67
314.336	314.592	72
314.336	314.592	79
314.592	314.784	73
314.592	314.816	79
314.592	314.912	51
314.592	314.912	85
314.88	315.36	62
314.88	315.424	50
315.136	315.328	74
315.136	315.328	79
315.136	315.328	81
315.168	315.36	86
315.424	315.584	74
315.424	315.584	78
315.424	315.584	81
315.424	315.616	86
315.424	316.032	50
315.712	315.872	69
315.712	315.904	66
315.712	315.936	74
315.968	316.256	60
315.968	316.48	48
316.256	316.448	63
316.256	316.448	75
316.256	316.48	70
316.256	316.512	60
316.512	316.672	69
316.512	316.704	63
316.512	317.088	60
316.544	316.672	75
316.768	317.024	75
316.768	317.024	81
316.8	316.992	69
317.088	317.344	58
317.088	317.376	46
317.344	317.472	77
317.344	317.504	70
317.344	317.536	75
317.344	317.536	82
317.344	317.6	58
317.6	317.76	70
317.6	317.792	74
317.6	317.792	77
317.6	317.792	82
317.6	318.08	58
317.888	318.08	62
317.888	318.08	65
317.888	318.08	70
318.176	318.464	69
318.176	318.656	57
318.176	318.72	45
318.432	318.624	67
318.432	318.624	72
318.432	318.656	63
318.72	318.976	60
318.72	319.2	48
318.976	319.168	66
318.976	319.2	69
318.976	319.2	75
318.976	319.264	60
319.232	319.712	46
319.232	319.744	58
319.52	319.68	67
319.52	319.712	70
319.52	319.712	74
319.808	320.224	69
319.808	320.352	45
319.808	320.384	57
320.064	320.256	72
320.064	320.256	74
320.064	320.288	78
320.352	320.672	55
320.352	322.048	43
320.64	320.928	74
320.64	321.248	70
320.64	321.44	79
320.928	321.216	62
320.928	321.44	74
321.216	321.504	62
321.216	321.536	69
321.216	321.536	72
321.504	321.632	67
321.504	321.664	70
321.504	322.048	62
321.76	322.08	70
321.76	322.112	67
321.76	322.304	74
322.048	322.112	55
322.048	322.592	62
322.048	322.624	43
322.048	322.624	79
322.08	322.304	70
322.304	322.592	70
322.304	322.624	67
322.304	322.624	74
322.432	322.656	58
322.464	322.592	46
322.592	323.072	50
322.592	323.072	62
322.88	323.04	74
322.88	323.072	66
322.88	323.072	69
323.168	323.616	50
323.168	323.616	62
323.424	323.616	72
323.424	323.616	81
323.68	324.096	62
323.68	324.16	50
323.968	324.128	74
323.968	324.16	70
323.968	324.192	79
324.224	324.672	62
324.224	324.704	50
324.512	324.704	69
324.512	324.704	74
324.512	324.704	78
324.8	325.408	63
324.8	325.632	51
325.088	325.248	67
325.088	325.344	74
325.088	325.376	79
325.376	325.568	67
325.376	325.632	72
325.376	325.632	79
325.632	325.856	73
325.632	325.888	79
325.632	325.952	51
325.632	325.952	85
325.92	326.368	62
325.92	326.752	50
326.208	326.368	79
326.208	326.4	81
326.208	326.464	74
326.208	326.464	86
326.464	326.656	77
326.464	326.688	74
326.464	326.688	86
326.464	326.784	81
326.752	326.944	69
326.752	327.008	65
326.752	327.008	74
326.752	327.072	50
326.752	327.072	62
327.04	327.328	60
327.04	327.712	48
327.296	327.52	63
327.296	327.52	70
327.296	327.52	75
327.328	327.584	60
327.584	327.744	69
327.584	327.744	75
327.584	327.776	63
327.584	328.16	60
327.84	328.064	69
327.84	328.064	75
327.84	328.064	81
328.128	328.544	46
328.128	328.672	58
328.416	328.512	77
328.416	328.544	75
328.416	328.576	70
328.416	328.576	82
328.672	328.864	58
328.672	328.864	70
328.672	328.864	74
328.672	328.864	77
328.672	328.864	82
328.928	329.152	72
328.928	329.216	45
328.928	329.248	57
328.96	329.12	65
329.216	329.632	55
329.216	329.76	43
329.248	329.632	67
329.472	329.76	63
329.472	329.76	70
329.472	329.792	75
329.76	330.048	51
329.76	330.336	63
330.048	330.208	67
330.048	330.208	70
330.048	330.208	72
330.048	330.336	51
330.304	330.592	62
330.304	330.912	50
330.592	330.784	65
330.592	330.816	77
330.592	330.88	70
330.592	330.912	62
330.88	331.328	48
330.88	331.456	60
331.136	331.328	77
331.136	331.36	69
331.136	331.36	81
331.136	331.392	75
331.424	332.032	46
331.424	332.448	58
331.712	331.936	70
331.712	331.968	77
331.712	332.0	82
331.712	332.16	75
332.0	332.224	74
332.0	332.288	70
332.0	332.288	77
332.0	332.32	82
332.288	332.448	70
332.288	332.48	74
332.288	332.768	77
332.576	332.736	70
332.576	332.8	65
332.576	332.896	74
332.576	333.024	58
332.864	333.024	70
332.864	333.184	62
332.864	333.184	65
333.152	333.664	70
333.152	333.696	58
333.6	333.76	62
333.6	333.76	74
333.728	333.824	65
333.728	334.24	77
333.728	334.272	46
333.888	334.112	50
333.984	334.56	53
334.112	334.4	50
334.272	334.784	65
334.272	334.816	77
334.272	334.848	46
334.4	334.688	50
334.56	334.816	53
334.688	334.88	50
334.816	335.36	45
334.816	335.392	66
334.816	335.392	78
334.976	335.424	48
335.072	335.424	50
335.36	335.936	43
335.392	335.712	67
335.392	335.936	79
335.552	335.968	48
335.648	335.936	50
335.936	336.48	42
335.936	336.48	69
335.936	336.512	81
336.064	336.32	48
336.192	336.512	50
336.32	336.512	48
336.48	336.672	84
336.48	336.96	42
336.48	336.992	72
336.608	336.992	45
336.736	337.056	50
337.024	337.568	43
337.024	337.568	70
337.024	337.6	82
337.152	337.408	46
337.312	337.568	50
337.408	337.568	46
337.568	337.92	48
337.568	338.112	81
337.568	338.144	69
337.728	337.952	51
337.856	338.176	57
337.952	338.176	51
337.984	338.144	79
338.048	338.176	67
338.112	338.688	50
338.144	338.688	66
338.144	339.2	78
338.272	338.528	57
338.432	338.624	60
338.528	338.784	57
338.688	338.784	50
338.688	339.232	66
338.784	339.072	57
338.784	339.264	50
339.008	339.2	60
339.072	339.36	57
339.264	339.52	79
339.264	339.808	50
339.296	339.584	67
339.36	339.616	57
339.52	340.064	66
339.616	339.904	57
339.808	339.904	50
339.808	340.224	76
339.904	340.192	50
339.904	340.448	57
340.064	340.416	66
340.192	340.384	50
340.416	340.96	79
340.416	341.28	67
340.576	340.896	50
340.896	341.12	59
340.896	341.312	50
340.928	340.96	55
340.928	340.96	62
341.12	341.28	55
341.12	341.312	59
341.312	341.472	59
341.312	341.504	50
341.472	341.632	59
341.504	341.632	50
341.536	341.664	72
341.792	341.952	55
341.792	342.112	71
342.016	342.144	50
342.048	342.176	59
342.048	342.336	70
342.208	342.304	55
342.24	342.368	59
342.336	342.432	71
342.528	342.624	55
342.592	342.816	71
342.72	343.008	59
342.72	343.104	76
343.008	343.136	48
343.008	343.328	59
343.136	343.488	52
343.296	343.776	48
343.488	343.744	52
343.488	343.776	56
343.744	343.808	57
343.744	343.84	52
343.744	344.032	71
343.904	344.032	57
344.0	344.32	69
344.256	344.384	52
344.256	344.384	68
344.544	344.672	69
344.8	345.12	69
344.832	345.28	35
344.992	345.056	57
344.992	345.12	50
344.992	345.216	47
344.992	345.856	74
345.12	345.28	69
345.12	345.376	50
345.216	345.504	47
345.376	345.504	54
345.376	345.984	50
345.504	345.728	47
345.504	345.728	54
345.536	345.76	59
345.728	345.952	54
345.728	346.048	47
345.92	346.016	44
345.952	346.208	72
346.08	346.24	50
346.144	346.24	47
346.24	346.528	71
346.304	346.432	50
346.496	346.592	55
346.496	346.752	69
346.656	346.784	50
346.656	346.816	47
346.784	347.104	67
346.912	347.04	59
346.912	347.104	50
347.072	347.392	74
347.072	347.552	66
347.264	347.456	52
347.328	347.744	64
347.36	348.032	72
347.456	347.616	52
347.616	347.872	52
347.616	348.128	71
347.616	348.224	62
347.872	348.192	48
347.872	348.192	52
347.872	348.256	60
347.872	348.256	69
348.192	348.736	59
348.192	348.832	67
348.544	348.8	55
348.768	348.992	71
348.768	349.248	62
348.896	349.184	50
348.896	349.312	54
349.184	349.344	69
349.184	349.376	50
349.184	349.376	60
349.344	349.504	59
349.344	349.984	67
349.504	349.696	50
349.504	349.696	59
349.696	349.728	55
349.696	349.888	50
349.696	349.888	59
349.696	350.24	43
349.888	350.048	50
349.888	350.048	59
350.048	350.24	50
350.048	350.24	59
350.048	350.272	62
350.24	350.4	55
350.24	350.464	50
350.24	350.464	59
350.272	350.432	62
350.464	350.56	50
350.464	350.56	59
350.464	350.688	72
350.656	350.688	55
350.656	350.816	59
350.752	350.912	50
350.752	351.04	71
351.008	351.328	70
351.2	351.584	59
351.296	351.616	50
351.296	351.616	71
351.584	351.744	83
351.584	351.776	64
351.584	351.872	76
351.744	351.84	59
351.744	351.872	52
351.872	352.192	81
351.968	352.064	52
352.096	352.128	59
352.16	352.256	52
352.16	352.48	80
352.352	352.448	52
352.448	352.608	48
352.448	352.736	81
352.704	353.024	71
352.864	352.96	52
352.864	353.024	57
352.992	353.248	69
353.216	353.28	57
353.248	353.568	68
353.408	353.536	52
353.536	353.792	69
353.664	353.856	52
353.824	354.08	47
353.824	354.08	74
353.824	354.08	81
353.984	354.08	50
353.984	354.144	57
354.112	354.208	50
354.112	354.208	79
354.208	354.304	47
354.208	354.304	50
354.208	354.336	79
354.368	354.464	57
354.368	354.688	78
354.592	354.72	57
354.688	354.88	50
354.688	354.88	79
354.816	354.944	57
354.944	355.04	47
354.944	355.04	59
354.976	355.072	72
355.136	355.264	47
355.232	355.392	50
355.232	355.52	71
355.488	355.712	69
355.68	355.808	47
355.776	356.128	67
355.904	356.064	47
355.904	356.128	50
355.936	356.064	59
356.096	356.384	78
356.096	356.576	66
356.352	356.576	48
356.352	356.608	52
356.352	356.64	72
356.352	356.672	64
356.352	356.672	76
356.64	356.736	62
356.64	356.928	71
356.64	357.056	74
356.736	356.896	56
356.736	357.12	62
356.736	357.184	52
356.896	357.184	72
356.896	357.216	69
356.896	357.28	60
357.184	357.6	71
357.184	357.696	59
357.184	357.728	67
357.536	357.696	55
357.76	358.016	66
357.76	358.016	72
357.792	357.824	54
357.792	357.92	50
357.792	358.176	60
357.792	358.336	38
357.92	358.272	54
357.92	358.336	50
358.08	358.336	57
358.176	358.368	69
358.336	358.496	43
358.336	358.976	50
358.496	359.008	43
358.88	358.976	55
358.88	358.976	67
359.072	359.2	67
359.264	359.36	67
359.456	359.552	55
359.456	359.552	67
359.648	359.744	67
359.84	359.936	55
359.84	359.936	67
360.0	360.512	47
360.032	360.128	67
360.192	360.32	67
360.384	360.512	55
360.384	360.512	67
360.512	360.608	48
360.576	360.704	67
360.576	360.8	50
360.768	360.896	67
360.8	360.928	50
360.96	361.056	67
361.12	361.472	50
361.312	361.408	55
361.312	361.44	67
361.536	361.6	55
361.664	361.888	50
361.696	361.792	67
361.888	361.92	55
361.888	362.112	50
362.24	362.368	67
362.24	362.656	48
362.592	362.688	55
362.656	362.848	50
362.784	362.88	55
362.784	362.88	67
362.784	363.68	51
363.008	363.072	67
363.36	363.456	55
363.36	363.488	67
363.616	363.712	50
363.712	363.776	55
363.712	363.936	50
363.904	364.224	67
363.904	364.32	60
363.904	364.384	48
364.224	364.352	55
364.224	364.384	67
364.448	364.672	67
364.448	364.8	46
364.672	364.864	67
364.832	364.96	53
364.832	364.992	65
364.864	365.472	44
365.024	365.056	55
365.024	365.536	43
365.152	365.536	60
365.536	365.856	55
365.536	365.92	63
365.536	365.92	67
365.536	366.048	43
365.536	366.112	60
365.856	366.08	55
365.92	366.08	63
365.92	366.08	67
366.08	366.24	43
366.24	366.432	55
366.24	366.464	59
366.24	366.656	43
366.464	366.624	59
366.464	366.656	55
366.464	366.688	62
366.624	366.816	59
366.656	366.816	55
366.656	366.976	43
366.816	366.944	55
366.816	366.944	59
366.816	366.944	62
366.944	367.04	55
366.944	367.168	59
366.944	367.168	62
367.04	367.328	55
367.2	367.36	63
367.2	368.032	48
367.232	368.096	60
367.424	367.744	67
367.744	367.872	55
367.744	367.872	67
367.936	368.064	67
368.128	368.256	55
368.128	368.256	67
368.32	368.448	55
368.32	368.448	67
368.512	368.608	55
368.512	368.608	67
368.704	368.8	55
368.704	368.8	67
368.864	368.992	59
368.864	368.992	67
368.864	369.312	47
368.864	369.344	35
369.056	369.184	55
369.056	369.248	67
369.248	369.344	55
369.248	369.376	67
369.312	369.44	36
369.44	369.536	55
369.44	369.568	67
369.44	369.984	38
369.44	369.984	50
369.6	369.696	55
369.6	369.792	67
369.792	369.92	55
369.792	369.984	67
369.984	370.176	67
369.984	370.528	38
369.984	370.528	50
370.176	370.368	67
370.368	370.528	67
370.368	370.56	55
370.528	370.72	67
370.528	371.104	50
370.528	371.136	38
370.72	370.912	67
370.72	371.136	55
370.912	371.136	67
371.104	371.264	56
371.104	371.264	68
371.104	371.296	60
371.104	371.392	48
371.104	371.52	36
371.264	371.456	56
371.264	371.456	68
371.456	371.584	56
371.456	371.744	68
371.488	371.712	38
371.488	371.712	50
371.68	371.776	55
371.68	371.808	67
371.68	372.416	39
371.68	372.416	51
371.808	372.032	55
371.808	372.032	67
372.032	372.192	55
372.032	372.192	67
372.192	372.384	67
372.192	372.416	55
372.384	372.768	67
372.416	372.576	55
372.512	372.8	38
372.512	372.8	50
372.576	372.864	55
372.768	372.832	43
372.768	372.928	67
372.768	372.96	48
372.928	373.12	55
372.928	373.12	67
373.12	373.312	67
373.12	373.472	55
373.312	373.984	67
373.472	373.92	55
373.696	373.824	53
373.696	373.824	65
373.888	374.016	64
374.048	374.24	67
374.048	374.432	64
374.24	374.4	67
374.4	374.496	55
374.4	374.592	67
374.592	374.752	67
374.752	374.944	67
374.752	374.976	55
374.944	375.136	43
374.944	375.136	59
374.944	375.136	67
374.976	375.744	31
375.136	375.296	43
375.136	375.296	59
375.136	375.328	62
375.136	375.68	67
375.296	375.36	55
375.296	375.488	43
375.296	375.552	59
375.328	375.488	62
375.488	375.616	55
375.488	375.68	62
375.488	376.16	43
375.68	375.84	55
375.68	375.84	62
375.68	375.84	67
375.68	376.128	59
375.84	376.064	55
375.84	376.064	67
375.84	376.16	62
376.064	376.096	31
376.064	376.224	55
376.064	377.184	67
376.416	376.96	55
376.96	377.248	55
377.184	377.248	67
377.312	377.44	55
377.728	377.856	55
377.728	378.144	71
377.76	378.176	62
377.792	377.952	67
377.92	378.016	55
378.144	378.272	64
378.272	378.656	65
378.272	378.656	74
378.592	378.848	55
378.816	379.168	74
378.816	379.2	67
378.816	379.232	65
379.2	379.296	55
379.36	379.712	74
379.36	379.776	67
379.36	379.84	65
379.52	379.744	55
379.744	379.872	55
379.936	380.16	67
379.936	380.16	72
379.936	380.192	64
380.096	380.192	55
380.288	380.48	55
380.32	380.48	67
380.352	380.512	65
380.384	380.48	74
380.48	380.672	55
380.48	381.12	67
380.48	381.152	76
380.672	381.024	55
381.024	381.152	55
381.312	381.408	67
381.312	381.632	65
381.312	381.632	74
381.6	381.952	67
381.6	382.176	64
381.632	381.824	72
381.728	381.824	55
382.144	382.304	55
382.144	382.368	67
382.144	382.368	74
382.144	382.592	65
382.304	382.592	55
382.56	382.72	64
382.56	382.72	67
382.592	382.688	72
382.688	382.816	55
382.688	383.2	71
382.72	383.104	67
382.72	383.264	62
383.04	383.168	55
383.232	383.456	67
383.264	383.648	60
383.264	383.68	69
383.392	383.456	55
383.616	383.776	53
383.648	383.712	52
383.648	383.776	55
383.648	383.808	67
383.648	383.808	71
383.808	383.904	52
383.808	384.224	67
383.808	384.384	64
383.808	384.384	72
384.128	384.224	55
384.352	384.448	48
384.352	384.48	55
384.352	384.608	67
384.384	384.48	74
384.384	384.608	71
384.544	384.64	55
384.8	384.928	67
384.8	384.928	72
384.8	384.928	76
384.896	385.12	74
384.896	385.184	71
384.928	385.12	43
384.928	385.6	67
385.12	385.376	55
385.504	385.6	55
385.696	385.792	55
385.856	385.984	55
386.048	386.176	55
386.24	386.336	55
386.432	386.56	55
386.624	386.816	55
386.624	386.944	71
386.624	387.104	59
386.624	387.104	67
386.816	386.976	55
386.976	387.136	55
387.072	387.232	69
387.072	387.232	72
387.072	387.392	60
387.2	387.36	55
387.2	387.68	74
387.2	387.712	71
387.2	387.744	62
387.36	387.552	55
387.552	387.776	55
387.744	387.776	51
387.744	387.904	54
387.744	388.288	62
387.744	388.288	71
387.904	388.32	54
388.128	388.288	55
388.288	388.448	53
388.288	388.448	55
388.288	388.608	62
388.288	388.864	71
388.448	388.608	53
388.448	388.608	55
388.608	388.832	55
388.608	388.896	53
388.608	388.896	62
388.832	388.928	55
388.832	388.928	76
388.832	388.96	67
388.832	388.992	52
388.832	389.28	64
388.992	389.344	52
388.992	389.472	55
389.248	389.376	50
389.248	389.44	53
389.248	389.44	65
389.248	389.44	77
389.408	389.568	48
389.408	389.568	52
389.408	389.76	67
389.408	389.984	79
389.568	389.728	52
389.568	389.728	55
389.568	390.016	48
389.728	389.984	52
389.728	389.984	55
389.952	390.016	62
389.952	390.112	50
389.952	390.4	77
390.112	390.304	50
390.112	390.528	53
390.272	390.528	44
390.304	390.528	50
390.496	390.56	52
390.496	390.656	48
390.496	390.688	76
390.656	390.848	48
390.656	390.848	52
390.848	391.04	52
390.848	391.104	48
391.04	391.616	41
391.072	391.264	69
391.072	391.552	77
391.232	391.584	53
391.264	391.488	57
391.456	391.648	65
391.456	391.648	69
391.488	391.648	74
391.488	391.68	57
391.616	391.808	43
391.616	392.16	71
391.648	391.808	62
391.648	392.192	65
391.808	392.16	43
392.032	392.192	55
392.16	392.736	43
392.16	392.736	71
392.192	392.672	62
392.192	392.736	65
392.352	392.544	55
392.544	393.088	55
392.736	392.928	43
392.736	393.312	65
392.736	393.344	62
392.736	393.344	71
392.928	393.856	43
393.088	393.312	55
393.312	393.728	55
393.312	393.728	67
393.312	393.952	76
393.504	393.92	57
393.728	393.888	67
393.728	393.92	59
393.728	393.92	65
393.728	393.92	74
393.728	394.08	55
393.888	395.072	72
393.888	395.104	64
393.888	395.168	67
394.08	394.272	55
394.272	394.464	55
394.464	394.688	55
394.688	395.04	55
395.04	395.2	55
395.456	395.552	55
395.648	395.808	83
395.68	395.776	55
395.968	396.128	55
396.096	396.224	84
396.192	396.448	86
396.384	396.48	55
396.736	396.928	86
396.768	396.832	55
396.768	396.896	77
397.12	397.216	55
397.312	397.6	86
397.376	397.568	84
397.408	397.6	78
397.408	397.664	81
397.472	397.6	55
397.856	398.144	78
397.856	398.144	84
397.856	398.208	81
398.048	398.144	55
398.272	398.464	86
398.4	398.848	87
398.4	399.168	78
398.4	399.328	60
398.72	398.816	55
399.232	399.584	86
399.264	399.552	62
399.52	400.064	63
399.552	400.096	84
399.872	399.936	55
400.064	400.672	66
400.096	400.544	86
400.096	400.672	81
400.224	400.32	55
400.48	400.704	84
400.64	400.96	55
400.64	401.12	83
400.672	400.896	79
401.184	401.376	79
401.184	401.6	65
401.184	401.632	81
401.344	401.472	55
401.6	401.792	83
401.728	402.016	79
401.728	402.336	63
401.728	402.336	84
402.304	402.528	79
402.304	402.688	86
402.336	402.432	83
402.464	402.56	55
402.72	402.88	84
402.72	402.912	87
402.848	402.976	55
402.848	403.04	86
402.88	402.944	83
402.88	402.976	79
402.88	403.424	67
403.072	403.392	55
403.456	403.584	55
403.648	403.776	55
403.84	403.968	55
404.064	404.288	55
404.256	404.48	56
404.448	404.704	57
404.672	404.8	58
404.672	404.96	74
404.8	404.928	58
404.992	405.12	58
405.088	405.216	75
405.184	405.312	58
405.184	405.312	77
405.376	405.472	58
405.568	405.664	58
405.76	405.856	65
405.76	405.888	77
405.76	405.952	68
405.92	406.016	58
405.92	406.08	65
406.112	406.208	58
406.112	406.304	65
406.304	406.368	62
406.304	406.432	77
406.304	406.464	58
406.304	406.656	68
406.464	406.624	58
406.624	406.72	58
406.624	406.784	62
406.816	406.944	58
406.816	406.944	75
406.816	407.424	68
406.944	407.168	58
406.944	407.264	75
407.168	407.456	58
407.392	407.584	63
407.392	407.968	70
407.392	408.0	67
407.392	408.032	79
407.584	407.744	63
407.744	408.0	63
407.968	408.064	65
407.968	408.224	59
407.968	408.224	68
408.096	408.224	62
408.128	408.32	65
408.32	408.544	59
408.32	408.544	65
408.32	408.544	77
408.384	408.544	62
408.512	408.672	63
408.512	408.768	75
408.512	409.024	67
408.672	408.864	63
408.832	408.96	60
408.864	409.056	63
409.056	409.216	53
409.056	409.216	56
409.056	409.28	68
409.056	409.312	65
409.056	409.44	74
409.216	409.408	53
409.216	409.408	56
409.408	409.536	53
409.408	409.632	56
409.472	409.632	63
409.472	409.664	72
409.6	410.016	62
409.6	410.016	71
409.632	409.664	55
409.632	410.016	67
409.952	410.016	55
410.144	410.24	55
410.144	410.272	53
410.144	410.4	69
410.144	410.688	62
410.304	410.432	55
410.56	410.72	71
410.688	410.912	51
410.688	411.168	67
410.688	411.296	60
410.688	411.296	72
410.72	410.88	55
410.88	411.072	55
411.072	411.168	55
411.264	411.456	55
411.264	411.744	48
411.264	411.776	77
411.264	411.84	67
411.456	411.904	55
411.68	411.84	72
411.68	411.872	75
411.84	412.064	43
411.84	412.128	67
411.872	411.936	74
411.872	412.096	71
412.032	412.16	55
412.224	412.32	55
412.416	412.512	55
412.608	412.704	55
412.8	412.896	55
412.992	413.088	55
413.152	413.28	55
413.376	413.472	55
413.568	413.728	55
413.568	413.92	71
413.568	414.016	59
413.568	414.016	67
413.728	413.888	55
413.888	414.112	55
413.952	414.4	60
413.984	414.144	69
413.984	414.144	72
414.112	414.304	55
414.112	414.624	71
414.112	414.624	74
414.112	414.688	62
414.304	414.464	55
414.464	414.688	55
414.656	414.848	54
414.688	414.72	51
414.688	414.976	74
414.688	415.2	62
414.688	415.68	71
414.848	415.008	55
414.848	415.2	54
415.008	415.232	55
415.04	415.232	67
415.2	415.456	53
415.2	415.744	62
415.232	415.392	55
415.232	415.776	74
415.36	415.648	52
415.392	415.744	55
415.552	415.776	50
415.744	415.936	55
415.744	415.936	64
415.744	415.968	76
415.744	416.192	48
415.744	416.192	60
415.904	416.192	47
415.936	416.16	55
416.16	416.352	55
416.16	416.352	64
416.16	416.384	77
416.352	416.544	55
416.352	416.96	79
416.352	416.992	67
416.512	417.6	45
416.544	416.704	55
416.704	416.896	55
416.896	416.992	57
416.896	417.024	55
417.056	417.44	55
417.152	417.472	65
417.184	417.472	77
417.44	418.048	76
417.44	418.112	55
417.44	418.112	64
417.6	417.792	45
417.792	417.984	45
417.792	418.048	69
417.984	418.368	45
418.016	418.112	57
418.176	418.368	57
418.368	418.496	64
418.368	418.528	57
418.368	418.624	45
418.592	418.976	58
418.592	419.232	61
418.592	419.328	55
418.592	419.36	64
418.624	418.688	49
418.624	418.912	46
418.752	419.104	45
418.944	419.04	57
419.104	420.832	45
419.424	419.712	65
419.68	419.776	57
419.68	419.808	64
420.064	420.16	64
420.064	420.192	57
420.832	420.992	44
420.832	421.696	65
420.832	421.952	77
420.864	421.696	74
420.992	421.216	44
421.184	421.248	56
421.216	421.376	44
421.376	421.664	44
421.536	421.696	56
421.664	421.76	44
421.664	421.952	63
421.664	421.952	72
421.664	424.8	75
421.76	422.08	44
421.92	422.88	74
421.92	423.072	62
422.08	422.144	56
422.08	422.272	44
422.272	422.496	44
422.496	422.688	44
422.656	422.72	56
422.688	422.848	44
422.848	423.04	56
422.848	423.424	44
423.072	424.192	62
423.072	424.672	53
423.424	423.616	56
423.424	423.776	44
423.616	423.936	56
423.776	423.968	44
423.904	424.704	63
423.968	424.352	44
424.192	425.152	62
424.352	424.384	56
424.352	424.512	44
424.512	425.312	44
424.896	425.12	43
425.12	425.664	43
425.344	425.504	60
425.344	425.888	69
425.344	426.144	48
425.344	426.304	75
425.664	425.728	54
425.664	425.856	42
425.856	426.048	42
426.048	426.24	42
426.24	426.624	42
426.432	427.04	50
426.624	426.784	42
426.784	427.072	42
426.976	427.616	51
427.168	427.264	42
427.36	427.456	42
427.584	428.448	52
427.584	428.768	67
427.616	427.648	43
427.936	428.064	43
428.128	428.32	43
428.32	428.512	43
428.512	428.768	43
428.736	429.312	50
428.896	429.088	43
428.992	429.28	71
429.088	429.28	43
429.28	429.408	43
429.28	429.6	69
429.312	429.856	50
429.472	429.664	43
429.568	429.696	71
429.664	429.92	43
429.856	429.952	48
429.856	429.952	64
429.856	430.016	36
429.888	429.952	60
430.016	430.208	36
430.208	430.4	36
430.4	430.56	36
430.56	430.72	36
430.816	430.88	48
430.816	430.912	36
431.136	431.264	36
431.328	431.52	36
431.52	431.68	36
431.68	431.872	36
431.872	432.064	36
432.064	432.256	36
432.256	432.448	36
432.448	432.64	36
432.64	432.768	36
432.832	432.96	36
433.216	433.312	60
433.216	433.824	36
433.824	433.952	71
434.272	434.4	72
434.4	434.432	31
434.4	434.72	74
434.688	434.72	31
434.912	435.232	74
435.008	435.872	55
435.456	435.872	74
436.032	436.288	72
436.32	436.608	71
436.608	437.472	75
437.216	437.632	55
437.44	437.632	74
437.696	437.856	72
437.952	438.272	67
438.24	438.368	72
438.368	438.528	60
438.592	438.848	62
438.848	438.976	75
438.848	439.424	63
439.424	439.52	74
439.488	439.712	62
439.712	439.84	72
439.808	440.0	60
439.968	440.224	64
440.0	440.288	55
440.0	440.416	67
440.576	440.96	55
440.576	441.024	65
440.576	441.024	71
440.608	441.024	62
441.184	443.072	48
441.184	443.104	55
441.184	443.104	60
441.184	443.104	64
441.216	442.368	72
443.072	443.552	59
443.52	443.68	60
443.648	443.936	62
443.936	443.968	62
444.16	444.512	62
444.192	444.512	79
444.288	444.512	67
444.704	445.152	62
445.28	445.76	60
445.728	445.888	62
445.856	446.688	63
446.4	446.656	79
446.496	446.688	67
446.72	446.976	62
447.008	447.2	60
447.296	447.552	55
447.52	447.84	60
447.52	447.84	75
447.808	448.128	77
447.84	448.128	62
448.064	448.448	79
448.096	448.672	63
448.352	448.672	75
448.64	448.96	71
448.704	448.96	62
448.96	449.152	72
448.96	449.248	60
449.216	449.376	64
449.216	449.6	55
449.216	449.696	67
449.824	450.176	43
449.824	450.272	65
449.824	450.272	71
449.824	450.304	62
450.432	451.456	48
450.432	451.456	64
450.432	451.488	55
450.432	451.584	60
450.464	451.296	72
451.648	452.16	64
451.68	452.16	67
451.712	452.096	55
452.288	452.768	62
452.288	452.768	65
452.288	452.768	71
452.896	454.144	48
452.896	454.144	55
452.896	454.176	60
452.896	454.208	64
454.144	454.752	43
454.144	454.752	55
454.144	454.784	52
454.176	454.784	67
454.752	455.424	50
454.752	455.456	59
454.752	455.488	53
454.752	456.704	43
455.392	456.704	36
455.392	456.704	60
455.392	456.736	52
455.392	458.24	48
456.704	458.24	36
456.704	458.24	43
456.736	456.768	60
456.736	458.24	55
456.736	458.272	52
458.24	464.736	36
458.24	464.768	48
458.24	465.152	43
458.272	464.704	52
