0.512	1.6	61
0.576	1.568	64
0.64	1.6	57
0.64	2.08	69
0.672	1.6	45
1.568	2.4	40
1.568	2.432	64
1.568	2.496	52
2.048	2.56	73
2.048	2.592	49
2.048	2.784	61
2.304	2.496	74
2.4	2.56	71
2.528	2.784	57
2.528	2.848	69
2.784	2.88	57
3.52	3.776	73
3.744	3.936	74
3.872	4.0	71
4.0	4.448	69
4.48	4.8	57
4.512	4.544	85
4.512	4.8	66
4.96	5.44	75
4.96	5.472	59
4.96	5.472	69
5.44	6.176	76
5.44	6.208	68
5.44	6.304	64
6.112	6.368	77
6.368	6.624	80
6.592	6.88	78
6.848	7.104	76
7.072	7.264	74
7.328	7.52	73
7.552	7.808	71
7.776	8.064	69
7.776	8.192	52
8.032	8.288	68
8.256	8.64	76
8.48	8.704	74
8.704	9.152	59
9.184	9.472	71
9.184	9.6	52
9.44	9.696	61
9.44	9.696	69
9.664	10.08	78
9.888	10.112	61
9.888	10.112	76
10.272	10.56	57
10.272	10.592	61
10.592	11.008	76
10.592	11.04	50
10.816	11.072	74
10.816	11.2	59
11.04	11.456	79
11.2	11.52	59
11.296	11.52	78
11.488	11.904	54
11.68	11.936	59
12.0	12.48	50
12.0	12.48	66
12.448	12.704	76
12.672	12.864	74
12.896	13.12	73
13.152	13.408	71
13.376	13.632	69
13.376	13.888	52
13.376	13.888	62
13.6	13.856	68
13.856	14.336	61
13.856	14.336	69
14.624	14.816	71
14.656	14.848	76
14.72	14.816	80
14.784	15.36	83
14.784	15.712	52
15.04	15.488	56
15.264	15.744	59
15.488	15.744	56
15.712	16.0	54
15.968	16.224	52
16.192	16.352	83
16.192	16.608	51
16.32	16.608	81
16.416	16.608	52
16.416	16.608	80
16.544	16.64	78
16.64	16.928	78
16.64	17.088	54
16.768	17.056	76
16.896	17.088	75
16.896	17.12	47
17.024	17.152	73
17.12	17.504	49
17.12	17.504	71
17.248	17.472	69
17.344	17.6	68
17.344	17.632	51
17.472	17.632	69
17.6	17.952	52
17.6	18.08	68
17.696	18.016	71
17.824	18.08	76
17.824	18.112	56
17.92	18.048	80
18.048	18.112	80
18.048	18.208	83
18.048	18.304	59
18.272	18.528	56
18.496	18.784	54
18.752	18.976	52
18.976	19.104	83
18.976	19.392	51
19.072	19.36	81
19.2	19.392	52
19.2	19.392	80
19.328	19.424	78
19.424	19.744	78
19.424	19.936	54
19.552	19.808	76
19.648	19.904	47
19.648	19.904	75
19.776	19.936	73
19.904	20.16	71
19.904	20.224	49
20.0	20.256	69
20.128	20.384	68
20.128	20.416	51
20.256	20.416	69
20.384	20.576	68
20.384	20.832	52
20.48	20.768	71
20.608	20.8	69
20.704	20.832	68
20.8	20.96	69
20.928	21.184	71
21.056	21.216	73
21.184	21.44	75
21.28	21.632	76
21.376	21.696	78
21.504	21.696	80
21.632	21.792	81
21.76	21.888	83
21.856	22.08	85
21.952	22.144	87
22.08	22.208	88
22.176	22.336	87
22.304	22.56	85
22.432	22.56	83
22.528	22.688	81
22.656	22.912	80
22.752	23.04	78
22.88	23.04	76
22.976	23.104	75
23.136	23.328	73
23.136	23.456	66
23.136	23.584	57
23.424	23.584	85
23.456	23.584	66
23.584	23.648	66
23.584	24.032	68
23.584	24.096	76
23.584	24.512	59
24.0	24.096	80
24.064	24.64	75
24.064	24.64	78
24.16	24.48	69
24.608	25.184	68
24.608	25.184	76
25.12	25.728	52
26.208	27.328	61
26.272	26.368	64
26.368	26.464	64
26.368	27.328	45
26.368	27.328	57
26.368	27.328	69
27.296	27.776	52
27.296	28.032	64
27.296	28.096	40
27.776	28.192	73
27.776	28.256	52
27.776	28.288	49
27.776	28.288	61
28.0	28.16	74
28.128	28.288	71
28.256	28.48	57
28.256	28.512	69
28.48	28.576	57
29.216	29.472	73
29.44	29.632	74
29.568	29.696	71
29.696	30.08	69
30.208	30.336	85
30.208	30.496	66
30.208	30.528	57
30.656	31.168	59
30.656	31.168	69
30.656	31.168	75
31.136	31.872	68
31.136	31.872	76
31.136	31.968	64
31.84	32.032	77
32.096	32.32	80
32.288	32.576	78
32.544	32.8	76
32.768	32.992	74
33.024	33.216	73
33.248	33.536	71
33.504	33.76	69
33.504	33.92	52
33.728	33.984	68
33.984	34.336	76
34.208	34.4	74
34.4	34.848	59
34.912	35.168	71
34.912	35.328	52
35.136	35.392	61
35.136	35.392	69
35.392	35.776	78
35.424	35.776	57
35.552	35.808	61
35.584	35.808	76
35.904	36.256	57
36.0	36.32	61
36.288	36.736	50
36.288	36.768	76
36.544	36.8	74
36.544	36.928	59
36.768	37.184	79
36.928	37.248	59
36.992	37.248	78
37.184	37.632	54
37.376	37.632	59
37.696	38.176	50
37.696	38.176	66
38.176	38.4	76
38.4	38.592	74
38.624	38.816	73
38.848	39.104	71
39.104	39.36	69
39.104	39.584	52
39.104	39.616	62
39.328	39.552	68
39.552	40.064	69
39.584	40.032	61
40.32	40.448	71
40.416	40.544	80
40.512	40.992	83
40.512	41.408	52
40.736	41.216	56
40.96	41.472	59
41.216	41.472	56
41.44	41.696	54
41.664	41.92	52
41.888	42.048	83
41.888	42.304	51
42.016	42.304	81
42.144	42.336	52
42.144	42.336	80
42.24	42.368	78
42.368	42.752	78
42.368	42.848	54
42.464	42.752	76
42.592	42.816	75
42.592	42.848	47
42.72	42.848	73
42.816	43.104	71
42.816	43.168	49
42.944	43.168	69
43.072	43.296	68
43.072	43.328	51
43.168	43.36	69
43.296	43.68	52
43.296	43.808	68
43.424	43.68	71
43.52	43.744	76
43.52	43.808	56
43.648	43.808	80
43.776	43.936	83
43.776	44.032	59
44.0	44.256	56
44.224	44.48	54
44.448	44.704	52
44.672	44.832	83
44.672	45.088	51
44.8	45.088	81
44.928	45.088	52
44.928	45.12	80
45.024	45.152	78
45.12	45.632	54
45.152	45.408	78
45.248	45.504	76
45.376	45.6	47
45.376	45.632	75
45.504	45.632	73
45.6	45.856	71
45.6	45.92	49
45.728	45.952	69
45.856	46.08	68
45.856	46.112	51
45.952	46.112	69
46.08	46.304	68
46.08	46.56	52
46.208	46.368	71
46.304	46.464	69
46.432	46.56	68
46.528	46.688	69
46.656	46.912	71
46.784	46.944	73
46.88	47.04	75
47.008	47.392	76
47.104	47.424	78
47.232	47.424	80
47.328	47.488	81
47.456	47.584	83
47.584	47.808	85
47.68	47.84	87
47.776	47.936	88
47.904	48.064	87
48.032	48.288	85
48.128	48.288	83
48.256	48.384	81
48.352	48.64	80
48.448	48.768	78
48.576	48.768	76
48.704	48.832	75
48.832	48.96	73
48.832	49.28	57
48.832	49.28	66
49.152	49.28	85
49.28	49.344	66
49.28	49.728	68
49.28	49.792	76
49.28	49.824	59
49.696	49.824	80
49.792	50.368	75
49.792	50.368	78
49.888	49.984	69
50.336	50.88	68
50.336	50.88	76
50.848	51.36	52
51.36	51.424	52
51.872	52.384	64
51.936	52.384	76
52.352	52.864	66
52.384	52.864	78
52.832	53.408	67
52.896	53.408	79
53.376	53.792	54
53.376	53.888	71
53.632	54.144	61
53.856	54.336	70
53.952	54.176	66
54.112	54.304	64
54.4	54.592	62
54.56	54.816	61
54.688	55.2	70
54.784	55.424	54
54.816	55.168	73
55.072	55.488	62
55.264	55.712	71
55.296	55.648	66
55.488	55.776	62
55.744	56.0	61
55.968	56.192	59
56.064	56.416	71
56.192	56.64	54
56.192	56.672	74
56.416	57.12	58
56.672	57.088	64
56.672	57.152	73
56.896	57.344	61
57.12	57.376	59
57.344	57.632	58
57.472	57.632	73
57.6	57.824	59
57.6	58.016	76
57.824	58.08	74
57.824	58.464	59
58.048	58.56	77
58.272	58.56	76
58.528	58.912	79
58.752	59.04	77
59.008	59.52	69
59.008	59.808	52
59.232	59.84	59
59.488	59.808	64
59.488	59.968	68
59.776	59.968	62
59.936	60.32	60
60.16	60.48	59
60.288	60.832	68
60.416	60.832	71
60.416	61.184	52
60.64	61.088	60
60.896	61.12	64
60.896	61.344	69
61.088	61.376	60
61.344	61.664	59
61.6	62.304	57
61.696	61.856	69
61.824	62.336	52
61.824	62.336	72
62.08	62.336	56
62.304	62.72	62
62.304	63.104	71
62.528	63.232	59
62.784	63.2	57
63.008	63.264	56
63.104	63.296	71
63.232	63.584	74
63.232	64.16	57
63.456	63.744	72
63.68	64.192	71
63.936	64.192	69
64.16	64.384	81
64.16	64.608	55
64.16	64.672	43
64.384	64.64	81
64.64	64.8	83
64.64	64.864	41
64.64	65.376	53
64.864	65.344	81
64.864	65.632	41
65.088	65.376	79
65.344	65.6	77
65.568	65.856	76
65.792	67.008	75
66.048	66.528	57
66.048	66.976	81
66.048	66.976	84
66.048	67.008	54
66.336	66.592	56
66.528	67.296	57
66.784	66.976	60
67.008	67.52	54
67.008	67.52	59
67.008	67.552	75
67.296	67.552	57
67.488	67.904	76
67.488	67.968	52
67.488	67.968	56
67.968	68.0	52
68.192	68.32	78
68.288	68.416	76
68.448	68.576	76
68.544	68.704	74
68.672	68.832	73
68.8	68.96	71
68.928	70.048	61
68.992	69.056	64
69.056	69.984	64
69.056	70.016	45
69.056	70.048	57
69.056	70.144	69
69.984	70.816	40
69.984	70.816	64
69.984	70.944	52
70.464	70.88	73
70.464	70.912	61
70.464	71.008	49
70.688	70.88	74
70.816	70.976	71
70.944	71.232	57
70.944	71.232	69
71.904	72.096	73
72.16	72.32	74
72.256	72.384	71
72.416	72.736	69
72.896	73.152	85
72.896	73.216	66
72.896	73.248	57
73.344	73.856	75
73.344	73.888	59
73.344	73.888	69
73.856	74.592	68
73.856	74.592	76
73.856	74.688	64
74.528	74.752	77
74.784	75.04	80
75.008	75.264	78
75.264	75.488	76
75.488	75.712	74
75.712	75.936	73
75.936	76.224	71
76.192	76.48	69
76.192	76.608	52
76.448	76.704	68
76.672	77.056	76
76.896	77.088	74
77.088	77.536	59
77.6	77.856	71
77.6	77.984	52
77.824	78.08	61
77.824	78.08	69
78.048	78.464	78
78.272	78.496	61
78.272	78.528	76
78.592	78.944	57
78.688	79.008	61
78.976	79.328	71
78.976	79.424	52
79.168	79.488	61
79.2	79.488	69
79.456	79.712	81
79.456	79.872	57
79.68	79.904	79
79.68	79.968	61
79.936	80.352	57
80.128	80.416	61
80.384	80.672	79
80.384	80.896	50
80.64	80.896	78
80.864	81.12	76
81.088	81.312	74
81.344	81.536	73
81.568	81.824	71
81.824	82.176	49
81.952	82.048	78
81.984	82.112	76
82.048	82.144	74
82.144	82.336	50
82.144	82.336	78
82.304	82.848	69
82.304	83.328	52
82.336	82.848	61
82.816	83.232	59
82.816	83.296	68
83.168	83.296	69
83.2	83.296	73
83.296	83.36	73
83.296	83.744	76
83.296	84.128	57
83.52	83.968	61
83.744	84.256	64
83.744	84.576	76
83.968	84.256	61
84.224	84.512	59
84.448	84.928	57
84.672	84.96	76
84.672	85.024	56
84.8	85.056	74
84.928	85.056	69
84.928	85.056	73
84.928	85.184	57
85.024	85.152	71
85.152	85.344	59
85.152	85.472	71
85.248	85.472	69
85.376	85.568	68
85.376	85.632	52
85.504	85.632	66
85.6	85.76	64
85.6	85.92	54
85.728	85.952	62
85.824	86.08	56
85.824	86.08	61
85.952	86.08	62
86.048	86.4	57
86.08	86.304	61
86.176	86.432	64
86.304	86.464	69
86.304	86.56	61
86.432	86.528	64
86.432	86.56	73
86.528	86.784	64
86.528	87.008	76
86.752	87.008	61
86.976	87.264	59
87.232	87.456	88
87.232	87.488	57
87.456	87.712	56
87.456	87.712	88
87.552	87.744	86
87.68	87.936	57
87.68	87.936	85
87.808	87.904	83
87.904	88.16	83
87.904	88.352	59
88.032	88.352	81
88.16	88.384	80
88.16	88.416	52
88.256	88.416	78
88.384	88.512	76
88.384	88.8	54
88.48	88.704	74
88.608	88.704	56
88.608	88.736	73
88.704	88.896	56
88.704	88.896	74
88.864	89.216	73
88.864	89.312	57
88.96	89.344	76
89.088	89.28	74
89.216	89.568	73
89.312	89.536	74
89.312	89.696	54
89.312	89.76	57
89.44	89.728	76
89.536	89.856	78
89.664	89.792	80
89.76	89.92	81
89.76	89.984	54
89.76	90.24	50
89.76	90.24	57
89.888	90.24	83
89.984	90.144	85
90.112	90.272	86
90.208	90.688	88
90.24	90.624	52
90.24	90.656	49
90.24	90.752	57
90.336	90.592	86
90.432	90.688	85
90.56	90.72	83
90.592	90.72	64
90.688	91.04	81
90.784	91.04	80
90.88	91.104	78
91.008	91.136	76
91.104	91.488	74
91.232	91.456	73
91.36	91.552	71
91.456	91.616	69
91.584	91.712	80
91.616	92.032	59
91.616	92.064	50
91.648	91.936	78
91.712	91.936	80
91.84	92.064	76
91.936	92.128	80
92.032	92.128	81
92.096	92.64	69
92.128	92.704	61
92.192	93.184	52
92.544	92.672	73
92.64	93.12	71
92.64	93.184	68
92.704	93.184	62
93.152	93.696	61
93.152	93.728	57
93.152	93.824	69
93.664	94.272	45
94.688	95.232	64
94.784	95.232	76
95.2	95.712	78
95.232	95.68	66
95.648	96.224	67
95.712	96.256	79
96.192	96.608	54
96.192	96.704	71
96.448	96.992	61
96.672	97.152	70
96.768	97.024	66
96.96	97.152	64
97.216	97.44	62
97.376	97.632	61
97.504	98.016	70
97.632	98.016	73
97.632	98.208	54
97.888	98.304	62
98.08	98.56	71
98.176	98.464	66
98.304	98.592	62
98.56	98.816	61
98.784	98.976	59
98.88	99.264	71
99.008	99.456	54
99.04	99.52	74
99.232	99.936	58
99.488	99.936	64
99.488	99.968	73
99.712	100.16	61
99.968	100.224	59
100.192	100.448	58
100.32	100.48	73
100.416	100.672	59
100.416	100.864	76
100.672	100.896	74
100.672	101.216	59
100.896	101.376	77
101.12	101.376	76
101.344	101.696	79
101.6	101.888	77
101.856	102.336	69
101.856	102.624	52
102.048	102.656	59
102.304	102.752	68
102.336	102.624	64
102.592	102.784	62
102.752	103.136	60
103.008	103.328	59
103.136	103.68	68
103.264	103.776	71
103.264	103.84	52
103.488	103.936	60
103.712	104.192	69
103.744	103.968	64
103.936	104.192	60
104.16	104.512	59
104.416	104.672	57
104.512	104.672	69
104.64	105.152	52
104.64	105.184	72
104.896	105.152	56
105.12	105.92	71
105.152	105.536	62
105.344	106.048	59
105.6	105.952	57
105.824	106.112	56
105.92	106.112	71
106.048	106.432	74
106.048	106.976	57
106.272	106.592	72
106.528	107.008	71
106.752	107.008	69
106.976	107.232	81
106.976	107.424	55
106.976	107.488	43
107.232	107.488	81
107.456	107.648	83
107.456	107.68	41
107.456	108.256	53
107.68	108.16	81
107.68	108.448	41
107.936	108.192	79
108.16	108.416	77
108.384	108.672	76
108.608	109.856	75
108.864	109.376	57
108.864	110.368	54
108.896	109.696	81
108.896	109.856	84
109.152	109.408	56
109.376	110.112	57
109.6	109.824	60
109.824	110.368	59
109.856	110.4	75
110.112	110.368	57
110.336	110.784	56
110.336	110.784	76
110.336	110.816	52
111.04	111.168	78
111.136	111.232	76
111.264	111.392	76
111.392	111.52	74
111.488	111.648	73
111.616	111.776	71
111.744	112.832	61
111.808	111.872	64
111.872	112.8	64
111.872	112.864	45
111.872	112.864	57
111.872	112.864	69
112.8	113.312	64
112.8	113.44	40
112.8	113.696	52
113.28	113.728	73
113.28	113.792	49
113.28	113.856	61
113.536	113.696	74
113.632	113.824	71
113.792	114.08	57
113.792	114.08	69
114.72	114.944	73
114.976	115.168	74
115.104	115.232	71
115.232	115.584	69
115.712	116.032	57
115.744	115.776	85
115.744	116.032	66
116.192	116.704	59
116.192	116.704	69
116.192	116.704	75
116.672	117.376	76
116.672	117.408	68
116.672	117.504	64
117.344	117.568	77
117.6	117.856	80
117.824	118.08	78
118.08	118.304	76
118.304	118.56	74
118.528	118.72	73
118.784	119.04	71
119.008	119.296	69
119.008	119.456	52
119.264	119.52	68
119.488	119.872	76
119.52	119.904	59
119.712	119.936	74
119.904	120.384	59
120.416	120.704	71
120.416	120.8	52
120.64	120.928	69
120.672	120.896	61
120.896	121.28	78
120.928	121.28	57
121.12	121.312	61
121.12	121.344	76
121.44	121.76	57
121.504	121.824	61
121.792	122.144	71
121.824	121.888	52
121.888	122.24	52
121.984	122.048	61
122.048	122.304	61
122.048	122.304	69
122.272	122.656	81
122.304	122.688	57
122.496	122.72	79
122.496	122.784	61
122.752	123.2	57
122.944	123.232	61
123.2	123.488	79
123.2	123.712	50
123.456	123.712	78
123.712	123.936	76
123.936	124.16	74
124.16	124.384	73
124.416	124.672	71
124.64	124.992	49
124.8	124.896	78
124.8	124.992	76
124.896	124.96	74
124.96	125.152	78
124.992	125.152	50
125.152	125.664	61
125.152	125.664	69
125.152	126.144	52
125.632	126.048	59
125.632	126.144	68
125.984	126.144	69
126.048	126.112	73
126.112	126.176	73
126.112	126.56	76
126.112	126.944	57
126.336	126.784	61
126.56	127.104	64
126.56	127.328	76
126.784	127.072	61
127.04	127.328	59
127.296	127.744	57
127.488	127.776	76
127.488	127.872	56
127.616	127.808	74
127.744	127.872	73
127.744	128.0	57
127.84	127.968	71
127.968	128.192	59
127.968	128.288	71
128.096	128.352	69
128.192	128.384	68
128.192	128.448	52
128.32	128.448	66
128.416	128.448	42
128.416	128.544	64
128.416	128.8	54
128.544	128.704	62
128.64	128.928	56
128.672	128.896	61
128.768	128.928	62
128.896	129.12	61
128.896	129.216	57
128.992	129.344	64
129.12	129.28	69
129.12	129.408	61
129.248	129.376	73
129.344	129.6	64
129.344	129.856	76
129.568	129.824	61
129.824	130.08	59
130.048	130.112	76
130.048	130.272	88
130.048	130.304	57
130.272	130.4	76
130.272	130.528	56
130.272	130.56	88
130.4	130.56	86
130.496	130.752	85
130.496	130.976	57
130.624	130.72	83
130.72	131.008	83
130.72	131.168	59
130.848	131.168	81
130.944	131.2	80
130.976	131.232	52
131.072	131.232	78
131.2	131.328	76
131.2	131.584	54
131.296	131.52	74
131.424	131.52	56
131.424	131.552	73
131.52	131.68	74
131.52	131.712	56
131.648	132.128	57
131.68	132.0	73
131.776	132.16	76
131.872	132.128	74
132.0	132.288	73
132.128	132.416	74
132.128	132.512	54
132.128	132.512	57
132.224	132.512	76
132.352	132.608	78
132.448	132.608	80
132.576	132.736	81
132.576	132.768	54
132.576	133.056	50
132.576	133.056	57
132.704	133.056	83
132.8	132.96	85
132.928	133.088	86
133.024	133.408	88
133.056	133.376	49
133.056	133.472	52
133.056	133.536	57
133.152	133.408	86
133.28	133.504	85
133.376	133.536	83
133.504	133.856	81
133.6	133.856	80
133.728	133.888	78
133.824	133.952	76
133.952	134.304	74
134.048	134.272	73
134.176	134.368	71
134.272	134.4	69
134.4	134.528	80
134.4	134.816	59
134.4	134.88	50
134.496	134.624	78
134.528	134.784	80
134.624	134.816	78
134.656	134.88	76
134.784	134.912	80
134.848	134.944	81
134.88	135.488	69
134.944	135.552	61
134.976	136.064	52
135.392	135.52	73
135.456	136.032	71
135.456	136.064	68
135.552	136.064	62
136.032	136.544	61
136.032	136.576	69
136.032	136.928	57
136.512	137.12	45
139.232	139.808	66
139.232	140.032	50
139.232	141.408	38
139.52	140.032	57
139.808	140.032	62
139.808	140.832	66
140.032	140.544	50
140.032	140.544	57
140.032	141.344	62
140.288	140.832	67
140.32	140.576	64
140.544	141.088	57
140.544	141.44	50
140.576	140.768	69
140.832	141.312	66
140.832	141.44	69
141.088	141.472	57
141.312	141.824	66
141.344	141.824	62
141.6	141.824	64
141.6	141.856	61
141.824	142.144	66
141.824	142.592	62
142.08	142.368	64
142.08	142.368	67
142.336	142.784	66
142.336	142.88	69
142.592	142.848	62
142.848	143.072	62
142.848	143.36	67
142.848	143.36	71
143.072	143.424	62
143.328	143.904	45
143.36	143.872	57
143.36	143.872	73
143.36	143.904	67
143.584	143.904	64
143.872	144.32	74
143.872	144.384	62
143.872	144.384	66
143.872	144.416	38
143.872	144.416	50
144.128	144.384	69
144.384	144.672	78
144.384	144.864	62
144.384	144.864	66
144.64	144.896	64
144.64	144.928	61
144.672	144.832	76
144.864	145.312	78
144.864	145.408	66
144.864	145.568	62
145.152	145.44	64
145.152	145.44	67
145.408	145.888	66
145.408	145.92	69
145.632	145.952	62
145.888	146.4	67
145.888	146.432	71
146.144	146.432	62
146.4	146.752	73
146.4	146.976	67
146.656	146.944	64
146.912	147.392	86
146.912	147.424	66
146.912	147.488	74
147.2	147.456	69
147.456	147.744	66
147.488	147.776	74
147.712	148.0	64
147.744	147.968	73
148.0	148.256	62
148.0	148.256	71
148.224	148.512	69
148.224	148.544	61
148.512	149.024	59
148.512	149.056	68
148.512	149.088	52
148.768	149.056	64
149.024	149.312	61
149.024	149.344	69
149.024	149.536	49
149.248	149.568	64
149.536	149.888	69
149.536	149.952	73
149.536	150.048	45
149.76	150.048	64
150.048	150.272	64
150.048	150.336	71
150.048	150.496	68
150.048	150.528	52
150.272	150.56	64
150.56	150.816	86
150.56	151.008	66
150.56	151.008	74
150.784	150.976	64
150.784	151.008	73
150.784	151.104	85
150.976	151.104	64
151.072	151.52	71
151.072	151.52	83
151.136	151.52	62
151.328	151.52	69
151.328	151.584	81
151.328	151.616	61
151.488	151.616	87
151.552	152.064	88
151.584	152.032	59
151.584	152.096	68
151.808	152.128	64
152.0	152.096	87
152.064	152.192	69
152.064	152.352	88
152.064	152.416	61
152.288	152.576	64
152.48	152.576	87
152.544	152.672	69
152.544	152.896	88
152.576	152.704	73
152.768	153.056	64
152.96	153.056	87
153.024	153.216	88
153.056	153.504	68
153.056	153.504	71
153.28	153.568	64
153.568	153.792	45
153.568	153.856	73
153.568	154.08	64
153.824	154.08	44
153.824	154.112	71
154.08	154.336	45
154.08	154.336	73
154.08	154.368	64
154.304	154.56	74
154.304	154.592	47
154.56	155.136	49
154.56	155.136	76
154.816	155.072	69
155.072	155.552	73
155.072	155.584	69
155.072	155.616	52
155.296	155.616	64
155.552	156.096	40
155.552	156.096	68
155.552	156.096	71
155.808	156.128	64
156.064	156.224	57
156.064	156.32	69
156.064	156.544	45
156.288	156.608	64
156.576	156.864	69
156.576	156.864	73
156.832	157.088	71
156.832	157.12	68
157.088	157.344	69
157.088	157.344	73
157.312	157.568	86
157.344	157.6	71
157.344	157.6	74
157.568	158.016	73
157.568	158.112	76
157.824	158.016	69
158.08	158.336	69
158.08	158.336	73
158.304	158.592	64
158.592	159.104	68
158.592	159.104	71
158.816	159.104	64
159.072	159.616	69
159.072	159.616	81
159.328	159.616	64
159.584	160.032	66
159.584	160.096	50
159.584	160.096	59
159.84	160.096	74
160.064	160.576	71
160.16	160.608	52
160.16	160.608	62
160.32	160.608	68
160.576	161.056	61
160.576	161.056	69
160.608	161.024	57
160.832	161.12	64
161.088	161.536	66
161.088	161.6	50
161.088	161.6	59
161.312	161.632	74
161.6	162.08	71
161.6	162.144	52
161.6	162.144	62
161.824	162.144	68
162.112	162.592	57
162.112	162.592	69
162.112	162.624	61
162.336	162.624	68
162.592	162.88	69
162.848	163.104	71
163.104	163.392	67
163.36	163.68	64
163.648	164.224	66
163.648	164.448	50
163.648	165.824	38
163.68	164.512	69
163.936	164.448	57
164.224	165.248	66
164.224	165.76	62
164.448	164.96	57
164.448	165.92	50
164.704	164.992	64
164.704	165.248	67
164.96	165.504	57
165.248	165.728	66
165.248	165.824	69
165.504	165.92	57
165.728	166.24	66
165.76	166.24	62
165.984	166.24	64
165.984	166.272	61
166.24	166.56	66
166.24	167.008	62
166.496	166.784	64
166.496	166.784	67
166.752	167.2	66
166.752	167.264	69
167.008	167.488	62
167.264	167.776	67
167.264	167.776	71
167.488	167.808	62
167.744	168.32	45
167.776	168.288	57
167.776	168.288	73
167.776	168.32	67
168.0	168.32	64
168.288	168.736	74
168.288	168.8	38
168.288	168.8	50
168.288	168.8	66
168.544	168.8	69
168.8	169.088	78
168.8	169.28	62
168.8	169.28	66
169.056	169.28	64
169.056	169.312	61
169.28	169.728	78
169.28	169.792	66
169.28	169.888	62
169.536	169.824	64
169.536	169.824	67
169.792	170.272	66
169.792	170.336	69
169.824	169.888	81
170.048	170.368	62
170.304	170.816	67
170.304	170.848	71
170.56	170.848	62
170.816	171.168	73
170.816	171.36	67
171.072	171.36	64
171.328	171.456	86
171.328	171.808	66
171.328	171.872	74
171.616	171.872	69
171.872	172.16	66
171.872	172.16	74
172.128	172.352	64
172.128	172.384	73
172.384	172.672	71
172.416	172.64	62
172.64	172.928	61
172.64	172.928	69
172.896	173.408	59
172.896	173.472	68
172.896	173.504	52
173.152	173.44	64
173.44	173.792	61
173.44	173.792	69
173.44	173.984	49
173.664	173.984	64
173.952	174.208	69
173.952	174.304	73
173.952	174.464	45
174.176	174.464	64
174.464	174.688	64
174.464	174.752	71
174.464	174.88	68
174.464	174.944	52
174.688	174.976	64
174.976	175.232	86
174.976	175.392	74
174.976	175.424	66
175.2	175.52	64
175.232	175.424	73
175.232	175.52	85
175.488	175.936	71
175.488	175.936	83
175.552	175.936	62
175.744	175.936	69
175.744	176.032	81
175.744	176.352	61
175.904	176.064	87
176.0	176.448	59
176.0	176.448	88
176.0	176.512	68
176.224	176.544	64
176.416	176.512	87
176.448	176.768	88
176.448	176.896	61
176.48	176.576	69
176.704	177.024	64
176.896	176.992	87
176.96	177.216	69
176.96	177.408	88
176.992	177.12	73
177.184	177.472	64
177.376	177.472	87
177.44	177.632	88
177.44	177.92	71
177.472	177.92	68
177.696	177.952	64
177.952	178.464	64
177.984	178.208	45
177.984	178.24	73
178.24	178.496	44
178.24	178.496	71
178.464	178.752	45
178.464	178.752	73
178.464	179.552	64
178.72	178.976	74
178.72	179.008	47
178.976	179.52	76
178.976	179.552	49
179.2	179.456	69
179.456	179.744	73
179.456	180.0	69
179.456	180.032	52
179.712	180.032	64
179.968	180.512	40
179.968	180.512	68
179.968	180.512	71
180.192	180.512	64
180.48	180.736	57
180.48	180.736	69
180.48	180.96	45
180.704	181.024	64
180.992	181.248	73
180.992	181.28	69
181.248	181.504	71
181.248	181.536	68
181.504	181.728	69
181.504	181.76	73
181.728	181.984	86
181.728	182.016	71
181.728	182.016	74
181.984	182.432	73
181.984	182.528	76
182.24	182.496	69
182.496	182.752	73
182.496	182.816	69
182.72	183.008	64
182.976	183.52	68
182.976	183.52	71
183.232	183.52	64
183.488	184.0	69
183.488	184.032	81
183.744	184.032	64
184.0	184.448	66
184.0	184.512	50
184.032	184.448	59
184.256	184.512	74
184.48	184.96	71
184.576	185.024	52
184.576	185.024	62
184.736	185.024	68
184.992	185.44	57
184.992	185.44	69
184.992	185.472	61
185.248	185.536	64
185.504	185.952	50
185.504	185.952	66
185.536	186.016	59
185.728	186.016	74
186.016	186.496	71
186.016	186.56	52
186.016	186.56	62
186.24	186.56	68
186.528	187.008	61
186.528	187.008	69
186.528	187.04	57
186.752	187.04	68
187.008	187.296	69
187.264	187.52	71
187.52	187.776	67
187.744	187.904	64
188.0	188.256	66
188.0	189.248	47
188.032	188.32	69
188.032	188.512	35
188.288	188.8	59
188.544	189.12	66
188.544	189.184	63
188.8	189.088	59
189.088	189.152	64
189.088	189.312	59
189.088	189.632	67
189.312	189.824	59
189.6	190.016	69
189.6	190.048	66
189.824	190.176	59
190.112	190.432	63
190.112	190.496	66
190.336	190.656	59
190.592	191.072	67
190.624	190.72	64
190.624	190.88	81
190.816	191.168	59
190.848	191.072	79
191.104	191.296	66
191.104	191.552	78
191.136	191.36	69
191.328	191.68	59
191.616	191.808	81
191.616	192.032	63
191.616	192.032	66
191.84	192.096	59
191.84	192.128	79
192.096	192.16	64
192.096	192.32	59
192.096	192.448	78
192.096	192.576	67
192.32	192.672	59
192.352	192.544	76
192.608	193.12	66
192.608	193.12	75
192.608	193.152	69
193.12	193.344	71
193.12	193.376	59
193.12	193.376	83
193.12	193.408	47
193.376	193.6	45
193.376	193.632	57
193.376	193.632	69
193.376	193.632	81
193.6	193.888	43
193.6	193.888	67
193.6	193.888	79
193.856	194.08	66
193.856	194.112	54
193.856	194.144	78
194.112	194.432	52
194.112	194.432	64
194.112	194.464	76
194.112	194.496	40
194.432	194.528	52
194.624	195.168	52
194.624	195.2	76
194.624	195.232	64
194.624	195.68	40
195.168	195.424	59
195.168	195.68	52
195.168	195.68	83
195.168	195.712	71
195.168	196.0	47
195.68	196.128	59
195.68	196.128	64
195.68	196.192	40
195.68	196.192	52
195.68	196.192	76
196.16	196.416	59
196.16	196.448	47
196.16	196.448	71
196.16	196.448	83
196.416	196.64	45
196.416	196.704	57
196.416	196.704	69
196.416	196.704	81
196.64	196.928	43
196.672	196.896	55
196.672	196.928	67
196.672	196.96	79
196.896	197.184	54
196.896	197.184	78
196.928	197.12	66
197.152	197.504	52
197.152	197.536	76
197.152	197.568	40
197.504	197.568	52
197.696	197.824	64
197.696	198.208	52
197.696	198.24	76
197.696	198.72	40
198.208	198.4	59
198.208	198.688	71
198.208	198.688	83
198.208	198.72	52
198.208	198.752	47
198.72	198.944	64
198.72	199.04	59
198.72	199.072	76
198.72	199.232	40
198.72	199.264	52
199.232	199.36	76
199.52	199.744	74
199.776	200.0	76
200.0	200.192	77
200.288	200.768	79
200.288	201.344	60
200.576	200.864	64
200.768	201.536	79
200.8	201.344	67
201.024	201.344	64
201.312	201.728	65
201.312	201.824	59
201.536	201.856	79
201.632	201.856	62
201.824	202.336	84
201.824	202.88	60
202.112	202.368	64
202.336	202.88	67
202.336	202.88	79
202.528	202.88	64
202.848	203.36	59
202.848	203.36	65
203.104	203.392	62
203.328	203.808	79
203.328	204.352	60
203.584	204.064	64
203.808	204.576	79
203.808	204.64	67
204.064	204.352	64
204.32	204.768	65
204.32	204.864	59
204.576	204.96	79
204.608	204.896	62
204.832	205.376	84
204.832	205.792	60
205.12	205.536	64
205.344	206.208	79
205.344	206.368	67
205.536	206.048	64
205.792	206.368	60
206.048	206.368	64
206.208	206.432	79
206.336	207.232	88
206.336	207.84	58
206.592	207.264	60
206.848	207.36	64
206.848	207.712	79
207.104	207.904	67
207.36	207.616	64
207.584	207.872	60
207.616	207.904	64
207.712	207.904	79
207.84	208.768	88
207.84	208.864	57
208.096	209.088	61
208.352	208.832	64
208.352	208.96	79
208.608	209.056	67
208.832	209.376	64
209.088	209.376	61
209.216	209.344	79
209.344	209.6	79
209.344	210.368	57
209.344	210.368	62
209.6	209.856	77
209.824	210.08	76
210.08	210.368	77
210.336	210.432	64
210.336	210.592	76
210.336	210.88	56
210.592	210.848	65
210.592	210.848	74
210.848	211.104	73
210.848	211.328	64
210.848	211.392	57
211.072	211.36	80
211.328	211.584	81
211.552	211.84	80
211.808	212.096	81
212.064	212.32	76
212.32	212.576	79
212.32	212.608	68
212.32	213.824	58
212.32	213.824	62
212.544	212.864	77
212.8	213.088	76
213.024	213.568	77
213.28	213.568	76
213.536	213.792	74
213.792	214.304	81
213.792	214.336	61
213.792	214.336	69
213.792	214.368	57
214.016	214.336	80
214.304	214.56	81
214.528	214.784	76
214.752	215.04	77
214.752	215.264	57
214.752	215.264	65
214.752	215.296	62
215.008	215.296	74
215.264	215.552	69
215.264	215.552	81
215.264	215.776	64
215.264	215.808	57
215.264	215.808	61
215.52	215.776	80
215.776	216.032	81
216.0	216.288	76
216.256	216.544	77
216.256	216.736	57
216.256	216.736	65
216.256	216.768	62
216.512	216.768	74
216.736	217.28	57
216.736	217.28	61
216.736	217.28	64
216.768	217.088	69
216.992	217.312	68
217.248	217.536	69
217.504	217.792	68
217.76	218.048	69
218.016	218.304	68
218.304	218.784	69
218.304	218.816	66
218.304	219.104	50
218.304	220.352	38
218.56	219.104	57
218.816	219.392	66
218.848	220.128	62
219.104	219.584	50
219.104	219.584	57
219.36	219.616	64
219.36	219.84	67
219.584	220.352	57
219.584	220.416	50
219.872	220.352	66
219.872	220.416	69
220.128	220.448	62
220.384	220.736	74
220.416	220.768	71
220.64	220.928	73
220.672	220.928	69
220.896	221.216	71
220.896	221.312	67
221.12	221.408	69
221.184	221.376	66
221.376	221.92	47
221.376	221.92	67
221.632	221.952	62
221.888	222.24	66
221.888	222.432	45
221.888	222.432	69
222.112	222.432	62
222.4	222.944	43
222.4	222.944	67
222.4	222.944	71
222.624	223.168	62
222.912	223.296	66
222.912	223.456	50
222.912	223.456	69
223.168	224.0	62
223.424	223.552	71
223.424	223.744	86
223.424	223.808	74
223.68	223.968	73
223.68	223.968	85
223.936	224.224	83
223.936	224.288	67
223.936	224.288	71
224.16	224.448	69
224.192	224.384	66
224.192	224.416	81
224.416	224.544	64
224.416	224.544	79
224.416	224.96	67
224.704	224.96	62
224.928	225.216	81
224.928	225.344	66
224.928	225.376	69
225.152	225.504	62
225.44	225.472	79
225.44	225.984	67
225.44	225.984	71
225.44	225.984	83
225.664	226.016	62
225.952	226.368	66
225.952	226.4	69
225.952	226.4	81
226.208	226.816	62
226.464	226.784	71
226.464	226.88	67
226.72	226.976	69
226.752	226.976	66
226.976	227.232	67
227.008	227.136	64
227.2	227.488	66
227.2	227.52	62
227.456	227.776	61
227.456	227.808	64
227.456	228.0	45
227.712	228.224	57
227.968	228.48	62
227.968	228.672	69
228.0	228.16	54
228.0	228.448	42
228.224	228.736	57
228.48	228.896	50
228.48	229.024	38
228.48	229.024	66
228.48	229.056	62
228.736	229.056	57
228.992	229.44	64
228.992	229.472	61
228.992	229.536	45
229.248	229.568	57
229.504	229.856	71
229.504	229.888	67
229.76	230.016	69
229.76	230.016	81
229.792	230.016	66
230.016	230.272	79
230.016	230.496	67
230.24	230.496	66
230.24	230.496	78
230.336	230.528	62
230.496	230.912	64
230.496	230.912	81
230.496	230.944	61
230.752	231.04	57
230.944	231.008	80
231.008	231.392	69
231.008	231.392	81
231.008	231.488	66
231.264	231.744	57
231.488	232.0	81
231.488	232.032	62
231.488	232.032	66
231.744	232.032	57
231.936	232.032	80
232.0	232.512	64
232.0	232.544	61
232.0	232.544	81
232.256	232.544	69
232.512	232.8	59
232.512	232.8	74
232.512	233.248	62
232.768	233.024	58
232.768	233.024	73
232.992	233.28	59
232.992	233.28	74
233.248	233.536	55
233.248	233.536	71
233.248	234.016	62
233.504	234.048	54
233.504	234.048	69
233.76	234.176	57
234.016	234.528	67
234.016	234.592	52
234.016	234.592	62
234.24	234.56	59
234.496	234.976	45
234.496	235.008	64
234.496	235.04	61
234.752	235.04	57
235.008	235.488	66
235.008	235.552	50
235.008	235.552	62
235.264	235.552	69
235.52	235.776	86
235.52	235.808	71
235.52	235.808	74
235.776	236.032	73
235.776	236.064	70
236.032	236.128	86
236.032	236.16	71
236.032	236.288	74
236.288	236.48	83
236.288	236.576	71
236.288	236.8	67
236.512	236.96	66
236.512	237.056	69
236.768	237.088	62
237.024	237.12	64
237.024	237.472	79
237.024	237.568	67
237.248	237.536	59
237.536	237.856	76
237.536	238.016	64
237.536	238.048	61
237.76	238.08	57
238.016	238.56	62
238.048	238.144	74
238.048	238.464	66
238.272	238.528	69
238.528	239.008	59
238.528	239.04	69
238.528	239.488	43
238.784	239.04	67
239.008	239.52	55
239.008	239.552	64
239.264	239.552	61
239.52	240.064	54
239.52	240.064	62
239.52	240.32	50
239.776	240.032	69
240.0	240.512	59
240.032	240.512	69
240.256	240.544	67
240.512	241.088	55
240.512	241.088	64
240.768	241.088	61
241.056	241.536	62
241.056	241.6	54
241.056	241.632	50
241.28	241.6	61
241.536	241.856	62
241.792	242.08	64
242.048	242.336	66
242.304	242.656	67
242.592	242.912	69
242.592	242.944	66
242.592	244.0	35
242.592	244.064	47
242.88	243.392	59
243.136	243.744	66
243.136	244.096	63
243.392	243.904	59
243.648	244.16	67
243.68	243.808	64
243.904	244.416	59
244.192	244.608	66
244.192	244.64	69
244.416	244.768	59
244.704	245.056	63
244.704	245.12	66
244.928	245.216	59
245.184	245.472	81
245.184	245.664	67
245.408	245.76	59
245.44	245.664	79
245.696	246.144	78
245.728	245.888	66
245.728	246.016	69
245.92	246.272	59
246.176	246.4	81
246.176	246.56	66
246.176	246.624	63
246.4	246.688	59
246.432	246.72	79
246.688	246.912	59
246.688	247.104	78
246.688	247.168	67
246.912	247.232	59
246.944	247.104	76
247.2	247.712	66
247.2	247.744	69
247.2	247.744	75
247.712	247.968	47
247.712	247.968	59
247.712	247.968	71
247.712	247.968	83
247.968	248.16	45
247.968	248.224	57
247.968	248.224	69
247.968	248.224	81
248.192	248.48	43
248.192	248.48	67
248.192	248.48	79
248.448	248.672	66
248.448	248.704	54
248.448	248.704	78
248.704	249.024	52
248.704	249.056	76
248.704	249.088	40
249.024	249.12	52
249.216	249.76	52
249.216	249.76	76
249.216	250.272	40
249.728	250.048	59
249.728	250.272	83
249.728	250.304	71
249.728	250.464	47
249.76	250.272	52
250.272	250.56	64
250.272	250.624	59
250.272	250.784	40
250.272	250.784	52
250.272	250.784	76
250.752	251.008	59
250.752	251.008	71
250.752	251.04	47
250.752	251.04	83
251.008	251.264	45
251.008	251.264	69
251.008	251.264	81
251.008	251.296	57
251.232	251.52	43
251.232	251.52	67
251.232	251.52	79
251.488	251.68	66
251.488	251.776	54
251.488	251.776	78
251.52	251.744	42
251.744	252.096	52
251.744	252.128	76
251.744	252.16	40
252.096	252.16	52
252.288	252.416	64
252.288	252.8	52
252.288	252.832	76
252.288	253.312	40
252.8	252.992	59
252.8	253.184	80
252.8	253.312	52
252.8	253.312	83
252.8	253.536	47
252.8	253.6	71
253.312	253.632	59
253.312	253.824	76
253.312	253.856	40
253.312	253.856	52
253.824	253.952	76
254.112	254.368	74
254.368	254.592	76
254.592	254.784	77
254.88	255.36	79
254.88	255.936	60
255.168	255.328	64
255.36	256.032	79
255.392	255.936	67
255.616	255.936	64
255.904	256.352	65
255.904	256.448	59
256.128	256.448	79
256.224	256.448	62
256.416	256.928	84
256.416	257.408	60
256.704	256.928	64
256.928	257.44	67
256.928	257.44	79
257.12	257.44	64
257.408	257.888	65
257.408	257.952	59
257.696	257.952	62
257.92	258.4	79
257.92	258.944	60
258.176	258.656	64
258.4	259.168	79
258.4	259.232	67
258.656	258.944	64
258.912	259.328	65
258.912	259.456	59
259.168	259.52	79
259.2	259.488	62
259.424	259.936	84
259.424	260.384	60
259.712	260.128	64
259.904	260.8	79
259.904	260.96	67
260.128	260.64	64
260.384	260.928	60
260.64	260.96	64
260.8	260.992	79
260.928	262.016	88
260.928	262.432	58
261.184	261.952	60
261.44	261.92	64
261.44	262.304	79
261.696	262.464	67
261.92	262.4	64
262.176	262.464	60
262.304	262.496	79
262.432	263.392	88
262.432	263.456	57
262.688	263.68	61
262.944	263.424	64
262.944	263.744	79
263.2	263.68	67
263.424	263.968	64
263.68	263.968	61
263.808	263.936	79
263.936	264.192	79
263.936	264.96	57
263.936	264.96	62
264.16	264.448	77
264.416	264.672	76
264.64	264.96	77
264.928	265.024	64
264.928	265.184	76
264.928	265.44	56
265.152	265.408	74
265.152	265.44	65
265.408	265.536	64
265.408	265.696	73
265.408	265.984	57
265.664	265.952	80
265.92	266.176	81
266.144	266.432	80
266.4	266.688	81
266.656	266.912	76
266.912	267.072	68
266.912	267.168	79
266.912	268.416	58
266.912	268.416	62
267.136	267.456	77
267.392	267.68	76
267.616	268.16	77
267.872	268.16	76
268.128	268.384	74
268.384	268.896	81
268.384	268.928	61
268.384	268.928	69
268.384	268.96	57
268.608	268.896	80
268.896	269.152	81
269.12	269.376	76
269.344	269.632	77
269.344	269.856	57
269.344	269.856	65
269.344	269.888	62
269.6	269.888	74
269.856	270.144	69
269.856	270.336	64
269.856	270.368	61
269.856	270.368	81
269.856	270.4	57
270.112	270.368	80
270.368	270.624	81
270.592	270.848	76
270.848	271.136	77
270.848	271.296	65
270.848	271.328	57
270.848	271.36	62
271.104	271.36	74
271.328	271.488	69
271.328	271.872	57
271.328	271.872	61
271.328	271.872	64
271.584	271.904	68
271.84	272.096	69
272.064	272.384	68
272.352	272.64	69
272.608	272.896	68
272.864	273.664	50
272.896	273.376	69
272.896	273.44	66
272.896	274.944	38
273.152	273.664	57
273.44	273.952	66
273.44	274.72	62
273.664	274.176	50
273.664	274.176	57
273.92	274.464	67
273.952	274.208	64
274.176	274.944	57
274.176	275.008	50
274.464	274.912	66
274.464	275.008	69
274.72	275.072	62
274.976	275.328	74
275.008	275.392	71
275.232	275.456	73
275.296	275.52	69
275.488	275.808	71
275.488	275.872	67
275.712	276.0	69
275.776	275.968	66
275.968	276.544	47
275.968	276.544	67
276.224	276.544	62
276.48	276.8	66
276.48	277.024	45
276.48	277.024	69
276.704	277.216	62
276.992	277.536	43
276.992	277.536	67
276.992	277.536	71
277.216	277.76	62
277.472	278.048	50
277.504	277.952	66
277.504	277.984	69
277.76	278.56	62
278.016	278.336	86
278.016	278.432	74
278.272	278.464	73
278.272	278.56	85
278.496	278.784	83
278.496	278.816	71
278.496	278.88	67
278.784	278.976	66
278.784	279.008	81
278.784	279.04	69
279.008	279.136	79
279.008	279.552	67
279.296	279.552	62
279.52	279.776	66
279.52	279.968	69
279.52	279.968	81
279.744	280.096	62
280.032	280.576	67
280.032	280.576	71
280.032	280.576	83
280.256	280.64	62
280.544	280.928	66
280.544	280.992	69
280.544	280.992	81
280.8	281.152	62
281.056	281.376	71
281.056	281.44	67
281.312	281.568	69
281.344	281.568	66
281.536	281.824	67
281.568	281.696	64
281.792	282.048	66
281.824	282.08	62
282.048	282.4	61
282.048	282.496	64
282.048	282.592	45
282.304	282.816	57
282.56	283.04	42
282.56	283.072	62
282.56	283.36	69
282.816	283.328	57
283.072	283.552	50
283.072	283.584	66
283.072	283.616	38
283.072	283.648	62
283.328	283.68	57
283.584	284.0	64
283.584	284.064	61
283.584	284.128	45
283.84	284.128	57
284.096	284.384	83
284.096	284.416	71
284.096	284.512	67
284.352	284.576	66
284.352	284.608	69
284.352	284.608	81
284.576	284.864	79
284.576	285.056	67
284.832	285.056	78
284.832	285.088	66
284.928	285.12	62
285.024	285.12	80
285.088	285.504	64
285.088	285.536	61
285.088	285.536	81
285.344	285.632	57
285.536	285.6	80
285.6	286.048	69
285.6	286.08	66
285.6	286.08	81
285.824	286.208	57
286.08	286.592	81
286.08	286.624	66
286.112	286.624	62
286.336	286.624	57
286.528	286.592	80
286.592	287.136	61
286.592	287.136	64
286.592	287.136	81
286.848	287.136	69
287.104	287.392	59
287.104	287.392	74
287.104	287.84	62
287.36	287.616	58
287.36	287.616	73
287.584	287.872	74
287.584	287.904	59
287.84	288.128	55
287.84	288.128	71
287.84	288.608	62
288.096	288.352	69
288.096	288.64	54
288.352	288.64	57
288.352	288.64	69
288.608	289.12	67
288.608	289.152	62
288.608	289.184	52
288.832	289.152	59
289.088	289.568	45
289.088	289.632	61
289.088	289.632	64
289.344	289.632	57
289.6	290.08	66
289.6	290.112	50
289.6	290.144	62
289.856	290.144	69
290.112	290.368	71
290.112	290.4	74
290.112	290.4	86
290.368	290.624	73
290.368	290.688	70
290.592	290.72	71
290.592	290.88	74
290.624	290.72	86
290.88	290.976	83
290.88	291.136	71
290.88	291.296	67
291.104	291.552	66
291.104	291.648	69
291.36	291.68	62
291.616	291.872	64
291.616	292.064	79
291.616	292.128	67
291.84	292.128	59
292.128	292.608	64
292.128	292.64	61
292.352	292.672	57
292.608	293.056	66
292.608	293.152	62
292.64	292.768	74
292.864	293.12	69
293.12	293.6	59
293.12	293.632	69
293.12	294.08	43
293.376	293.632	67
293.6	294.144	55
293.6	294.144	64
293.856	294.144	61
294.112	294.624	62
294.112	294.656	54
294.112	294.88	50
294.368	294.592	69
294.592	295.104	69
294.592	295.136	59
294.848	295.136	67
295.104	295.296	64
295.104	295.68	55
295.36	295.68	61
295.648	296.544	62
295.648	296.608	50
295.648	296.608	54
296.224	296.576	38
297.472	298.592	61
297.568	297.632	64
297.632	298.56	64
297.632	298.592	45
297.632	298.848	69
297.632	299.072	57
298.56	299.104	64
298.56	299.2	40
298.56	299.296	52
299.008	299.552	49
299.04	299.424	73
299.04	299.456	61
299.264	299.456	74
299.392	299.552	71
299.52	299.808	69
299.52	299.84	57
300.48	300.736	73
300.704	300.896	74
300.832	300.96	71
300.992	301.344	69
301.472	301.536	85
301.472	301.76	66
301.472	301.792	57
301.92	302.432	59
301.92	302.432	69
301.92	302.432	75
302.4	303.136	76
302.4	303.2	68
302.4	303.232	64
303.104	303.328	77
303.36	303.584	80
303.552	303.84	78
303.808	304.064	76
304.032	304.256	74
304.288	304.448	73
304.512	304.8	71
304.768	305.024	69
304.768	305.184	52
304.992	305.248	68
305.216	305.6	76
305.44	305.664	74
305.632	306.08	59
306.144	306.432	71
306.144	306.528	52
306.4	306.656	61
306.4	306.656	69
306.624	307.04	78
306.656	307.04	57
306.784	307.072	61
306.848	307.072	76
307.232	307.52	57
307.232	307.584	61
307.552	308.0	50
307.552	308.0	76
307.808	308.032	74
307.808	308.096	59
308.0	308.448	79
308.192	308.512	59
308.256	308.512	78
308.448	308.864	54
308.64	308.896	59
308.96	309.44	50
308.96	309.44	66
309.408	309.664	76
309.664	309.856	74
309.888	310.08	73
310.112	310.368	71
310.368	310.624	69
310.368	310.848	52
310.368	310.848	62
310.592	310.848	68
310.816	311.296	61
310.816	311.328	69
311.584	311.712	71
311.616	311.808	76
311.68	311.808	80
311.776	312.224	52
311.776	312.256	83
312.0	312.48	56
312.224	312.672	52
312.224	312.736	59
312.48	312.736	56
312.704	312.96	54
312.928	313.184	52
313.152	313.312	83
313.152	313.568	51
313.28	313.568	81
313.312	313.344	52
313.408	313.6	52
313.408	313.6	80
313.504	313.632	78
313.6	314.112	54
313.632	313.984	78
313.728	314.016	76
313.856	314.08	75
313.856	314.112	47
313.984	314.112	73
314.08	314.368	71
314.08	314.4	49
314.208	314.432	69
314.336	314.56	68
314.336	314.592	51
314.432	314.592	69
314.56	314.944	52
314.56	315.072	68
314.688	314.976	71
314.784	315.04	76
314.784	315.072	56
314.912	315.072	80
315.04	315.2	83
315.04	315.264	59
315.264	315.488	56
315.488	315.744	54
315.712	315.968	52
315.936	316.096	83
315.936	316.352	51
316.064	316.352	81
316.16	316.384	80
316.192	316.352	52
316.288	316.384	78
316.384	316.672	78
316.384	316.896	54
316.512	316.8	76
316.64	316.864	47
316.64	316.896	75
316.768	316.896	73
316.864	317.12	71
316.864	317.248	49
316.992	317.216	69
317.088	317.344	68
317.088	317.376	51
317.216	317.376	69
317.344	317.664	68
317.344	317.792	52
317.472	317.728	71
317.568	317.728	69
317.664	317.824	68
317.792	317.92	69
317.92	318.176	71
318.016	318.176	73
318.144	318.4	75
318.24	318.592	76
318.368	318.656	78
318.464	318.656	80
318.592	318.752	81
318.72	318.848	83
318.816	319.072	85
318.944	319.168	87
319.04	319.2	88
319.168	319.296	87
319.264	319.552	85
319.392	319.552	83
319.488	319.648	81
319.616	319.904	80
319.712	320.0	78
319.84	320.032	76
319.968	320.096	75
320.096	320.224	73
320.096	320.544	57
320.096	320.544	66
320.416	320.544	85
320.544	320.608	66
320.544	320.992	68
320.544	321.056	76
320.544	321.088	59
320.96	321.088	80
321.056	321.632	75
321.056	321.632	78
321.152	321.472	69
321.6	322.144	68
321.6	322.144	76
322.112	322.688	52
323.104	323.68	64
323.2	323.68	76
323.648	324.0	66
323.648	324.128	78
324.0	324.096	66
324.064	324.672	67
324.128	324.672	79
324.64	325.024	54
324.64	325.12	71
324.864	325.408	61
325.088	325.184	70
325.184	325.44	66
325.184	325.568	70
325.376	325.568	64
325.632	325.824	62
325.792	326.08	61
325.92	326.432	70
326.048	326.464	73
326.048	326.624	54
326.304	326.72	62
326.528	327.008	71
326.56	326.88	66
326.72	327.008	62
326.976	327.264	61
327.2	327.456	59
327.328	327.68	71
327.424	327.872	54
327.456	327.936	74
327.68	328.416	58
327.936	328.352	64
327.936	328.416	73
328.128	328.416	61
328.384	328.64	59
328.608	328.896	58
328.736	328.896	73
328.864	329.088	59
328.864	329.28	76
329.088	329.312	74
329.088	329.76	59
329.312	329.824	77
329.536	329.824	76
329.792	330.176	79
330.016	330.304	77
330.272	330.752	69
330.272	331.04	52
330.464	331.04	59
330.72	331.168	68
330.816	330.88	64
331.008	331.232	62
331.2	331.52	60
331.424	331.712	59
331.552	332.096	68
331.68	332.224	71
331.68	332.512	52
331.904	332.32	60
332.16	332.352	64
332.16	332.608	69
332.32	332.64	60
332.608	332.928	59
332.864	333.344	57
332.928	333.12	69
333.056	333.568	52
333.056	333.6	72
333.312	333.568	56
333.536	334.336	71
333.568	333.952	62
333.76	334.432	59
334.016	334.432	57
334.24	334.528	56
334.336	334.528	71
334.496	334.816	74
334.496	335.424	57
334.688	335.008	72
334.944	335.424	71
335.168	335.456	69
335.424	335.648	81
335.424	335.872	55
335.424	335.904	43
335.648	335.904	81
335.872	336.064	83
335.872	336.704	53
335.872	336.864	41
336.096	336.512	81
336.352	336.608	79
336.576	336.864	77
336.8	337.088	76
337.056	338.272	75
337.312	337.792	57
337.312	338.24	81
337.312	338.272	84
337.312	338.784	54
337.568	337.856	56
337.792	338.528	57
338.016	338.24	60
338.272	338.784	59
338.272	338.816	75
338.528	338.816	57
338.752	339.2	56
338.752	339.2	76
338.752	339.232	52
339.456	339.584	78
339.552	339.648	76
339.68	339.808	76
339.808	339.936	74
339.936	340.064	73
340.032	340.192	71
340.16	341.28	61
340.256	341.248	64
340.288	341.28	69
340.288	341.312	57
340.32	341.28	45
341.248	341.792	64
341.248	342.048	40
341.248	342.112	52
341.696	342.144	73
341.696	342.24	49
341.696	342.24	61
341.952	342.144	74
342.048	342.24	71
342.208	342.432	57
342.208	342.496	69
342.432	342.496	57
343.168	343.424	73
343.392	343.584	74
343.52	343.648	71
343.648	344.064	69
344.16	344.192	85
344.16	344.448	57
344.16	344.448	66
344.608	345.12	59
344.608	345.12	69
344.608	345.12	75
345.088	345.792	76
345.088	345.856	68
345.088	345.888	64
345.76	345.984	77
346.016	346.272	80
346.24	346.496	78
346.496	346.72	76
346.72	346.976	74
346.944	347.136	73
347.168	347.456	71
347.424	347.712	69
347.424	347.84	52
347.68	347.936	68
347.904	348.256	76
348.128	348.32	74
348.32	348.768	59
348.832	349.088	71
348.832	349.184	52
349.056	349.312	61
349.056	349.312	69
349.28	349.696	78
349.472	349.728	61
349.504	349.76	76
349.824	350.176	57
349.888	350.24	61
350.208	350.528	71
350.208	350.72	52
350.4	350.72	61
350.464	350.72	69
350.688	351.072	81
350.912	351.104	79
350.912	351.2	61
351.168	351.584	57
351.328	351.648	61
351.616	351.904	79
351.616	352.128	50
351.872	352.128	78
352.096	352.352	76
352.32	352.544	74
352.576	352.768	73
352.8	353.056	71
353.056	353.376	49
353.184	353.28	78
353.216	353.312	76
353.28	353.376	74
353.376	353.472	78
353.376	353.568	50
353.536	354.08	61
353.536	354.08	69
353.536	354.528	52
354.048	354.432	59
354.048	354.528	68
354.4	354.528	69
354.432	354.528	73
354.496	355.456	57
354.528	354.592	73
354.528	354.976	76
354.752	355.2	61
354.976	355.488	64
354.976	355.744	76
355.2	355.488	61
355.456	355.744	59
355.68	355.968	57
355.904	356.288	56
355.904	356.288	76
356.032	356.288	74
356.128	356.256	57
356.128	356.288	73
356.256	356.512	57
356.256	356.672	71
356.384	356.576	59
356.48	356.768	69
356.608	356.8	68
356.608	356.864	52
356.736	356.864	66
356.832	356.992	64
356.832	357.184	54
356.96	357.152	62
357.056	357.28	61
357.056	357.312	56
357.152	357.312	62
357.28	357.536	61
357.28	357.728	57
357.408	357.568	64
357.536	357.792	61
357.536	357.792	69
357.664	357.792	73
357.76	358.016	64
357.76	358.24	76
357.984	358.24	61
358.208	358.496	59
358.464	358.688	88
358.464	358.752	57
358.688	358.944	56
358.688	358.944	88
358.784	358.944	86
358.912	359.168	85
358.912	359.264	57
359.008	359.136	83
359.136	359.392	83
359.136	359.584	59
359.232	359.616	81
359.36	359.584	80
359.36	359.616	52
359.488	359.648	78
359.584	359.744	76
359.584	360.0	54
359.712	359.936	74
359.84	359.936	56
359.84	359.968	73
359.936	360.096	74
359.936	360.128	56
360.064	360.544	57
360.096	360.32	73
360.192	360.48	76
360.288	360.48	74
360.416	360.704	73
360.544	360.768	74
360.544	360.896	54
360.544	360.928	57
360.64	360.928	76
360.768	361.088	78
360.864	361.024	80
360.992	361.152	81
360.992	361.248	54
360.992	361.376	57
360.992	361.44	50
361.088	361.376	83
361.216	361.376	85
361.312	361.504	86
361.44	361.696	88
361.44	361.856	49
361.44	361.856	52
361.44	361.952	57
361.568	361.824	86
361.664	361.92	85
361.792	361.952	83
361.888	362.272	81
362.016	362.272	80
362.112	362.336	78
362.24	362.368	76
362.336	362.72	74
362.464	362.656	73
362.56	362.752	71
362.688	362.816	69
362.816	362.944	80
362.816	363.2	59
362.816	363.264	50
362.88	363.008	78
362.944	363.168	80
363.008	363.136	78
363.072	363.296	76
363.136	363.328	78
363.168	363.296	80
363.264	363.36	81
363.328	363.904	69
363.36	363.424	52
363.36	364.0	61
363.424	364.48	52
363.776	363.936	73
363.872	364.448	71
363.872	364.48	68
363.968	364.448	62
364.448	365.056	61
364.448	365.056	69
364.448	365.632	57
365.024	365.696	45
