0.512	0.608	48
0.512	0.672	55
0.512	0.768	60
0.512	3.264	36
0.608	3.008	48
0.672	1.376	55
0.704	0.768	67
0.768	1.536	60
0.864	2.272	64
0.96	1.152	79
1.024	1.6	67
1.12	1.28	72
1.216	1.952	76
1.28	2.208	72
1.376	1.984	79
1.44	1.536	84
1.536	1.632	84
1.536	2.08	88
1.536	2.24	60
1.632	2.176	84
1.696	2.048	91
1.792	1.984	96
1.888	2.368	100
1.984	2.432	96
2.048	2.976	91
2.08	2.24	55
2.176	2.336	84
2.24	2.4	79
2.24	2.688	60
2.24	3.136	55
2.24	3.264	88
2.272	2.944	64
2.336	3.2	84
2.4	3.264	79
2.496	2.656	72
2.592	3.264	76
2.656	3.264	72
2.688	2.848	60
2.752	3.264	67
2.848	3.04	60
2.944	3.264	64
3.04	3.232	60
3.136	3.264	55
3.232	3.296	60
3.328	4.736	41
3.488	3.68	57
3.616	3.744	60
3.68	4.576	65
3.68	4.608	57
3.744	4.608	60
3.84	4.608	69
3.936	4.128	72
4.032	4.608	77
4.128	4.48	72
4.192	4.64	81
4.288	4.48	84
4.352	4.672	89
4.48	4.64	84
4.544	4.672	93
4.64	4.768	96
4.736	4.96	100
4.832	5.216	96
4.896	5.12	93
4.992	5.184	84
5.088	6.08	88
5.184	5.408	84
5.248	6.08	81
5.344	5.536	72
5.44	6.176	76
5.536	6.08	72
5.6	6.08	69
5.696	5.856	60
5.792	6.112	62
5.856	6.112	60
5.952	6.24	57
6.08	6.176	48
6.176	6.72	48
6.24	6.72	47
6.432	7.104	59
6.528	7.168	62
6.688	6.976	67
6.784	6.976	71
6.88	7.392	74
6.976	7.264	71
7.072	7.424	79
7.072	7.552	43
7.136	7.328	83
7.232	7.552	86
7.328	7.616	83
7.424	7.584	79
7.424	7.616	91
7.52	7.648	93
7.616	8.448	26
7.616	8.48	98
7.712	8.64	93
7.744	8.064	81
7.776	8.992	90
7.872	8.0	84
7.968	8.416	86
8.064	8.928	81
8.16	8.704	78
8.224	8.992	72
8.32	8.544	74
8.416	8.64	69
8.512	8.608	60
8.512	9.024	66
8.608	8.864	54
8.608	9.024	60
8.704	9.024	62
8.8	8.992	57
8.864	9.024	54
9.216	9.376	53
9.248	9.312	41
9.312	9.664	56
9.408	9.888	62
9.504	9.952	60
9.536	9.856	48
9.6	10.112	65
9.664	10.368	56
9.664	10.368	68
9.76	10.432	74
9.856	10.016	72
9.92	10.4	77
10.016	10.4	80
10.112	10.4	86
10.176	10.4	84
10.272	10.4	89
10.368	10.496	92
10.464	10.656	98
10.464	11.712	43
10.528	10.848	91
10.624	11.552	89
10.72	11.648	83
10.816	11.712	86
10.912	11.68	79
10.976	11.712	77
11.072	11.552	71
11.136	11.712	74
11.232	11.712	67
11.328	11.712	65
11.392	11.744	59
11.488	11.68	63
11.584	11.712	55
11.68	11.776	53
11.744	11.904	47
11.872	12.128	60
11.872	12.96	36
11.872	14.496	48
12.032	12.704	55
12.064	12.224	67
12.128	12.288	60
12.192	12.384	64
12.288	13.856	60
12.384	13.28	67
12.448	12.64	72
12.544	12.992	76
12.64	13.728	72
12.704	13.76	79
12.8	12.992	84
12.896	13.568	88
12.96	14.688	36
12.992	13.504	84
13.056	13.408	91
13.152	13.312	96
13.248	13.824	100
13.312	13.824	96
13.408	14.496	91
13.504	13.664	84
13.568	14.496	88
13.664	14.528	84
13.76	14.592	79
13.856	14.016	72
13.856	14.176	60
13.92	14.496	76
14.016	14.528	72
14.112	14.592	67
14.176	14.368	60
14.24	14.528	64
14.368	14.592	60
14.464	14.592	55
14.816	15.872	53
14.912	15.904	60
14.976	15.136	65
15.136	15.712	41
15.136	15.936	65
15.232	15.424	72
15.328	15.488	77
15.424	15.904	72
15.488	15.968	77
15.584	15.744	84
15.68	15.84	89
15.744	15.968	84
15.84	15.968	89
15.936	16.064	96
16.032	16.128	100
16.096	16.416	96
16.192	16.352	90
16.288	16.48	84
16.32	16.416	60
16.352	16.576	88
16.48	16.992	84
16.544	16.736	78
16.64	16.8	72
16.736	17.376	76
16.8	17.344	72
16.896	17.248	66
16.992	17.152	60
17.088	17.376	64
17.152	17.376	60
17.248	17.376	54
17.344	17.664	48
17.44	18.624	43
17.536	17.6	60
17.6	17.696	60
17.6	17.984	55
17.696	17.952	60
17.792	18.688	62
17.952	18.048	60
17.952	18.464	67
18.048	18.208	72
18.048	18.24	60
18.144	18.56	74
18.208	18.56	72
18.24	18.752	60
18.304	18.752	79
18.4	18.56	84
18.464	18.752	86
18.56	18.752	55
18.56	18.784	84
18.624	19.008	91
18.72	18.848	96
18.816	19.04	98
18.912	20.064	95
19.008	19.936	91
19.072	19.264	83
19.168	20.032	86
19.264	20.096	83
19.36	20.128	79
19.424	19.616	71
19.52	20.128	74
19.616	20.192	71
19.712	20.192	67
19.776	20.256	59
19.872	20.192	62
20.064	20.256	55
20.16	20.48	47
20.256	20.352	60
20.256	20.928	36
20.256	21.216	48
20.32	20.416	50
20.416	21.024	50
20.416	21.728	55
20.512	20.672	62
20.576	20.768	64
20.672	21.568	62
20.768	21.376	67
20.864	21.024	74
20.928	21.568	76
21.024	21.568	50
21.024	21.6	74
21.12	21.632	79
21.184	21.376	86
21.28	21.6	88
21.376	21.6	86
21.44	21.696	91
21.536	21.696	98
21.632	21.728	100
21.696	22.88	96
21.792	22.944	91
21.888	22.08	84
21.952	22.592	88
22.08	22.944	84
22.144	22.944	79
22.24	22.4	72
22.304	22.944	76
22.4	22.944	72
22.496	22.944	67
22.56	22.752	60
22.592	22.976	88
22.656	22.944	64
22.752	22.88	60
22.848	22.976	55
22.88	23.008	60
23.008	23.168	43
23.136	24.256	52
23.168	24.288	60
23.296	23.456	64
23.36	23.52	65
23.456	24.224	64
23.552	24.032	72
23.616	23.776	76
23.712	24.256	77
23.776	24.256	76
23.872	24.256	84
23.968	24.128	88
24.032	24.256	89
24.128	24.352	88
24.224	24.352	96
24.32	24.448	100
24.416	24.512	47
24.416	24.512	101
24.512	24.608	98
24.512	24.768	47
24.576	25.248	95
24.672	24.832	86
24.736	24.864	89
24.768	25.792	47
24.832	25.728	86
24.928	25.664	83
25.024	25.664	74
25.12	25.184	57
25.12	25.696	77
25.28	25.696	71
25.376	25.536	62
25.472	25.664	65
25.536	25.792	62
25.568	25.664	81
25.632	25.76	59
25.728	25.92	50
25.824	26.88	32
25.856	27.168	44
25.92	26.432	50
26.016	26.272	59
26.08	26.24	62
26.176	26.304	64
26.24	27.136	62
26.336	27.136	71
26.432	27.104	74
26.432	27.136	50
26.496	27.04	76
26.688	27.2	83
26.784	26.944	86
26.848	27.136	88
26.88	26.912	31
26.944	27.168	86
27.04	27.136	76
27.04	27.36	95
27.136	27.168	98
27.2	27.264	31
27.2	27.264	88
27.2	27.776	100
27.2	27.84	33
27.296	27.936	96
27.392	27.904	93
27.456	27.584	84
27.552	28.256	88
27.648	27.936	84
27.712	27.936	81
27.808	28.0	72
27.904	28.256	48
27.904	28.384	76
27.904	28.64	43
27.936	27.968	36
28.0	28.48	72
28.064	28.448	69
28.16	28.576	60
28.256	28.64	64
28.416	28.64	57
28.448	28.64	69
28.608	29.12	41
28.768	29.888	57
28.8	28.992	69
28.928	29.888	64
29.12	29.888	69
29.12	29.952	60
29.216	29.376	72
29.28	29.376	76
29.376	29.888	72
29.376	29.888	76
29.472	29.888	81
29.568	29.728	84
29.632	29.92	88
29.728	29.92	84
29.824	29.92	93
29.888	30.016	96
29.984	30.112	99
30.08	30.208	41
30.08	30.208	95
30.176	30.368	93
30.208	30.592	41
30.272	30.432	83
30.336	30.56	87
30.432	30.72	83
30.528	30.72	81
30.592	30.688	41
30.624	30.784	71
30.688	30.784	41
30.688	31.2	75
30.784	31.264	71
30.784	31.36	41
30.88	31.296	69
30.944	31.424	59
31.04	31.136	63
31.136	31.296	63
31.232	31.584	57
31.328	32.192	47
31.424	32.576	28
31.424	32.8	40
31.584	31.936	57
31.68	31.872	59
31.744	32.704	64
31.872	32.832	59
31.936	32.704	57
31.968	32.0	69
32.032	32.192	71
32.096	32.736	76
32.192	32.384	71
32.288	32.608	81
32.384	32.544	83
32.384	32.672	71
32.448	32.768	88
32.544	32.832	83
32.608	32.832	81
32.704	32.832	95
32.8	32.896	40
32.8	33.312	100
32.896	33.184	95
32.896	34.176	40
32.992	33.184	92
33.056	33.248	83
33.152	33.6	88
33.248	33.696	83
33.344	33.888	80
33.408	33.6	71
33.504	33.792	76
33.6	34.144	71
33.664	34.144	68
33.76	33.92	59
33.856	34.144	64
33.92	34.144	59
34.048	34.144	56
34.208	34.336	66
34.304	35.52	52
34.368	34.784	57
34.4	34.624	69
34.464	35.232	61
34.56	35.52	67
34.624	35.52	64
34.72	35.488	69
34.784	35.52	57
34.848	35.52	73
34.912	35.552	79
35.008	35.488	76
35.072	35.424	81
35.168	35.616	85
35.232	35.584	91
35.424	35.616	81
35.488	35.648	76
35.584	36.128	38
35.584	36.128	50
35.584	36.128	91
35.712	36.288	84
35.744	36.032	81
35.84	36.128	76
35.936	36.416	79
36.032	36.256	72
36.128	36.32	38
36.128	36.768	50
36.128	36.832	69
36.192	36.864	64
36.288	36.864	67
36.32	37.024	38
36.384	36.736	60
36.48	36.8	57
36.544	36.928	52
36.64	36.896	66
36.736	36.928	60
36.8	36.96	57
36.832	36.96	69
36.864	37.024	50
36.992	37.152	43
37.088	37.152	50
37.152	38.336	50
37.152	39.776	43
37.184	38.304	55
37.248	37.408	60
37.312	37.632	65
37.44	37.952	62
37.504	38.016	67
37.6	37.792	72
37.664	38.208	77
37.76	38.304	74
37.856	38.304	79
37.952	38.304	84
37.952	38.304	88
38.016	38.272	89
38.112	38.304	86
38.176	38.336	91
38.272	38.4	96
38.336	39.648	101
38.432	39.68	95
38.528	39.68	91
38.624	39.68	86
38.688	39.68	89
38.784	39.712	83
38.88	39.68	79
38.976	39.712	74
39.04	39.68	77
39.136	39.68	71
39.232	39.712	67
39.328	39.744	62
39.392	39.712	65
39.488	39.648	59
39.552	39.712	55
39.648	40.224	50
39.744	39.808	60
39.744	40.8	36
39.744	40.992	48
39.904	40.128	55
40.0	41.056	58
40.096	41.056	64
40.192	40.704	60
40.256	40.8	67
40.352	40.448	70
40.416	40.512	76
40.448	41.056	70
40.512	41.056	72
40.512	41.056	76
40.608	41.088	79
40.704	40.96	82
40.768	41.056	88
40.864	41.088	84
40.928	41.088	91
41.024	41.12	96
41.12	41.184	42
41.12	41.792	99
41.216	42.4	94
41.28	41.472	87
41.408	41.472	96
41.408	41.504	84
41.472	41.504	75
41.472	42.432	87
41.568	41.632	82
41.632	41.824	75
41.728	41.856	72
41.824	42.176	75
41.92	42.208	70
41.984	42.112	63
42.08	42.464	60
42.176	42.432	63
42.176	42.432	75
42.272	42.432	58
42.336	42.56	51
42.496	42.976	41
42.688	43.84	51
42.784	43.84	57
42.848	43.04	63
42.976	43.808	60
43.04	43.744	63
43.136	43.36	69
43.2	43.392	75
43.296	43.584	72
43.392	43.584	75
43.456	43.744	81
43.552	43.712	87
43.584	43.776	75
43.648	43.84	84
43.712	43.872	87
43.808	43.936	93
43.904	44.288	99
43.904	44.512	47
44.0	44.512	92
44.064	44.256	87
44.16	44.384	83
44.256	44.8	87
44.32	44.48	80
44.416	44.576	75
44.512	44.8	71
44.512	45.216	47
44.576	44.704	39
44.576	44.832	75
44.672	45.024	68
44.768	44.864	63
44.864	44.928	63
44.864	45.056	59
44.928	45.184	63
45.024	45.152	56
45.12	45.28	51
45.216	45.472	47
45.472	45.664	53
45.568	45.792	56
45.632	46.624	62
45.728	46.336	58
45.76	45.824	46
45.824	46.592	65
45.92	46.56	56
45.92	46.592	68
46.016	46.208	74
46.112	46.272	70
46.176	46.624	77
46.24	46.624	80
46.336	46.592	86
46.432	46.592	82
46.528	46.592	89
46.592	46.72	92
46.688	46.784	46
46.688	46.816	64
46.688	47.008	58
46.688	47.808	98
46.784	47.072	92
46.784	47.232	46
46.848	47.456	88
46.976	47.104	82
47.04	47.936	86
47.136	47.328	80
47.232	48.032	76
47.296	47.584	70
47.392	47.648	58
47.392	47.84	74
47.488	47.68	68
47.552	48.064	64
47.648	48.032	58
47.744	48.032	62
47.84	48.032	56
47.904	48.096	52
48.096	48.512	33
48.256	48.512	52
48.352	48.576	69
48.352	48.704	57
48.448	49.216	61
48.512	50.688	52
48.608	49.664	64
48.704	48.864	69
48.704	50.336	57
48.768	49.504	73
48.864	49.44	69
48.96	49.824	76
49.056	49.216	81
49.12	49.504	85
49.216	49.6	81
49.216	50.432	61
49.28	49.632	88
49.376	49.504	93
49.472	49.728	97
49.504	49.824	85
49.568	50.24	93
49.6	49.728	81
49.632	50.752	88
49.728	49.888	81
49.824	49.984	76
49.824	50.784	85
49.888	50.752	81
49.984	50.72	76
50.08	50.24	69
50.176	50.72	73
50.24	50.432	69
50.336	50.784	64
50.432	50.592	57
50.432	50.592	69
50.496	50.784	61
50.592	50.848	69
50.592	50.976	57
50.688	50.912	52
50.784	50.912	45
50.88	52.256	38
51.04	52.096	50
51.136	51.776	54
51.232	51.616	60
51.296	52.0	57
51.392	52.128	62
51.488	52.128	66
51.552	51.648	72
51.616	52.16	60
51.648	52.128	69
51.744	52.192	74
51.808	52.256	78
51.904	52.128	84
52.0	52.224	81
52.096	52.224	86
52.096	52.288	50
52.192	52.288	90
52.256	52.352	43
52.256	52.384	96
52.256	53.44	31
52.288	52.352	55
52.352	52.864	89
52.352	55.104	43
52.416	52.736	86
52.512	52.736	79
52.608	52.832	84
52.704	53.536	77
52.8	53.28	74
52.864	53.184	67
52.96	53.184	72
53.056	53.184	65
53.152	53.408	62
53.312	53.6	59
53.408	53.568	53
53.472	53.632	50
53.664	54.912	36
53.92	54.944	52
54.016	54.688	59
54.112	54.912	55
54.176	54.944	60
54.272	54.944	64
54.368	55.04	71
54.432	55.008	67
54.528	55.04	72
54.624	55.008	76
54.688	55.008	83
54.784	55.072	79
54.88	55.104	84
54.976	55.136	88
55.04	55.616	41
55.136	55.968	88
55.232	55.712	84
55.328	56.128	77
55.392	55.68	83
55.488	56.032	76
55.584	56.0	72
55.616	56.032	41
55.648	56.0	65
55.744	56.224	71
55.84	56.384	64
55.936	56.128	60
56.032	56.096	53
56.032	56.384	41
56.096	56.384	57
56.096	56.384	69
56.192	56.384	52
56.32	56.576	48
56.448	56.48	33
56.64	56.992	59
56.64	57.696	47
56.704	57.696	50
56.8	57.504	57
56.896	57.664	53
56.992	57.728	59
57.056	57.728	62
57.152	57.632	69
57.248	57.664	65
57.312	57.696	71
57.408	57.76	74
57.472	57.728	81
57.568	57.728	77
57.664	57.856	83
57.76	57.952	86
57.856	58.112	84
57.856	58.112	91
57.856	59.264	40
57.952	58.56	86
58.016	58.496	83
58.112	58.4	76
58.176	58.56	79
58.272	58.432	74
58.368	58.592	71
58.432	58.592	64
58.528	59.104	69
58.656	58.752	72
58.72	59.264	79
58.784	59.168	76
58.88	59.168	81
58.976	59.36	84
59.04	59.264	91
59.136	59.36	88
59.232	59.52	89
59.36	59.68	84
59.424	59.712	81
59.52	59.616	76
59.52	59.648	74
59.584	59.808	77
59.68	59.808	72
59.744	59.936	69
59.84	60.288	62
59.936	60.384	67
59.936	60.544	43
60.032	60.384	71
60.096	60.384	77
60.192	60.448	74
60.288	60.608	79
60.384	60.608	83
60.448	60.64	89
60.544	60.64	86
60.544	61.248	43
60.64	60.96	76
60.64	61.024	48
60.64	61.216	88
60.64	61.28	36
60.736	61.248	83
60.832	61.024	79
60.896	61.248	72
60.96	61.344	76
61.056	61.28	71
61.152	61.312	67
61.248	61.344	60
61.344	61.44	41
61.344	61.984	65
61.44	61.888	69
61.44	62.976	41
61.504	62.08	76
61.568	61.92	72
61.664	61.984	77
61.76	61.984	81
61.856	62.016	88
61.952	62.08	84
62.048	62.464	86
62.048	62.976	47
62.112	62.624	81
62.208	62.976	77
62.304	62.592	71
62.368	63.36	74
62.464	62.944	69
62.528	62.912	65
62.624	63.424	59
62.72	63.328	62
62.816	63.296	57
62.88	63.2	53
62.976	63.424	47
63.424	64.032	59
63.424	64.192	87
63.424	64.384	47
63.488	64.128	81
63.584	64.096	78
63.68	63.776	71
63.744	64.512	75
63.84	64.512	69
63.936	64.32	66
64.032	64.736	59
64.096	64.768	63
64.192	64.608	57
64.288	64.768	54
64.384	64.736	47
64.64	64.8	66
64.832	64.864	32
64.992	65.024	64
64.992	65.248	40
64.992	65.344	52
65.088	65.696	56
65.152	65.312	64
65.248	65.344	40
65.248	66.208	59
65.312	66.048	64
65.344	66.368	40
65.344	66.656	52
65.408	66.304	68
65.504	65.664	76
65.6	66.272	71
65.664	66.72	76
65.76	66.304	80
65.856	66.016	88
65.952	66.464	83
66.016	66.208	88
66.048	66.912	64
66.112	66.272	92
66.208	66.304	100
66.208	66.368	88
66.208	66.4	59
66.272	66.752	92
66.368	66.528	88
66.368	67.264	40
66.464	66.72	83
66.528	66.976	88
66.624	66.944	80
66.72	66.88	76
66.816	66.944	59
66.816	67.008	71
66.88	67.104	76
66.976	67.136	68
67.072	67.232	64
67.168	67.392	59
67.232	67.52	38
67.264	67.392	65
67.424	67.552	55
67.424	67.552	67
67.52	67.584	62
67.52	68.064	38
67.52	68.288	50
67.776	68.928	55
67.936	68.16	64
68.128	69.024	67
68.288	68.384	72
68.288	69.056	76
68.384	69.088	72
68.48	69.504	79
68.576	68.704	84
68.608	68.992	88
68.704	69.248	84
68.8	69.152	91
68.896	69.472	96
68.992	69.024	100
68.992	69.312	88
69.056	70.368	48
69.152	70.336	91
69.248	69.44	84
69.312	70.368	88
69.44	70.336	84
69.504	70.368	79
69.6	69.76	72
69.664	70.336	76
69.76	70.336	72
69.856	70.336	67
69.952	70.112	60
70.016	70.368	64
70.112	70.368	60
70.208	70.368	55
70.4	71.808	41
70.592	71.424	57
70.688	71.616	60
70.752	71.68	65
70.944	71.584	69
71.008	71.52	72
71.104	71.712	77
71.296	71.712	81
71.392	71.456	84
71.456	71.552	84
71.456	71.712	89
71.552	71.712	84
71.648	71.744	93
71.712	71.872	96
71.84	72.032	100
71.84	72.448	42
71.872	72.192	30
72.0	72.16	93
72.096	72.256	84
72.16	73.184	88
72.256	72.512	84
72.352	73.184	81
72.448	72.608	72
72.512	72.608	76
72.608	73.184	72
72.608	73.28	76
72.704	72.736	60
72.704	73.056	69
72.8	73.216	60
72.864	73.184	62
73.056	73.248	69
73.056	73.312	57
73.152	73.92	48
73.344	73.792	47
73.44	73.984	55
73.6	74.304	62
73.696	74.688	59
73.76	74.272	67
73.856	74.24	71
73.952	74.688	74
74.144	74.656	43
74.144	74.72	79
74.24	74.432	83
74.24	74.496	71
74.336	74.592	38
74.336	74.688	86
74.432	74.752	83
74.496	74.688	91
74.592	74.784	93
74.72	75.616	98
74.784	75.648	93
74.88	75.712	90
74.976	75.072	84
75.072	75.584	86
75.104	76.16	38
75.136	76.096	81
75.232	75.872	78
75.328	76.096	72
75.424	75.712	74
75.52	75.808	69
75.584	76.32	66
75.616	75.68	60
75.68	76.128	60
75.776	76.288	62
75.872	76.128	57
75.968	76.16	54
76.16	76.64	43
76.192	76.448	60
76.32	76.416	41
76.32	76.512	53
76.384	77.408	56
76.512	77.216	62
76.576	76.864	60
76.672	77.184	65
76.768	77.472	68
76.832	77.504	74
76.928	77.408	72
77.024	77.536	77
77.088	77.472	80
77.184	77.472	86
77.28	77.472	84
77.344	77.472	89
77.44	77.6	92
77.536	77.728	98
77.632	77.92	91
77.696	78.304	89
77.792	78.784	83
77.888	78.72	86
77.984	78.752	79
78.048	78.848	77
78.144	78.624	71
78.24	78.88	74
78.336	78.848	67
78.4	78.784	65
78.496	78.88	59
78.592	78.784	63
78.688	78.88	55
78.752	78.88	53
78.848	78.976	47
78.944	79.04	48
78.944	79.136	60
79.04	79.584	48
79.104	79.648	55
79.2	79.392	60
79.296	79.808	64
79.392	79.552	60
79.456	81.056	67
79.552	79.744	72
79.552	80.672	60
79.616	80.416	76
79.648	81.696	48
79.712	80.064	36
79.744	80.832	72
79.808	80.672	79
79.904	80.064	84
79.968	80.64	88
80.064	80.576	84
80.064	81.76	36
80.128	80.48	91
80.224	80.416	96
80.32	80.416	100
80.416	81.44	96
80.48	81.6	91
80.576	80.768	84
80.64	81.664	88
80.672	80.832	79
80.672	80.928	60
80.768	81.664	84
80.832	81.6	79
80.928	81.024	72
80.928	81.28	60
81.024	81.088	72
81.024	81.6	76
81.056	81.184	67
81.088	81.632	72
81.184	81.664	67
81.28	81.44	60
81.376	81.664	64
81.44	81.664	60
81.536	81.664	55
81.888	82.944	53
81.984	82.176	60
82.08	82.24	65
82.176	82.528	60
82.24	83.008	65
82.336	82.496	72
82.4	82.592	77
82.496	82.944	72
82.528	83.008	60
82.592	83.072	77
82.688	82.848	84
82.752	82.944	89
82.848	83.008	84
82.944	83.04	89
83.008	83.136	96
83.104	83.232	100
83.2	83.52	96
83.296	83.488	90
83.36	83.552	84
83.456	83.648	88
83.552	83.744	84
83.648	83.776	78
83.712	83.904	72
83.808	84.128	75
83.904	84.192	72
83.968	84.192	66
84.064	84.384	60
84.16	84.48	63
84.352	84.736	54
84.704	84.96	60
84.704	85.216	43
84.864	85.184	62
84.96	85.152	60
85.024	85.504	67
85.152	85.312	60
85.152	85.312	72
85.216	85.504	74
85.312	85.504	72
85.312	85.856	60
85.408	85.76	43
85.408	85.856	79
85.504	85.664	84
85.568	85.856	86
85.664	85.92	84
85.728	85.856	91
85.76	85.984	43
85.824	85.952	96
85.92	86.496	98
86.016	86.464	95
86.08	86.784	91
86.176	86.368	83
86.272	86.848	86
86.368	87.104	83
86.464	87.168	79
86.528	86.72	71
86.56	87.2	43
86.624	87.04	74
86.72	87.2	71
86.784	87.296	67
86.88	87.072	59
86.976	87.296	62
87.072	87.328	59
87.136	87.328	55
87.232	87.488	47
87.328	88.16	42
87.424	87.616	60
87.52	88.608	57
87.584	87.744	50
87.616	87.744	60
87.68	88.416	62
87.744	88.608	50
87.744	88.64	60
87.84	88.64	69
87.936	88.096	72
88.032	88.576	74
88.096	88.608	72
88.192	88.608	81
88.288	88.448	84
88.384	88.576	86
88.448	88.64	84
88.544	88.64	93
88.64	88.768	96
88.736	88.864	99
88.736	89.28	29
88.736	89.504	41
88.832	88.928	96
88.896	89.024	93
88.992	89.152	84
89.056	89.28	87
89.152	89.376	84
89.248	89.376	81
89.312	89.44	72
89.408	89.792	75
89.504	89.952	71
89.504	90.048	41
89.6	89.952	69
89.664	89.76	59
89.76	89.856	59
89.76	90.048	63
89.856	90.336	59
89.952	90.048	69
89.952	90.464	57
90.016	90.112	44
90.048	90.656	47
90.112	90.464	40
90.112	91.488	52
90.272	90.816	56
90.4	90.528	59
90.464	90.528	40
90.464	91.392	64
90.528	91.328	40
90.528	91.424	59
90.624	91.264	68
90.72	91.392	71
90.816	91.552	76
90.976	91.328	80
91.072	91.232	83
91.136	91.488	88
91.232	91.616	83
91.328	91.488	40
91.328	91.52	80
91.328	91.68	92
91.392	91.52	95
91.488	91.584	40
91.488	91.584	88
91.488	91.744	100
91.488	92.288	52
91.584	91.68	95
91.584	91.84	88
91.584	92.032	40
91.68	92.128	92
91.744	91.936	83
91.84	92.288	88
91.936	92.352	83
92.032	92.192	40
92.032	92.448	80
92.096	92.288	71
92.192	92.352	40
92.192	92.512	76
92.288	92.48	52
92.288	92.832	71
92.352	92.8	68
92.352	92.832	40
92.448	92.608	59
92.544	92.832	64
92.608	92.832	59
92.704	92.832	56
92.896	93.408	38
92.992	94.208	50
93.056	93.504	57
93.152	93.28	60
93.248	93.888	65
93.344	94.112	62
93.408	93.664	38
93.408	94.176	69
93.504	93.984	72
93.568	94.208	77
93.664	93.92	38
93.664	93.92	74
93.76	94.176	81
93.856	94.176	84
93.92	94.208	89
93.92	94.304	38
94.016	94.176	86
94.08	94.208	93
94.176	94.304	96
94.272	94.4	101
94.272	94.784	43
94.368	94.624	95
94.432	95.424	91
94.528	94.688	86
94.624	95.424	89
94.688	95.52	86
94.784	95.488	43
94.784	95.552	79
94.88	95.584	74
94.944	95.68	77
95.04	95.424	71
95.136	95.584	67
95.232	95.488	62
95.296	95.488	65
95.392	95.52	59
95.488	95.552	55
95.488	96.032	43
95.552	96.288	50
95.648	95.68	48
95.648	97.28	36
95.808	96.096	55
95.808	96.608	48
95.904	96.096	60
96.0	96.768	64
96.096	97.6	60
96.16	96.96	67
96.256	96.416	72
96.352	96.928	76
96.416	96.896	72
96.512	96.832	82
96.608	96.768	84
96.672	96.928	91
96.768	96.8	41
96.768	96.992	84
96.832	97.056	82
96.928	97.056	76
97.024	97.6	90
97.024	97.632	48
97.12	97.6	84
97.184	97.6	81
97.28	97.696	75
97.376	97.664	78
97.472	97.664	72
97.568	97.696	69
97.632	97.792	63
97.728	98.368	77
97.824	98.4	71
97.92	98.368	68
97.984	98.464	62
98.08	98.368	65
98.176	98.368	59
98.24	98.368	56
98.336	98.464	50
98.432	98.528	60
98.432	98.944	48
98.432	99.84	36
98.528	98.72	60
98.624	98.848	55
98.72	98.848	60
98.784	99.776	64
98.848	99.04	60
98.944	99.328	67
99.04	99.296	72
99.04	99.392	60
99.136	99.296	79
99.2	99.744	76
99.296	99.648	79
99.392	99.552	84
99.456	99.84	88
99.552	99.84	84
99.648	100.0	79
99.712	99.872	72
99.808	100.096	87
99.904	100.352	81
99.968	100.448	78
100.064	100.192	72
100.16	100.224	41
100.16	100.448	75
100.256	100.288	41
100.256	100.448	69
100.32	100.448	66
100.416	100.512	60
100.512	101.12	74
100.576	101.12	68
100.672	100.896	65
100.768	101.088	59
100.832	101.088	62
100.928	101.12	56
101.024	101.12	53
101.12	101.248	47
101.216	103.04	43
101.376	101.76	52
101.472	101.824	55
101.536	101.824	61
101.632	102.08	58
101.728	102.272	64
101.792	102.432	67
101.888	102.432	73
101.984	102.08	70
102.048	102.464	76
102.08	102.432	70
102.08	102.464	58
102.144	102.624	79
102.24	102.528	85
102.336	102.432	82
102.4	102.528	88
102.496	102.944	91
102.592	102.784	97
102.656	103.232	90
102.752	103.04	87
102.848	103.904	81
102.944	103.488	85
103.008	103.552	78
103.104	103.84	75
103.2	103.392	69
103.264	103.552	73
103.36	103.712	66
103.456	103.808	63
103.552	103.872	57
103.616	103.872	72
103.712	103.872	66
103.808	103.936	63
103.872	104.096	57
103.968	104.736	43
104.064	104.48	56
104.16	104.608	62
104.224	105.152	65
104.32	104.448	72
104.416	104.768	68
104.48	105.024	56
104.48	105.28	74
104.576	105.28	77
104.672	105.184	84
104.736	105.088	80
104.832	105.12	86
104.928	105.024	89
104.992	105.184	96
105.088	105.216	89
105.184	105.312	86
105.248	105.376	80
105.344	105.888	95
105.44	105.728	89
105.536	106.336	86
105.632	106.688	79
105.696	106.368	83
105.792	106.72	77
105.856	106.688	74
105.952	106.624	67
106.048	106.688	71
106.144	106.656	65
106.208	106.688	62
106.304	106.656	55
106.304	106.752	43
106.4	106.72	59
106.496	106.624	53
106.56	106.784	50
106.752	106.784	31
106.752	109.376	43
106.752	111.168	36
106.912	109.376	52
107.008	109.12	55
107.104	108.544	60
107.264	107.808	64
107.36	107.52	67
107.456	108.352	72
107.52	108.384	67
107.616	108.544	76
107.712	107.872	79
107.776	108.512	84
107.872	108.416	79
107.968	108.32	88
108.064	108.224	91
108.128	108.768	96
108.224	109.408	91
108.32	110.752	88
108.416	108.576	79
108.512	110.848	84
108.576	110.912	79
108.672	109.568	76
108.768	108.928	67
108.864	109.792	72
108.928	109.184	60
108.928	109.6	67
109.024	109.792	64
109.12	109.632	55
109.184	110.848	60
109.376	109.472	43
109.376	110.656	52
109.472	109.568	43
109.568	111.04	43
