3.1114739229 3.4114739229 69
14.4776417234 14.7776417234 69
20.9211791383 21.2211791383 63
27.2950566893 27.5950566893 67
34.121723356 34.421723356 63
39.0095238095 39.3095238095 69
48.6690249433 48.9690249433 43
48.7154648526 49.0154648526 55
53.0575963719 53.3575963719 60
56.6218594104 56.9218594104 63
58.2588662132 58.5588662132 62
62.1133786848 62.4133786848 62
63.158276644 63.458276644 67
63.6458956916 63.9458956916 62
69.0329251701 69.3329251701 63
69.7991836735 70.0991836735 63
73.5027664399 73.8027664399 50
74.8843537415 75.1843537415 50
76.765170068 77.065170068 67
78.4950566893 78.7950566893 64
79.2845351474 79.5845351474 51
83.7543764172 84.0543764172 67
84.3000453515 84.6000453515 67
85.2752834467 85.5752834467 58
85.3797732426 85.6797732426 51
88.0732879819 88.3732879819 58
89.582585034 89.882585034 50
90.1863038549 90.4863038549 58
90.7319727891 91.0319727891 49
90.7435827664 91.0435827664 56
91.1615419501 91.4615419501 32
99.0563265306 99.3563265306 43
99.6136054422 99.9136054422 67
100.147664399 100.447664399 60
100.263764172 100.563764172 63
100.379863946 100.679863946 43
100.391473923 100.691473923 60
100.623673469 100.923673469 55
100.623673469 100.923673469 60
100.635283447 100.935283447 63
100.635283447 100.935283447 67
101.982040816 102.282040816 60
103.549387755 103.849387755 63
105.372154195 105.672154195 63
107.369070295 107.669070295 69
108.669387755 108.969387755 43
122.462040816 122.762040816 67
122.845170068 123.145170068 55
127.291791383 127.591791383 63
133.654058957 133.954058957 67
134.153287982 134.453287982 84
134.153287982 134.453287982 91
138.042630385 138.342630385 62
140.747755102 141.047755102 55
141.572063492 141.872063492 63
145.368526077 145.668526077 69
155.07446712 155.37446712 55
162.980861678 163.280861678 63
164.629478458 164.929478458 62
168.472380952 168.772380952 62
169.517278912 169.817278912 67
170.213877551 170.513877551 79
175.391927438 175.691927438 63
176.158185941 176.458185941 63
178.02739229 178.32739229 58
179.72244898 180.02244898 69
179.861768707 180.161768707 50
180.093968254 180.393968254 50
180.744126984 181.044126984 50
180.744126984 181.044126984 68
181.719365079 182.019365079 51
183.112562358 183.412562358 67
183.414421769 183.714421769 50
184.192290249 184.492290249 51
185.62031746 185.92031746 51
186.44462585 186.74462585 67
187.361814059 187.661814059 50
188.662131519 188.962131519 51
190.647437642 190.947437642 67
193.491882086 193.791882086 63
194.896689342 195.196689342 58
195.604897959 195.904897959 67
195.953197279 196.253197279 50
197.090975057 197.390975057 56
197.230294785 197.530294785 50
200.759727891 201.059727891 68
205.670748299 205.970748299 60
205.682358277 205.982358277 43
205.821678005 206.121678005 63
205.960997732 206.260997732 67
206.62276644 206.92276644 63
206.982675737 207.282675737 60
208.317823129 208.617823129 69
211.719546485 212.019546485 63
214.889070295 215.189070295 63
222.540045351 222.840045351 55
222.540045351 222.840045351 69
223.074104308 223.374104308 79
225.523809524 225.823809524 69
227.288526077 227.588526077 55
232.454965986 232.754965986 67
233.964263039 234.264263039 55
235.485170068 235.785170068 67
