1.50929705215 1.80929705215 64
7.07047619048 7.37047619048 43
10.2283900227 10.5283900227 69
10.24 10.54 57
10.2980498866 10.5980498866 61
11.2268480726 11.5268480726 59
11.6912471655 11.9912471655 59
25.6580498866 25.9580498866 52
27.7710657596 28.0710657596 64
30.1859410431 30.4859410431 69
33.0187755102 33.3187755102 43
35.9444897959 36.2444897959 57
36.0025396825 36.3025396825 61
37.4073469388 37.7073469388 59
38.6263945578 38.9263945578 43
40.5188208617 40.8188208617 64
51.3857596372 51.6857596372 52
53.9515646259 54.2515646259 66
54.4159637188 54.7159637188 62
55.0777324263 55.3777324263 62
55.3331519274 55.6331519274 66
59.7797732426 60.0797732426 62
61.6141496599 61.9141496599 69
62.3455782313 62.6455782313 62
62.7867573696 63.0867573696 69
63.2395464853 63.5395464853 69
67.2798185941 67.5798185941 69
67.9531972789 68.2531972789 52
70.460952381 70.760952381 52
70.4725623583 70.7725623583 64
72.144399093 72.444399093 43
78.6111564626 78.9111564626 57
78.6808163265 78.9808163265 61
81.8271201814 82.1271201814 68
83.2783673469 83.5783673469 69
83.9749659864 84.2749659864 64
84.462585034 84.762585034 69
84.9153741497 85.2153741497 69
86.0763718821 86.3763718821 69
86.4362811791 86.7362811791 64
89.3155555556 89.6155555556 69
92.554739229 92.854739229 69
94.2265759637 94.5265759637 45
94.238185941 94.538185941 64
95.132154195 95.432154195 64
96.7807709751 97.0807709751 66
96.9665306122 97.2665306122 64
97.2335600907 97.5335600907 62
98.1623582766 98.4623582766 66
100.658503401 100.958503401 59
102.608979592 102.908979592 62
104.431746032 104.731746032 69
105.17478458 105.47478458 62
105.604353741 105.904353741 69
106.057142857 106.357142857 69
110.109024943 110.409024943 69
110.782403628 111.082403628 52
115.705034014 116.005034014 69
118.537868481 118.837868481 43
120.221315193 120.521315193 31
121.451972789 121.751972789 57
121.510022676 121.810022676 61
124.656326531 124.956326531 68
126.107573696 126.407573696 69
126.804172336 127.104172336 64
127.291791383 127.591791383 69
129.578956916 129.878956916 64
132.133151927 132.433151927 69
137.079002268 137.379002268 45
137.079002268 137.379002268 64
138.855328798 139.155328798 65
140.06276644 140.36276644 69
140.573605442 140.873605442 69
141.096054422 141.396054422 69
141.386303855 141.686303855 62
143.603809524 143.903809524 64
143.870839002 144.170839002 62
149.536507937 149.836507937 57
150.999365079 151.299365079 64
151.150294785 151.450294785 62
151.510204082 151.810204082 69
152.485442177 152.785442177 64
152.984671202 153.284671202 64
153.832199546 154.132199546 56
154.07600907 154.37600907 57
155.062857143 155.362857143 61
155.562086168 155.862086168 59
156.07292517 156.37292517 57
164.977777778 165.277777778 69
165.511836735 165.811836735 69
173.952290249 174.252290249 61
173.963900227 174.263900227 57
175.566077098 175.866077098 62
176.90122449 177.20122449 64
177.388843537 177.688843537 64
178.236371882 178.536371882 56
178.480181406 178.780181406 57
178.480181406 178.780181406 64
178.72399093 179.02399093 66
179.977868481 180.277868481 59
180.488707483 180.788707483 57
184.49414966 184.79414966 59
188.813061224 189.113061224 63
189.323900227 189.623900227 63
194.455510204 194.755510204 52
197.520544218 197.820544218 52
198.739591837 199.039591837 59
199.250430839 199.550430839 52
199.772879819 200.072879819 43
201.653696145 201.953696145 62
202.129705215 202.429705215 64
204.637460317 204.937460317 62
205.821678005 206.121678005 64
207.354195011 207.654195011 64
207.609614512 207.909614512 64
207.853424036 208.153424036 69
209.594920635 209.894920635 79
210.848798186 211.148798186 69
212.543854875 212.843854875 79
219.126712018 219.426712018 69
219.614331066 219.914331066 69
219.800090703 220.100090703 67
220.392199546 220.692199546 62
221.204897959 221.504897959 66
221.320997732 221.620997732 69
221.901496599 222.201496599 57
227.265306122 227.565306122 62
227.729705215 228.029705215 69
228.22893424 228.52893424 69
228.495963719 228.795963719 50
229.285442177 229.585442177 69
230.365170068 230.665170068 62
230.771519274 231.071519274 69
231.769977324 232.069977324 69
233.766893424 234.066893424 69
234.765351474 235.065351474 69
237.783945578 238.083945578 69
243.914013605 244.214013605 63
244.924081633 245.224081633 63
249.045623583 249.345623583 52
249.05723356 249.35723356 64
252.110657596 252.410657596 52
253.840544218 254.140544218 52
256.243809524 256.543809524 62
256.731428571 257.031428571 64
259.227573696 259.527573696 62
260.411791383 260.711791383 88
261.955918367 262.255918367 64
262.199727891 262.499727891 64
262.443537415 262.743537415 69
264.185034014 264.485034014 79
265.427301587 265.727301587 69
269.119274376 269.419274376 43
269.862312925 270.162312925 69
274.378594104 274.678594104 67
275.30739229 275.60739229 69
275.795011338 276.095011338 66
275.911111111 276.211111111 69
276.491609977 276.791609977 57
281.855419501 282.155419501 62
282.319818594 282.619818594 69
282.819047619 283.119047619 69
283.07446712 283.37446712 50
283.863945578 284.163945578 69
284.955283447 285.255283447 62
285.361632653 285.661632653 69
288.345396825 288.645396825 69
289.355464853 289.655464853 69
292.374058957 292.674058957 69
293.860136054 294.160136054 64
296.263401361 296.563401361 50
298.562176871 298.862176871 59
299.038185941 299.338185941 64
306.805260771 307.105260771 61
307.188390023 307.488390023 57
307.246439909 307.546439909 61
308.19845805 308.49845805 59
308.662857143 308.962857143 59
309.881904762 310.181904762 43
310.114104308 310.414104308 43
311.286712018 311.586712018 62
311.286712018 311.586712018 69
311.774331066 312.074331066 64
322.629659864 322.929659864 52
325.195464853 325.495464853 66
325.404444444 325.704444444 64
325.648253968 325.948253968 62
326.577052154 326.877052154 66
329.084807256 329.384807256 59
330.02521542 330.32521542 79
331.023673469 331.323673469 62
332.858049887 333.158049887 69
333.601088435 333.901088435 62
334.019047619 334.319047619 69
334.483446712 334.783446712 69
335.888253968 336.188253968 60
337.792290249 338.092290249 69
338.535328798 338.835328798 69
339.197097506 339.497097506 52
339.371247166 339.671247166 76
341.240453515 341.540453515 59
343.678548753 343.978548753 69
349.855056689 350.155056689 57
349.913106576 350.213106576 61
352.571791383 352.871791383 43
355.207256236 355.507256236 64
355.706485261 356.006485261 69
358.458049887 358.758049887 69
360.536235828 360.836235828 69
361.906213152 362.206213152 69
363.798639456 364.098639456 64
363.961179138 364.261179138 62
365.029297052 365.329297052 57
