3.81968253968 4.11968253968 69
4.17959183673 4.47959183673 44
4.91102040816 5.21102040816 63
5.65405895692 5.95405895692 69
7.85995464853 8.15995464853 55
9.86848072562 10.1684807256 67
13.177324263 13.477324263 55
13.71138322 14.01138322 63
14.2570521542 14.5570521542 55
15.5341496599 15.8341496599 69
17.3685260771 17.6685260771 69
19.586031746 19.886031746 63
20.1200907029 20.4200907029 55
21.2810884354 21.5810884354 50
22.8832653061 23.1832653061 58
23.2663945578 23.5663945578 58
24.2416326531 24.5416326531 74
25.205260771 25.505260771 63
27.9103854875 28.2103854875 69
29.0829931973 29.3829931973 58
29.6518820862 29.9518820862 84
30.3949206349 30.6949206349 69
30.7664399093 31.0664399093 69
32.0319274376 32.3319274376 55
32.403446712 32.703446712 55
35.1434013605 35.4434013605 67
37.8833560091 38.1833560091 69
40.7974603175 41.0974603175 69
41.6217687075 41.9217687075 79
44.7100226757 45.0100226757 79
47.5312471655 47.8312471655 69
48.4252154195 48.7252154195 58
49.8996825397 50.1996825397 60
50.0622222222 50.3622222222 69
50.7472108844 51.0472108844 58
53.1853061224 53.4853061224 69
54.4507936508 54.7507936508 55
54.996462585 55.296462585 69
55.3563718821 55.6563718821 69
56.8424489796 57.1424489796 63
57.0282086168 57.3282086168 63
57.0282086168 57.3282086168 81
57.2023582766 57.5023582766 63
57.3881179138 57.6881179138 60
58.862585034 59.162585034 43
62.7867573696 63.0867573696 69
64.6211337868 64.9211337868 69
68.8355555556 69.1355555556 67
72.1327891156 72.4327891156 55
72.6784580499 72.9784580499 63
73.2241269841 73.5241269841 55
74.5012244898 74.8012244898 69
76.335600907 76.635600907 69
78.5414965986 78.8414965986 63
79.0871655329 79.3871655329 55
80.6080725624 80.9080725624 63
81.8503401361 82.1503401361 58
82.2218594104 82.5218594104 58
82.2218594104 82.5218594104 65
83.208707483 83.508707483 74
84.1723356009 84.4723356009 55
84.1723356009 84.4723356009 60
84.1723356009 84.4723356009 63
86.8658503401 87.1658503401 69
88.4331972789 88.7331972789 58
89.4316553288 89.7316553288 77
92.6824489796 92.9824489796 69
93.2513378685 93.5513378685 69
93.4254875283 93.7254875283 69
94.2265759637 94.5265759637 54
94.8651247166 95.1651247166 74
97.5005895692 97.8005895692 63
98.2436281179 98.5436281179 63
98.998276644 99.298276644 63
99.7413151927 100.041315193 63
100.368253968 100.668253968 55
101.784671202 102.084671202 63
103.340408163 103.640408163 63
106.602811791 106.902811791 69
108.541678005 108.841678005 50
108.553287982 108.853287982 53
108.553287982 108.853287982 57
108.889977324 109.189977324 50
112.965079365 113.265079365 55
113.336598639 113.636598639 63
113.336598639 113.636598639 67
119.605986395 119.905986395 67
120.627664399 120.927664399 63
122.543310658 122.843310658 67
122.798730159 123.098730159 63
126.246893424 126.546893424 67
126.804172336 127.104172336 56
127.535600907 127.835600907 55
128.441179138 128.741179138 63
129.184217687 129.484217687 53
132.144761905 132.444761905 53
136.974512472 137.274512472 55
137.369251701 137.669251701 68
137.531791383 137.831791383 43
137.752380952 138.052380952 55
138.669569161 138.969569161 43
139.203628118 139.503628118 55
143.232290249 143.532290249 63
143.232290249 143.532290249 66
143.975328798 144.275328798 69
145.449795918 145.749795918 69
150.743945578 151.043945578 54
159.346938776 159.646938776 69
161.146485261 161.446485261 69
161.518004535 161.818004535 69
165.18675737 165.48675737 43
167.067573696 167.367573696 55
168.901950113 169.201950113 69
169.26185941 169.56185941 44
170.736326531 171.036326531 69
171.270385488 171.570385488 43
174.950748299 175.250748299 67
178.247981859 178.547981859 55
178.782040816 179.082040816 63
179.327709751 179.627709751 55
180.604807256 180.904807256 69
182.439183673 182.739183673 69
184.656689342 184.956689342 63
185.202358277 185.502358277 55
187.31537415 187.61537415 63
189.312290249 189.612290249 74
190.287528345 190.587528345 60
190.287528345 190.587528345 63
192.981043084 193.281043084 69
194.548390023 194.848390023 58
197.648253968 197.948253968 59
198.217142857 198.517142857 67
199.15755102 199.45755102 67
200.237278912 200.537278912 55
200.632018141 200.932018141 55
201.874285714 202.174285714 69
202.617324263 202.917324263 69
203.371972789 203.671972789 58
204.45170068 204.75170068 43
207.74893424 208.04893424 55
207.946303855 208.246303855 63
211.034557823 211.334557823 67
212.474195011 212.774195011 64
214.296961451 214.596961451 69
217.199455782 217.499455782 69
219.788480726 220.088480726 63
221.262947846 221.562947846 63
222.714195011 223.014195011 63
224.177052154 224.477052154 63
227.92707483 228.22707483 63
228.089614512 228.389614512 63
228.437913832 228.737913832 51
228.913922902 229.213922902 63
230.376780045 230.676780045 69
232.187936508 232.487936508 58
232.187936508 232.487936508 63
233.453424036 233.753424036 69
233.917823129 234.217823129 69
235.090430839 235.390430839 58
235.810249433 236.110249433 34
235.810249433 236.110249433 62
237.958095238 238.258095238 94
241.16244898 241.46244898 62
241.243718821 241.543718821 63
241.336598639 241.636598639 62
241.522358277 241.822358277 63
241.684897959 241.984897959 60
241.684897959 241.984897959 63
241.928707483 242.228707483 63
242.044807256 242.344807256 60
244.668662132 244.968662132 84
247.571156463 247.871156463 63
247.7569161 248.0569161 63
248.40707483 248.70707483 94
249.40553288 249.70553288 43
249.57968254 249.87968254 67
250.125351474 250.425351474 67
250.845170068 251.145170068 67
251.042539683 251.342539683 62
251.982947846 252.282947846 58
252.18031746 252.48031746 59
252.18031746 252.48031746 64
252.377687075 252.677687075 64
265.404081633 265.704081633 69
266.135510204 266.435510204 69
269.792653061 270.092653061 63
270.152562358 270.452562358 63
270.70984127 271.00984127 75
272.637097506 272.937097506 69
272.811247166 273.111247166 69
274.146394558 274.446394558 69
274.320544218 274.620544218 69
274.912653061 275.212653061 67
275.260952381 275.560952381 69
276.17814059 276.47814059 70
279.092244898 279.392244898 70
281.286530612 281.586530612 69
281.646439909 281.946439909 69
282.366258503 282.666258503 69
283.469206349 283.769206349 69
285.663492063 285.963492063 63
286.035011338 286.335011338 55
286.209160998 286.509160998 67
286.743219955 287.043219955 55
288.565986395 288.865986395 67
288.740136054 289.040136054 55
290.946031746 291.246031746 74
291.31755102 291.61755102 69
296.936780045 297.236780045 69
297.029659864 297.329659864 67
297.203809524 297.503809524 67
297.319909297 297.619909297 69
301.162811791 301.462811791 69
301.313741497 301.613741497 63
301.395011338 301.695011338 84
301.545941043 301.845941043 63
309.347845805 309.647845805 43
313.945396825 314.245396825 69
315.779773243 316.079773243 69
316.511201814 316.811201814 34
318.508117914 318.808117914 51
319.065396825 319.365396825 69
320.040634921 320.340634921 63
323.465578231 323.765578231 69
324.545306122 324.845306122 55
324.545306122 324.845306122 63
324.90521542 325.20521542 69
326.762811791 327.062811791 63
330.106485261 330.406485261 63
330.698594104 330.998594104 63
333.879727891 334.179727891 68
334.994285714 335.294285714 63
338.74430839 339.04430839 58
340.86893424 341.16893424 63
341.995102041 342.295102041 60
343.318639456 343.618639456 70
344.816326531 345.116326531 70
345.791564626 346.091564626 63
346.755192744 347.055192744 60
347.567891156 347.867891156 58
