0.661768707483 0.961768707483 69
0.78947845805 1.08947845805 66
1.9620861678 2.2620861678 67
3.09986394558 3.39986394558 69
4.260861678 4.560861678 67
6.47836734694 6.77836734694 62
9.62467120181 9.92467120181 62
10.3560997732 10.6560997732 50
10.6579591837 10.9579591837 72
12.1788662132 12.4788662132 69
14.106122449 14.406122449 66
15.2555102041 15.5555102041 62
16.2423582766 16.5423582766 50
16.3932879819 16.6932879819 69
17.4962358277 17.7962358277 62
17.542675737 17.842675737 67
23.6146938776 23.9146938776 67
26.0992290249 26.3992290249 66
28.3631746032 28.6631746032 74
33.8082539683 34.1082539683 31
40.0428117914 40.3428117914 31
40.8671201814 41.1671201814 60
41.8771882086 42.1771882086 53
42.5737868481 42.8737868481 46
43.1310657596 43.4310657596 69
46.3586394558 46.6586394558 50
50.5846712018 50.8846712018 67
53.9515646259 54.2515646259 69
55.4492517007 55.7492517007 52
55.4492517007 55.7492517007 55
55.460861678 55.760861678 67
56.0065306122 56.3065306122 59
56.0065306122 56.3065306122 71
56.9121088435 57.2121088435 69
58.7813151927 59.0813151927 50
58.7813151927 59.0813151927 54
59.3037641723 59.6037641723 42
59.4895238095 59.7895238095 69
61.9160090703 62.2160090703 55
61.9276190476 62.2276190476 50
65.5499319728 65.8499319728 62
66.5367800454 66.8367800454 52
68.0925170068 68.3925170068 59
69.8340136054 70.1340136054 68
72.7248979592 73.0248979592 59
73.4679365079 73.7679365079 52
75.2558730159 75.5558730159 66
77.5546485261 77.8546485261 52
77.5546485261 77.8546485261 59
77.6707482993 77.9707482993 64
78.982675737 79.282675737 57
79.307755102 79.607755102 69
79.6212244898 79.9212244898 62
80.8634920635 81.1634920635 69
81.0724716553 81.3724716553 62
82.0244897959 82.3244897959 62
82.6165986395 82.9165986395 64
83.4641269841 83.7641269841 64
84.5206349206 84.8206349206 69
85.4958730159 85.7958730159 69
85.7048526077 86.0048526077 62
85.7745124717 86.0745124717 69
88.0848979592 88.3848979592 64
88.3867573696 88.6867573696 55
89.1414058957 89.4414058957 67
89.153015873 89.453015873 70
89.582585034 89.882585034 62
89.9657142857 90.2657142857 57
90.5462131519 90.8462131519 57
92.6476190476 92.9476190476 56
93.4022675737 93.7022675737 54
93.9943764172 94.2943764172 61
94.6213151927 94.9213151927 56
96.2815419501 96.5815419501 54
96.5950113379 96.8950113379 54
98.998276644 99.298276644 54
99.3001360544 99.6001360544 49
99.4394557823 99.7394557823 63
100.22893424 100.52893424 54
100.345034014 100.645034014 61
101.715011338 102.015011338 63
102.667029478 102.967029478 42
103.502947846 103.802947846 54
104.74521542 105.04521542 54
106.440272109 106.740272109 54
109.331156463 109.631156463 59
115.46122449 115.76122449 67
115.983673469 116.283673469 62
116.831201814 117.131201814 67
116.993741497 117.293741497 63
117.156281179 117.456281179 60
118.317278912 118.617278912 43
118.712018141 119.012018141 42
121.068843537 121.368843537 62
123.263129252 123.563129252 54
123.263129252 123.563129252 69
123.414058957 123.714058957 69
124.447346939 124.747346939 55
129.95047619 130.25047619 62
132.504671202 132.804671202 69
134.431927438 134.731927438 66
136.556553288 136.856553288 69
137.71755102 138.01755102 55
143.917278912 144.217278912 67
146.413424036 146.713424036 66
148.665759637 148.965759637 74
149.385578231 149.685578231 74
154.958367347 155.258367347 72
160.357006803 160.657006803 31
161.181315193 161.481315193 60
162.19138322 162.49138322 53
174.347029478 174.647029478 57
175.42675737 175.72675737 67
175.775056689 176.075056689 52
175.775056689 176.075056689 55
175.775056689 176.075056689 67
176.274285714 176.574285714 40
176.274285714 176.574285714 59
177.237913832 177.537913832 69
179.083900227 179.383900227 50
179.594739229 179.894739229 31
179.803718821 180.103718821 69
183.600181406 183.900181406 59
183.739501134 184.039501134 50
188.61569161 188.91569161 50
188.61569161 188.91569161 59
