8.01088435374 8.31088435374 67
13.8507029478 14.1507029478 55
13.9668027211 14.2668027211 57
14.1990022676 14.4990022676 54
14.9536507937 15.2536507937 69
17.9141950113 18.2141950113 69
19.4583219955 19.7583219955 62
20.9327891156 21.2327891156 57
20.9327891156 21.2327891156 62
22.3724263039 22.6724263039 62
23.881723356 24.181723356 62
27.5969160998 27.8969160998 67
30.7083900227 31.0083900227 58
30.7316099773 31.0316099773 67
31.7997278912 32.0997278912 74
32.833015873 33.133015873 63
38.0575056689 38.3575056689 58
51.1767800454 51.4767800454 58
51.7688888889 52.0688888889 62
52.488707483 52.788707483 58
53.8702947846 54.1702947846 58
54.241814059 54.541814059 69
56.4825396825 56.7825396825 58
57.7364172336 58.0364172336 62
57.7480272109 58.0480272109 50
58.3633560091 58.6633560091 50
59.0947845805 59.3947845805 58
59.7449433107 60.0449433107 62
63.1698866213 63.4698866213 38
63.1698866213 63.4698866213 50
66.6296598639 66.9296598639 62
68.9632653061 69.2632653061 62
71.9702494331 72.2702494331 62
74.6405442177 74.9405442177 55
74.6405442177 74.9405442177 58
82.6514285714 82.9514285714 62
84.1607256236 84.4607256236 62
91.6375510204 91.9375510204 57
91.8929705215 92.1929705215 54
91.8929705215 92.1929705215 61
92.6360090703 92.9360090703 69
93.379047619 93.679047619 55
95.5849433107 95.8849433107 69
95.6546031746 95.9546031746 62
96.3976417234 96.6976417234 50
97.1987301587 97.4987301587 55
97.1987301587 97.4987301587 62
98.5919274376 98.8919274376 57
101.57569161 101.87569161 62
103.375238095 103.675238095 55
105.279274376 105.579274376 67
108.274648526 108.574648526 50
108.413968254 108.713968254 58
108.413968254 108.713968254 67
109.203446712 109.503446712 62
110.968163265 111.268163265 63
110.979773243 111.279773243 69
112.152380952 112.452380952 58
115.229024943 115.529024943 62
115.577324263 115.877324263 31
115.693424036 115.993424036 55
115.832743764 116.132743764 54
116.668662132 116.968662132 60
117.45814059 117.75814059 43
117.667120181 117.967120181 43
120.349024943 120.649024943 54
120.465124717 120.765124717 50
121.242993197 121.542993197 58
123.425668934 123.725668934 54
123.53015873 123.83015873 50
124.319637188 124.619637188 58
126.52553288 126.82553288 54
126.641632653 126.941632653 50
127.431111111 127.731111111 55
