5.59600907029 5.89600907029 69
6.6989569161 6.9989569161 69
7.8019047619 8.1019047619 69
8.87002267574 9.17002267574 69
10.5650793651 10.8650793651 60
10.7972789116 11.0972789116 60
11.0410884354 11.3410884354 60
11.6448072562 11.9448072562 44
13.7346031746 14.0346031746 44
13.9087528345 14.2087528345 44
20.9560090703 21.2560090703 69
22.0473469388 22.3473469388 69
23.1270748299 23.4270748299 69
23.4985941043 23.7985941043 67
24.4622222222 24.7622222222 67
24.8221315193 25.1221315193 69
25.2981405896 25.5981405896 69
26.5055782313 26.8055782313 50
26.6332879819 26.9332879819 86
26.7609977324 27.0609977324 38
26.7726077098 27.0726077098 50
27.1789569161 27.4789569161 60
27.5853061224 27.8853061224 59
28.2586848073 28.5586848073 69
29.3384126984 29.6384126984 69
29.4545124717 29.7545124717 68
30.4181405896 30.7181405896 60
30.4181405896 30.7181405896 69
30.8941496599 31.1941496599 69
32.3918367347 32.6918367347 34
32.3918367347 32.6918367347 38
32.7865759637 33.0865759637 60
33.2045351474 33.5045351474 59
33.657324263 33.957324263 52
33.657324263 33.957324263 57
33.657324263 33.957324263 60
34.980861678 35.280861678 64
35.375600907 35.675600907 64
35.7587301587 36.0587301587 64
36.2231292517 36.5231292517 53
36.234739229 36.534739229 60
37.4537868481 37.7537868481 31
37.5466666667 37.8466666667 60
37.953015873 38.253015873 60
38.3361451247 38.6361451247 60
39.6945124717 39.9945124717 57
40.1124716553 40.4124716553 53
40.9832199546 41.2832199546 55
40.9832199546 41.2832199546 60
41.424399093 41.724399093 62
42.3183673469 42.6183673469 59
44.1527437642 44.4527437642 69
44.3501133787 44.6501133787 64
44.5358730159 44.8358730159 69
46.3934693878 46.6934693878 60
46.7882086168 47.0882086168 60
47.1829478458 47.4829478458 60
47.6357369615 47.9357369615 59
49.876462585 50.176462585 84
51.0374603175 51.3374603175 52
51.7572789116 52.0572789116 69
55.3679818594 55.6679818594 79
59.7333333333 60.0333333333 60
60.9059410431 61.2059410431 40
60.9175510204 61.2175510204 59
60.975600907 61.275600907 67
61.405170068 61.705170068 55
62.1714285714 62.4714285714 41
62.1714285714 62.4714285714 60
62.1714285714 62.4714285714 72
63.8316553288 64.1316553288 52
64.0290249433 64.3290249433 60
64.9229931973 65.2229931973 48
65.9330612245 66.2330612245 40
65.9911111111 66.2911111111 67
66.1536507937 66.4536507937 48
66.4090702948 66.7090702948 55
67.1637188209 67.4637188209 41
67.1637188209 67.4637188209 72
67.38430839 67.68430839 48
67.6397278912 67.9397278912 48
68.3595464853 68.6595464853 56
68.6149659864 68.9149659864 60
68.6265759637 68.9265759637 48
68.8703854875 69.1703854875 48
68.8703854875 69.1703854875 60
70.1590929705 70.4590929705 49
71.1227210884 71.4227210884 50
72.1211791383 72.4211791383 60
73.5375963719 73.8375963719 65
75.5229024943 75.8229024943 62
75.5345124717 75.8345124717 69
76.5097505669 76.8097505669 50
78.9014058957 79.2014058957 57
78.9014058957 79.2014058957 69
79.7141043084 80.0141043084 60
80.1901133787 80.4901133787 72
80.27138322 80.57138322 48
80.27138322 80.57138322 60
81.0492517007 81.3492517007 41
81.0492517007 81.3492517007 65
81.2698412698 81.5698412698 48
81.5020408163 81.8020408163 48
81.5020408163 81.8020408163 57
81.6994104308 81.9994104308 67
82.2566893424 82.5566893424 60
82.6862585034 82.9862585034 63
89.1297959184 89.4297959184 48
89.8380045351 90.1380045351 60
90.3372335601 90.6372335601 72
91.1847619048 91.4847619048 69
91.1963718821 91.4963718821 41
91.1963718821 91.4963718821 57
91.1963718821 91.4963718821 65
92.5082993197 92.8082993197 60
92.5199092971 92.8199092971 41
92.5199092971 92.8199092971 69
93.0307482993 93.3307482993 48
94.1336961451 94.4336961451 60
94.1453061224 94.4453061224 48
94.3891156463 94.6891156463 48
94.3891156463 94.6891156463 60
95.201814059 95.501814059 52
95.2714739229 95.5714739229 40
95.3527437642 95.6527437642 68
95.8287528345 96.1287528345 47
95.8287528345 96.1287528345 52
96.9084807256 97.2084807256 57
97.4541496599 97.7541496599 72
98.5222675737 98.8222675737 72
98.6499773243 98.9499773243 74
99.7180952381 100.018095238 71
100.089614512 100.389614512 72
100.75138322 101.05138322 77
101.993650794 102.293650794 69
103.073378685 103.373378685 69
104.164716553 104.464716553 69
105.267664399 105.567664399 69
106.951111111 107.251111111 60
107.17170068 107.47170068 60
107.427120181 107.727120181 60
108.634557823 108.934557823 45
108.680997732 108.980997732 64
108.750657596 109.050657596 78
109.122176871 109.422176871 62
110.132244898 110.432244898 31
110.259954649 110.559954649 43
117.156281179 117.456281179 63
117.887709751 118.187709751 69
121.254603175 121.554603175 59
121.614512472 121.914512472 55
122.206621315 122.506621315 62
123.193469388 123.493469388 64
123.53015873 123.83015873 69
124.679546485 124.979546485 64
124.679546485 124.979546485 67
126.026303855 126.326303855 79
126.258503401 126.558503401 59
126.258503401 126.558503401 63
127.338231293 127.638231293 59
127.941950113 128.241950113 67
129.149387755 129.449387755 69
130.287165533 130.587165533 64
135.012426304 135.312426304 69
135.407165533 135.707165533 69
135.801904762 136.101904762 69
137.171882086 137.471882086 64
137.392471655 137.692471655 79
137.58984127 137.88984127 60
138.483809524 138.783809524 67
138.913378685 139.213378685 69
139.609977324 139.909977324 59
139.609977324 139.909977324 79
141.479183673 141.779183673 59
141.850702948 142.150702948 59
142.245442177 142.545442177 59
144.671927438 144.971927438 57
145.252426304 145.552426304 60
145.3569161 145.6569161 48
145.368526077 145.668526077 60
145.577505669 145.877505669 60
146.030294785 146.330294785 59
147.388662132 147.688662132 59
147.388662132 147.688662132 67
150.035736961 150.335736961 64
150.325986395 150.625986395 63
150.43047619 150.73047619 51
154.017959184 154.317959184 71
158.011791383 158.311791383 64
158.452970522 158.752970522 74
158.905759637 159.205759637 62
159.265668934 159.565668934 65
160.403446712 160.703446712 55
161.401904762 161.701904762 65
161.401904762 161.701904762 67
162.679002268 162.979002268 60
162.934421769 163.234421769 55
163.038911565 163.338911565 64
163.480090703 163.780090703 74
163.921269841 164.221269841 62
164.072199546 164.372199546 55
164.257959184 164.557959184 65
166.754104308 167.054104308 62
168.623310658 168.923310658 57
169.900408163 170.200408163 60
170.829206349 171.129206349 64
171.792834467 172.092834467 69
172.477823129 172.777823129 57
172.756462585 173.056462585 69
173.093151927 173.393151927 64
174.393469388 174.693469388 65
174.788208617 175.088208617 67
175.171337868 175.471337868 65
177.481723356 177.781723356 55
178.54984127 178.84984127 48
178.54984127 178.84984127 60
179.188390023 179.488390023 55
180.02430839 180.32430839 60
181.939954649 182.239954649 69
182.624943311 182.924943311 57
182.903582766 183.203582766 69
184.517369615 184.817369615 65
185.306848073 185.606848073 65
185.736417234 186.036417234 62
188.720181406 189.020181406 48
188.720181406 189.020181406 60
188.720181406 189.020181406 72
190.043718821 190.343718821 48
190.043718821 190.343718821 67
190.78675737 191.08675737 55
191.448526077 191.748526077 71
191.831655329 192.131655329 59
192.690793651 192.990793651 59
192.853333333 193.153333333 75
193.747301587 194.047301587 63
198.124263039 198.424263039 65
198.124263039 198.424263039 68
198.193922902 198.493922902 74
199.412970522 199.712970522 57
200.8061678 201.1061678 57
200.875827664 201.175827664 73
201.839455782 202.139455782 61
202.768253968 203.068253968 63
202.872743764 203.172743764 69
205.484988662 205.784988662 56
206.332517007 206.632517007 66
206.831746032 207.131746032 56
207.551564626 207.851564626 68
207.551564626 207.851564626 75
207.725714286 208.025714286 65
207.737324263 208.037324263 44
208.224943311 208.524943311 56
208.584852608 208.884852608 61
209.629750567 209.929750567 53
210.407619048 210.707619048 44
210.767528345 211.067528345 44
211.034557823 211.334557823 44
211.800816327 212.100816327 60
211.800816327 212.100816327 66
212.172335601 212.472335601 44
212.450975057 212.750975057 44
213.321723356 213.621723356 44
213.809342404 214.109342404 61
215.56244898 215.86244898 49
215.56244898 215.86244898 56
215.713378685 216.013378685 51
216.653786848 216.953786848 56
216.839546485 217.139546485 54
217.002086168 217.302086168 44
217.408435374 217.708435374 80
217.536145125 217.836145125 78
217.81478458 218.11478458 49
217.81478458 218.11478458 56
219.788480726 220.088480726 85
220.241269841 220.541269841 51
220.601179138 220.901179138 61
220.98430839 221.28430839 32
221.15845805 221.45845805 56
222.273015873 222.573015873 75
222.470385488 222.770385488 61
224.362811791 224.662811791 64
229.958820862 230.258820862 68
231.015328798 231.315328798 70
236.263038549 236.563038549 69
238.46893424 238.76893424 69
239.838911565 240.138911565 69
240.999909297 241.299909297 43
244.947301587 245.247301587 77
246.189569161 246.489569161 69
247.269297052 247.569297052 69
248.372244898 248.672244898 69
249.451972789 249.751972789 69
251.135419501 251.435419501 60
251.367619048 251.667619048 60
251.611428571 251.911428571 60
252.818866213 253.118866213 50
252.818866213 253.118866213 58
254.560362812 254.860362812 69
255.65170068 255.95170068 69
256.743038549 257.043038549 69
257.811156463 258.111156463 60
257.811156463 258.111156463 69
258.043356009 258.343356009 69
258.287165533 258.587165533 69
259.750022676 260.050022676 38
259.750022676 260.050022676 50
262.013968254 262.313968254 60
262.013968254 262.313968254 86
262.141678005 262.441678005 38
262.153287982 262.453287982 50
264.521723356 264.821723356 52
266.959818594 267.259818594 58
267.168798186 267.468798186 58
267.377777778 267.677777778 58
267.575147392 267.875147392 55
270.860770975 271.160770975 64
272.114648526 272.414648526 64
272.335238095 272.635238095 52
272.346848073 272.646848073 59
272.346848073 272.646848073 64
272.346848073 272.646848073 68
273.496235828 273.796235828 57
274.622403628 274.922403628 52
274.854603175 275.154603175 44
274.854603175 275.154603175 56
274.854603175 275.154603175 71
276.909569161 277.209569161 69
277.82675737 278.12675737 56
278.024126984 278.324126984 52
278.221496599 278.521496599 74
279.045804989 279.345804989 57
279.045804989 279.345804989 69
279.64952381 279.94952381 74
279.858503401 280.158503401 44
279.858503401 280.158503401 56
279.858503401 280.158503401 71
280.090702948 280.390702948 52
280.764081633 281.064081633 62
281.77414966 282.07414966 52
281.890249433 282.190249433 69
282.749387755 283.049387755 56
284.003265306 284.303265306 56
285.24553288 285.54553288 57
285.24553288 285.54553288 69
285.698321995 285.998321995 62
286.302040816 286.602040816 69
286.673560091 286.973560091 69
289.169705215 289.469705215 54
289.982403628 290.282403628 66
290.388752834 290.688752834 59
291.944489796 292.244489796 44
292.037369615 292.337369615 74
293.221587302 293.521587302 69
294.103945578 294.403945578 76
294.301315193 294.601315193 40
294.545124717 294.845124717 56
294.893424036 295.193424036 57
294.951473923 295.251473923 61
295.253333333 295.553333333 61
295.590022676 295.890022676 71
295.845442177 296.145442177 57
295.845442177 296.145442177 69
298.736326531 299.036326531 61
300.12952381 300.42952381 66
300.512653061 300.812653061 59
302.184489796 302.484489796 74
303.368707483 303.668707483 69
304.25106576 304.55106576 76
304.703854875 305.003854875 56
305.063764172 305.363764172 57
305.214693878 305.514693878 69
305.85324263 306.15324263 61
307.571519274 307.871519274 64
307.745668934 308.045668934 69
308.140408163 308.440408163 69
309.1969161 309.4969161 67
311.344761905 311.644761905 48
312.563809524 312.863809524 62
314.479455782 314.779455782 60
316.766621315 317.066621315 69
318.519727891 318.819727891 64
319.193106576 319.493106576 69
319.715555556 320.015555556 59
319.715555556 320.015555556 64
320.017414966 320.317414966 68
323.755827664 324.055827664 52
323.767437642 324.067437642 80
323.837097506 324.137097506 57
325.125804989 325.425804989 52
326.402902494 326.702902494 52
