2.49614512472 2.79614512472 53
4.23764172336 4.53764172336 84
8.41723356009 8.71723356009 53
12.5619954649 12.8619954649 44
14.4892517007 14.7892517007 56
14.6053514739 14.9053514739 51
14.6053514739 14.9053514739 60
16.4165079365 16.7165079365 38
16.4281179138 16.7281179138 53
18.4366439909 18.7366439909 56
19.5047619048 19.8047619048 58
20.7238095238 21.0238095238 44
22.5117460317 22.8117460317 58
23.7424036281 24.0424036281 41
25.0195011338 25.3195011338 62
25.0195011338 25.3195011338 67
27.7942857143 28.0942857143 63
27.9452154195 28.2452154195 48
27.9452154195 28.2452154195 57
27.9452154195 28.2452154195 60
27.9452154195 28.2452154195 63
38.3129251701 38.6129251701 49
43.0033560091 43.3033560091 68
45.6620408163 45.9620408163 42
45.8594104308 46.1594104308 54
46.3238095238 46.6238095238 51
46.7649886621 47.0649886621 58
46.9855782313 47.2855782313 49
46.9855782313 47.2855782313 56
47.403537415 47.703537415 49
47.4151473923 47.7151473923 56
47.6241269841 47.9241269841 60
48.1001360544 48.4001360544 45
50.9097505669 51.2097505669 52
51.9082086168 52.2082086168 58
53.8238548753 54.1238548753 55
55.6466213152 55.9466213152 41
57.6899773243 57.9899773243 53
58.7000453515 59.0000453515 63
61.6025396825 61.9025396825 53
63.6110657596 63.9110657596 53
67.7442176871 68.0442176871 69
71.6683900227 71.9683900227 57
73.7349659864 74.0349659864 55
74.7102040816 75.0102040816 54
75.7202721088 76.0202721088 51
77.0089795918 77.3089795918 51
77.9609977324 78.2609977324 51
85.356553288 85.656553288 62
86.0995918367 86.3995918367 58
87.1909297052 87.4909297052 63
87.5740589569 87.8740589569 69
88.3403174603 88.6403174603 60
91.6839909297 91.9839909297 62
94.6213151927 94.9213151927 69
96.386031746 96.686031746 50
96.850430839 97.150430839 46
97.3380498866 97.6380498866 50
98.3481179138 98.6481179138 60
98.7544671202 99.0544671202 51
99.1143764172 99.4143764172 69
101.320272109 101.620272109 58
105.04707483 105.34707483 55
105.04707483 105.34707483 67
105.34893424 105.64893424 63
107.194920635 107.494920635 58
108.69260771 108.99260771 46
109.540136054 109.840136054 60
109.876825397 110.176825397 58
111.002993197 111.302993197 63
111.002993197 111.302993197 69
111.246802721 111.546802721 63
113.475918367 113.775918367 67
115.658594104 115.958594104 69
116.796371882 117.096371882 67
119.037097506 119.337097506 62
119.431836735 119.731836735 66
120.418684807 120.718684807 58
120.848253968 121.148253968 62
121.23138322 121.53138322 60
121.649342404 121.949342404 58
122.70585034 123.00585034 60
122.70585034 123.00585034 63
123.866848073 124.166848073 60
125.329705215 125.629705215 58
126.792562358 127.092562358 63
127.489160998 127.789160998 60
128.603718821 128.903718821 58
130.043356009 130.343356009 69
130.798004535 131.098004535 62
131.16952381 131.46952381 57
131.738412698 132.038412698 50
132.992290249 133.292290249 67
133.410249433 133.710249433 62
134.211337868 134.511337868 55
134.559637188 134.859637188 51
134.559637188 134.859637188 62
136.301133787 136.601133787 46
137.195102041 137.495102041 55
137.520181406 137.820181406 63
138.251609977 138.551609977 51
140.202086168 140.502086168 58
141.676553288 141.976553288 60
144.242358277 144.542358277 60
144.671927438 144.971927438 65
145.438185941 145.738185941 55
146.274104308 146.574104308 63
146.599183673 146.899183673 60
146.912653061 147.212653061 55
149.118548753 149.418548753 58
149.722267574 150.022267574 51
151.010975057 151.310975057 57
151.010975057 151.310975057 69
152.137142857 152.437142857 58
152.462222222 152.762222222 69
152.938231293 153.238231293 55
153.669659864 153.969659864 52
154.029569161 154.329569161 69
154.493968254 154.793968254 55
154.853877551 155.153877551 50
155.225396825 155.525396825 69
155.910385488 156.210385488 50
163.445260771 163.745260771 53
165.465396825 165.765396825 46
165.465396825 165.765396825 53
165.465396825 165.765396825 67
169.586938776 169.886938776 43
171.665124717 171.965124717 51
171.665124717 171.965124717 60
172.547482993 172.847482993 63
175.566077098 175.866077098 60
176.576145125 176.876145125 53
176.576145125 176.876145125 58
176.669024943 176.969024943 50
176.669024943 176.969024943 55
179.792108844 180.092108844 43
179.792108844 180.092108844 67
187.826213152 188.126213152 33
187.826213152 188.126213152 57
187.953922902 188.253922902 50
199.726439909 200.026439909 32
