3.52943310658 3.82943310658 67
7.77868480726 8.07868480726 68
9.84526077098 10.145260771 67
10.6463492063 10.9463492063 58
11.1687981859 11.4687981859 53
11.1687981859 11.4687981859 62
15.4064399093 15.7064399093 79
18.8546031746 19.1546031746 43
23.3244444444 23.6244444444 63
23.3244444444 23.6244444444 67
23.5798639456 23.8798639456 55
26.493968254 26.793968254 53
27.318276644 27.618276644 51
28.537324263 28.837324263 79
32.008707483 32.308707483 58
33.5876643991 33.8876643991 51
34.086893424 34.386893424 56
34.7486621315 35.0486621315 79
35.2014512472 35.5014512472 53
39.9499319728 40.2499319728 62
39.9499319728 40.2499319728 65
46.3354195011 46.6354195011 69
49.55138322 49.85138322 69
52.3377777778 52.6377777778 60
53.6497052154 53.9497052154 46
53.6497052154 53.9497052154 58
54.1837641723 54.4837641723 46
58.7000453515 59.0000453515 63
59.0599546485 59.3599546485 51
59.2341043084 59.5341043084 63
60.8130612245 61.1130612245 69
61.834739229 62.134739229 63
62.1830385488 62.4830385488 67
74.686984127 74.986984127 67
75.3371428571 75.6371428571 79
75.6041723356 75.9041723356 63
77.0205895692 77.3205895692 63
87.469569161 87.769569161 55
90.476553288 90.776553288 62
90.7319727891 91.0319727891 65
92.4966893424 92.7966893424 63
95.3991836735 95.6991836735 63
96.2815419501 96.5815419501 60
96.6182312925 96.9182312925 58
103.479727891 103.779727891 67
109.795555556 110.095555556 67
110.062585034 110.362585034 58
115.356734694 115.656734694 79
115.612154195 115.912154195 43
120.198095238 120.498095238 68
120.604444444 120.904444444 67
123.251519274 123.551519274 51
123.263129252 123.563129252 63
123.263129252 123.563129252 67
123.541768707 123.841768707 55
125.736054422 126.036054422 58
125.840544218 126.140544218 67
126.455873016 126.755873016 53
127.291791383 127.591791383 51
128.499229025 128.799229025 79
129.787936508 130.087936508 55
132.005442177 132.305442177 58
133.561179138 133.861179138 51
134.443537415 134.743537415 53
134.582857143 134.882857143 51
135.035646259 135.335646259 56
135.906394558 136.206394558 55
136.010884354 136.310884354 75
138.54185941 138.84185941 63
139.900226757 140.200226757 62
146.262494331 146.562494331 69
147.156462585 147.456462585 65
149.490068027 149.790068027 69
152.264852608 152.564852608 60
153.565170068 153.865170068 31
153.565170068 153.865170068 46
153.565170068 153.865170068 58
154.099229025 154.399229025 46
158.975419501 159.275419501 51
159.149569161 159.449569161 63
160.740136054 161.040136054 63
174.614058957 174.914058957 43
174.741768707 175.041768707 43
175.264217687 175.564217687 79
175.531247166 175.831247166 63
176.959274376 177.259274376 63
181.347845805 181.647845805 63
181.347845805 181.647845805 79
190.403628118 190.703628118 62
190.647437642 190.947437642 65
192.400544218 192.700544218 63
196.197006803 196.497006803 60
196.533696145 196.833696145 58
205.775238095 206.075238095 77
216.375147392 216.675147392 60
219.579501134 219.879501134 54
225.837278912 226.137278912 56
227.207256236 227.507256236 63
227.729705215 228.029705215 63
228.92553288 229.22553288 58
229.564081633 229.864081633 84
231.502947846 231.802947846 43
235.531609977 235.831609977 56
235.531609977 235.831609977 68
235.589659864 235.889659864 60
236.367528345 236.667528345 56
236.553287982 236.853287982 56
238.085804989 238.385804989 63
238.68952381 238.98952381 58
242.544036281 242.844036281 53
242.683356009 242.983356009 56
245.307210884 245.607210884 54
245.690340136 245.990340136 51
245.818049887 246.118049887 54
246.340498866 246.640498866 54
246.839727891 247.139727891 54
247.350566893 247.650566893 54
250.032471655 250.332471655 51
252.133877551 252.433877551 43
255.047981859 255.347981859 68
259.889342404 260.189342404 43
263.697414966 263.997414966 67
264.684263039 264.984263039 63
265.264761905 265.564761905 56
265.555011338 265.855011338 62
266.286439909 266.586439909 58
266.739229025 267.039229025 67
270.071292517 270.371292517 67
270.860770975 271.160770975 58
271.383219955 271.683219955 69
274.494693878 274.794693878 67
282.853877551 283.153877551 63
283.713015873 284.013015873 51
285.350022676 285.650022676 58
286.499410431 286.799410431 56
286.882539683 287.182539683 51
288.461496599 288.761496599 56
289.146485261 289.446485261 75
289.413514739 289.713514739 58
293.767256236 294.067256236 56
295.044353741 295.344353741 63
295.543582766 295.843582766 43
299.398095238 299.698095238 62
299.398095238 299.698095238 65
300.965442177 301.265442177 67
305.597823129 305.897823129 63
314.305306122 314.605306122 51
314.850975057 315.150975057 67
315.187664399 315.487664399 55
315.187664399 315.487664399 63
315.187664399 315.487664399 67
315.361814059 315.661814059 67
315.698503401 315.998503401 55
315.895873016 316.195873016 67
316.96399093 317.26399093 67
321.027482993 321.327482993 63
321.201632653 321.501632653 68
321.700861678 322.000861678 67
323.55845805 323.85845805 63
324.38276644 324.68276644 67
326.484172336 326.784172336 63
329.909115646 330.209115646 58
330.431564626 330.731564626 63
330.942403628 331.242403628 43
330.942403628 331.242403628 51
331.081723356 331.381723356 63
331.464852608 331.764852608 55
331.464852608 331.764852608 67
334.286077098 334.586077098 68
344.305487528 344.605487528 63
344.305487528 344.605487528 79
345.721904762 346.021904762 70
350.11047619 350.41047619 70
365.16861678 365.46861678 77
375.780136054 376.080136054 60
378.984489796 379.284489796 54
386.066575964 386.366575964 63
386.589024943 386.889024943 63
387.099863946 387.399863946 63
387.587482993 387.887482993 63
388.284081633 388.584081633 58
388.94585034 389.24585034 43
394.936598639 395.236598639 60
395.749297052 396.049297052 56
395.877006803 396.177006803 56
397.421133787 397.721133787 63
403.063582766 403.363582766 56
403.075192744 403.375192744 68
405.025668934 405.325668934 51
405.153378685 405.453378685 54
405.675827664 405.975827664 54
406.175056689 406.475056689 54
409.054331066 409.354331066 59
409.367800454 409.667800454 51
414.383310658 414.683310658 68
423.032743764 423.332743764 67
423.996371882 424.296371882 63
424.077641723 424.377641723 55
424.634920635 424.934920635 56
424.843900227 425.143900227 62
425.61015873 425.91015873 58
426.051337868 426.351337868 67
429.395011338 429.695011338 67
430.416689342 430.716689342 43
430.579229025 430.879229025 46
430.706938776 431.006938776 69
433.830022676 434.130022676 67
439.820770975 440.120770975 67
442.165986395 442.465986395 63
442.177596372 442.477596372 67
442.676825397 442.976825397 67
443.048344671 443.348344671 51
445.823129252 446.123129252 56
446.217868481 446.517868481 51
447.413696145 447.713696145 77
448.73723356 449.03723356 58
454.33324263 454.63324263 63
459.209433107 459.509433107 44
460.254331066 460.554331066 67
462.75047619 463.05047619 79
473.559365079 473.859365079 51
474.105034014 474.405034014 67
474.441723356 474.741723356 55
474.441723356 474.741723356 63
474.441723356 474.741723356 67
474.615873016 474.915873016 67
475.16154195 475.46154195 67
475.68399093 475.98399093 67
476.218049887 476.518049887 67
480.293151927 480.593151927 63
480.467301587 480.767301587 68
480.966530612 481.266530612 67
483.091156463 483.391156463 67
488.629115646 488.929115646 60
489.163174603 489.463174603 58
489.674013605 489.974013605 63
490.184852608 490.484852608 43
490.184852608 490.484852608 51
490.312562358 490.612562358 63
493.923265306 494.223265306 72
494.178684807 494.478684807 56
495.792471655 496.092471655 68
503.547936508 503.847936508 79
509.35292517 509.65292517 70
511.059591837 511.359591837 68
513.973696145 514.273696145 68
515.181133787 515.481133787 58
519.163356009 519.463356009 62
521.520181406 521.820181406 51
522.286439909 522.586439909 63
522.286439909 522.586439909 67
523.981496599 524.281496599 32
