0.534058956916 0.834058956916 58
1.60217687075 1.90217687075 67
2.26394557823 2.56394557823 69
5.8398185941 6.1398185941 67
5.979138322 6.279138322 43
8.9977324263 9.2977324263 60
9.00934240363 9.30934240363 43
10.1935600907 10.4935600907 56
13.2585941043 13.5585941043 60
14.4312018141 14.7312018141 44
18.4482539683 18.7482539683 56
28.4444444444 28.7444444444 70
30.7664399093 31.0664399093 84
31.6487981859 31.9487981859 57
32.8214058957 33.1214058957 44
32.833015873 33.133015873 65
36.5365986395 36.8365986395 62
37.2448072562 37.5448072562 63
38.7308843537 39.0308843537 63
44.8725623583 45.1725623583 56
44.8841723356 45.1841723356 51
47.2874376417 47.5874376417 51
49.121814059 49.421814059 63
50.3292517007 50.6292517007 63
52.6280272109 52.9280272109 58
53.7890249433 54.0890249433 58
56.6218594104 56.9218594104 51
56.6218594104 56.9218594104 58
57.8409070295 58.1409070295 67
57.8409070295 58.1409070295 79
58.467845805 58.767845805 55
60.7317913832 61.0317913832 67
61.904399093 62.204399093 58
65.3177324263 65.6177324263 58
66.4787301587 66.7787301587 63
68.313106576 68.613106576 51
68.9516553288 69.2516553288 67
70.1358730159 70.4358730159 63
73.0267573696 73.3267573696 51
73.6653061224 73.9653061224 51
73.9787755102 74.2787755102 63
74.5941043084 74.8941043084 63
74.5941043084 74.8941043084 67
75.1978231293 75.4978231293 58
75.6157823129 75.9157823129 58
75.6970521542 75.9970521542 34
75.7434920635 76.0434920635 56
78.5414965986 78.8414965986 67
78.5414965986 78.8414965986 79
81.9780498866 82.2780498866 51
82.8952380952 83.1952380952 63
84.1839455782 84.4839455782 58
84.6019047619 84.9019047619 34
85.751292517 86.051292517 56
88.5957369615 88.8957369615 51
89.0369160998 89.3369160998 86
91.2312018141 91.5312018141 53
92.8449886621 93.1449886621 51
96.2931519274 96.5931519274 63
96.5717913832 96.8717913832 97
97.6399092971 97.9399092971 60
97.6515192744 97.9515192744 44
99.7413151927 100.041315193 53
101.320272109 101.620272109 39
101.784671202 102.084671202 99
101.92399093 102.22399093 60
101.935600907 102.235600907 56
104.095056689 104.395056689 56
104.106666667 104.406666667 46
105.952653061 106.252653061 46
106.022312925 106.322312925 51
106.800181406 107.100181406 55
107.160090703 107.460090703 57
107.357460317 107.657460317 58
107.740589569 108.040589569 67
108.123718821 108.423718821 69
108.657777778 108.957777778 79
109.830385488 110.130385488 63
110.457324263 110.757324263 58
110.759183673 111.059183673 74
110.979773243 111.279773243 53
111.328072562 111.628072562 82
111.978231293 112.278231293 74
112.245260771 112.545260771 67
112.245260771 112.545260771 70
112.674829932 112.974829932 51
112.674829932 112.974829932 58
114.996825397 115.296825397 46
115.066485261 115.366485261 51
115.565714286 115.865714286 67
115.565714286 115.865714286 70
116.030113379 116.330113379 56
116.204263039 116.504263039 57
117.179501134 117.479501134 69
118.8861678 119.1861678 63
119.489886621 119.789886621 51
120.198095238 120.498095238 56
120.790204082 121.090204082 84
123.321179138 123.621179138 51
123.321179138 123.621179138 58
123.936507937 124.236507937 46
126.281723356 126.581723356 63
126.885442177 127.185442177 43
127.489160998 127.789160998 58
127.570430839 127.870430839 55
128.197369615 128.497369615 32
128.406349206 128.706349206 51
128.661768707 128.961768707 39
128.870748299 129.170748299 46
129.079727891 129.379727891 63
129.602176871 129.902176871 70
131.215963719 131.515963719 55
132.527891156 132.827891156 53
133.42185941 133.72185941 70
133.433469388 133.733469388 67
133.781768707 134.081768707 46
134.199727891 134.499727891 63
137.427301587 137.727301587 58
138.495419501 138.795419501 39
138.797278912 139.097278912 46
139.006258503 139.306258503 63
139.168798186 139.468798186 67
139.54031746 139.84031746 70
139.633197279 139.933197279 67
139.760907029 140.060907029 82
140.573605442 140.873605442 58
142.454421769 142.754421769 46
143.069750567 143.369750567 51
143.069750567 143.369750567 67
143.627029478 143.927029478 63
144.950566893 145.250566893 63
145.252426304 145.552426304 51
145.333696145 145.633696145 39
145.496235828 145.796235828 51
145.600725624 145.900725624 39
146.982312925 147.282312925 63
147.040362812 147.340362812 67
147.760181406 148.060181406 43
148.015600907 148.315600907 46
149.037278912 149.337278912 51
149.548117914 149.848117914 51
150.047346939 150.347346939 48
150.209886621 150.509886621 63
150.697505669 150.997505669 63
150.871655329 151.171655329 62
150.95292517 151.25292517 63
151.103854875 151.403854875 58
151.370884354 151.670884354 64
151.405714286 151.705714286 63
152.079092971 152.379092971 46
152.659591837 152.959591837 62
153.530340136 153.830340136 51
153.704489796 154.004489796 51
154.180498866 154.480498866 56
154.552018141 154.852018141 63
154.981587302 155.281587302 44
155.178956916 155.478956916 63
155.55047619 155.85047619 51
157.268752834 157.568752834 51
157.268752834 157.568752834 58
157.767981859 158.067981859 51
158.24399093 158.54399093 75
158.429750567 158.729750567 63
158.441360544 158.741360544 82
159.079909297 159.379909297 62
159.312108844 159.612108844 58
159.579138322 159.879138322 64
159.590748299 159.890748299 79
160.751746032 161.051746032 88
160.821405896 161.121405896 55
161.134875283 161.434875283 91
161.250975057 161.550975057 47
162.237823129 162.537823129 59
162.249433107 162.549433107 47
162.249433107 162.549433107 51
162.249433107 162.549433107 63
162.748662132 163.048662132 47
162.748662132 163.048662132 59
163.259501134 163.559501134 47
163.259501134 163.559501134 59
163.271111111 163.571111111 51
163.271111111 163.571111111 56
164.199909297 164.499909297 95
164.199909297 164.499909297 96
164.826848073 165.126848073 32
164.9661678 165.2661678 59
165.047437642 165.347437642 44
165.477006803 165.777006803 92
166.510294785 166.810294785 89
167.775782313 168.075782313 86
167.903492063 168.203492063 89
172.106303855 172.406303855 65
174.358639456 174.658639456 96
174.834648526 175.134648526 91
175.124897959 175.424897959 42
176.669024943 176.969024943 70
177.55138322 177.85138322 69
177.632653061 177.932653061 60
179.234829932 179.534829932 51
179.397369615 179.697369615 67
181.580045351 181.880045351 67
182.183764172 182.483764172 55
182.334693878 182.634693878 32
182.729433107 183.029433107 69
182.799092971 183.099092971 55
182.961632653 183.261632653 51
183.124172336 183.424172336 39
183.611791383 183.911791383 51
184.215510204 184.515510204 51
186.572335601 186.872335601 67
187.942312925 188.242312925 69
191.065396825 191.365396825 51
191.518185941 191.818185941 67
191.773605442 192.073605442 69
192.133514739 192.433514739 55
192.899773243 193.199773243 51
193.399002268 193.699002268 58
194.176870748 194.476870748 51
194.90829932 195.20829932 39
195.593287982 195.893287982 39
196.51047619 196.81047619 67
197.694693878 197.994693878 58
197.868843537 198.168843537 51
198.33324263 198.63324263 58
199.053061224 199.353061224 39
199.053061224 199.353061224 62
199.459410431 199.759410431 67
199.610340136 199.910340136 55
200.214058957 200.514058957 58
201.003537415 201.303537415 51
202.663764172 202.963764172 58
203.279092971 203.579092971 58
203.778321995 204.078321995 39
203.940861678 204.240861678 39
204.103401361 204.403401361 46
204.103401361 204.403401361 51
204.242721088 204.542721088 39
204.289160998 204.589160998 75
204.591020408 204.891020408 58
205.380498866 205.680498866 51
205.392108844 205.692108844 39
207.040725624 207.340725624 58
207.598004535 207.898004535 58
208.282993197 208.582993197 62
209.664580499 209.964580499 58
209.687800454 209.987800454 63
209.687800454 209.987800454 82
210.732698413 211.032698413 68
210.779138322 211.079138322 62
211.475736961 211.775736961 51
211.928526077 212.228526077 63
212.137505669 212.437505669 51
212.137505669 212.437505669 63
212.845714286 213.145714286 67
214.598820862 214.898820862 58
215.666938776 215.966938776 68
216.305487528 216.605487528 34
218.116643991 218.416643991 60
220.252879819 220.552879819 44
222.122086168 222.422086168 32
225.10585034 225.40585034 46
225.616689342 225.916689342 58
225.62829932 225.92829932 51
232.338866213 232.638866213 53
232.338866213 232.638866213 58
234.04553288 234.34553288 67
235.032380952 235.332380952 46
236.390748299 236.690748299 51
240.431020408 240.731020408 60
243.136145125 243.436145125 58
243.147755102 243.447755102 46
245.794829932 246.094829932 58
245.794829932 246.094829932 62
247.141587302 247.441587302 51
247.803356009 248.103356009 58
248.453514739 248.753514739 58
249.800272109 250.100272109 51
251.147029478 251.447029478 46
257.102947846 257.402947846 63
259.761632653 260.061632653 63
260.458231293 260.758231293 56
262.582857143 262.882857143 58
262.582857143 262.882857143 63
263.581315193 263.881315193 68
263.906394558 264.206394558 53
266.843718821 267.143718821 70
267.075918367 267.375918367 69
267.969886621 268.269886621 51
268.144036281 268.444036281 69
269.038004535 269.338004535 69
269.223764172 269.523764172 70
269.293424036 269.593424036 69
269.583673469 269.883673469 69
269.746213152 270.046213152 63
270.849160998 271.149160998 51
271.53414966 271.83414966 69
272.579047619 272.879047619 67
273.670385488 273.970385488 51
273.83292517 274.13292517 69
274.726893424 275.026893424 69
274.912653061 275.212653061 70
274.993922902 275.293922902 69
275.284172336 275.584172336 69
275.446712018 275.746712018 63
276.538049887 276.838049887 51
277.420408163 277.720408163 63
280.450612245 280.750612245 67
280.589931973 280.889931973 55
280.589931973 280.889931973 67
280.880181406 281.180181406 58
281.193650794 281.493650794 55
282.633287982 282.933287982 67
282.90031746 283.20031746 55
284.014875283 284.314875283 56
284.862403628 285.162403628 67
285.663492063 285.963492063 55
287.335328798 287.635328798 55
288.867845805 289.167845805 63
289.06521542 289.36521542 69
289.877913832 290.177913832 58
291.642630385 291.942630385 63
292.257959184 292.557959184 63
292.989387755 293.289387755 51
293.709206349 294.009206349 67
293.883356009 294.183356009 63
294.429024943 294.729024943 63
294.870204082 295.170204082 62
295.148843537 295.448843537 51
295.264943311 295.564943311 58
296.066031746 296.366031746 51
296.216961451 296.516961451 51
296.333061224 296.633061224 58
296.61170068 296.91170068 63
297.029659864 297.329659864 68
297.052879819 297.352879819 62
297.331519274 297.631519274 51
298.271927438 298.571927438 51
298.376417234 298.676417234 51
299.25877551 299.55877551 62
299.537414966 299.837414966 51
300.106303855 300.406303855 96
300.651972789 300.951972789 51
301.406621315 301.706621315 98
301.77814059 302.07814059 51
301.894240363 302.194240363 58
304.355555556 304.655555556 43
304.982494331 305.282494331 60
305.063764172 305.363764172 67
305.400453515 305.700453515 60
305.864852608 306.164852608 63
306.410521542 306.710521542 72
307.54829932 307.84829932 31
308.581587302 308.881587302 93
308.662857143 308.962857143 95
308.662857143 308.962857143 96
310.206984127 310.506984127 84
311.960090703 312.260090703 75
312.331609977 312.631609977 83
313.585487528 313.885487528 63
313.771247166 314.071247166 63
313.991836735 314.291836735 63
314.119546485 314.419546485 44
315.710113379 316.010113379 44
316.96399093 317.26399093 65
319.169886621 319.469886621 75
322.176870748 322.476870748 51
322.176870748 322.476870748 58
324.789115646 325.089115646 67
328.840997732 329.140997732 58
333.438548753 333.738548753 102
343.724988662 344.024988662 56
344.68861678 344.98861678 67
345.629024943 345.929024943 56
345.768344671 346.068344671 43
346.070204082 346.370204082 58
346.395283447 346.695283447 52
348.717278912 349.017278912 63
349.831836735 350.131836735 72
351.259863946 351.559863946 63
362.022312925 362.322312925 51
362.475102041 362.775102041 68
362.846621315 363.146621315 50
364.402358277 364.702358277 51
364.86675737 365.16675737 56
365.598185941 365.898185941 51
365.946485261 366.246485261 67
366.51537415 366.81537415 58
367.16553288 367.46553288 67
368.047891156 368.347891156 51
371.623764172 371.923764172 44
372.134603175 372.434603175 67
372.924081633 373.224081633 44
372.924081633 373.224081633 56
373.771609977 374.071609977 51
375.733696145 376.033696145 67
375.826575964 376.126575964 58
376.337414966 376.637414966 44
376.58122449 376.88122449 44
376.685714286 376.985714286 46
376.697324263 376.997324263 58
376.813424036 377.113424036 51
376.825034014 377.125034014 63
377.173333333 377.473333333 69
377.626122449 377.926122449 63
377.637732426 377.937732426 67
377.788662132 378.088662132 68
377.939591837 378.239591837 69
378.067301587 378.367301587 70
378.22984127 378.52984127 75
379.297959184 379.597959184 93
381.17877551 381.47877551 70
388.481451247 388.781451247 63
395.88861678 396.18861678 63
397.119274376 397.419274376 63
399.743129252 400.043129252 51
401.229206349 401.529206349 51
403.644081633 403.944081633 63
404.143310658 404.443310658 55
404.863129252 405.163129252 51
405.582947846 405.882947846 51
405.95446712 406.25446712 39
406.674285714 406.974285714 44
406.674285714 406.974285714 51
408.334512472 408.634512472 56
409.797369615 410.097369615 56
410.552018141 410.852018141 68
410.714557823 411.014557823 63
411.654965986 411.954965986 47
413.152653061 413.452653061 51
413.152653061 413.452653061 58
415.103129252 415.403129252 63
415.312108844 415.612108844 64
415.637188209 415.937188209 63
415.822947846 416.122947846 54
416.02031746 416.32031746 56
416.357006803 416.657006803 54
417.309024943 417.609024943 51
417.680544218 417.980544218 63
420.234739229 420.534739229 66
420.617868481 420.917868481 64
421.48861678 421.78861678 63
422.521904762 422.821904762 75
423.183673469 423.483673469 56
423.891882086 424.191882086 66
424.298231293 424.598231293 66
424.739410431 425.039410431 66
424.843900227 425.143900227 73
425.285079365 425.585079365 75
425.48244898 425.78244898 78
426.237097506 426.537097506 66
426.237097506 426.537097506 83
426.492517007 426.792517007 66
426.60861678 426.90861678 73
427.351655329 427.651655329 59
428.744852608 429.044852608 62
428.849342404 429.149342404 66
429.278911565 429.578911565 66
429.395011338 429.695011338 73
429.882630385 430.182630385 80
430.335419501 430.635419501 66
431.182947846 431.482947846 66
431.566077098 431.866077098 66
431.798276644 432.098276644 62
432.007256236 432.307256236 66
433.493333333 433.793333333 49
434.37569161 434.67569161 66
434.816870748 435.116870748 66
435.432199546 435.732199546 80
435.943038549 436.243038549 73
436.360997732 436.660997732 64
436.697687075 436.997687075 66
437.115646259 437.415646259 66
437.347845805 437.647845805 62
437.54521542 437.84521542 66
438.810702948 439.110702948 54
439.135782313 439.435782313 58
439.263492063 439.563492063 35
439.263492063 439.563492063 64
439.739501134 440.039501134 59
439.832380952 440.132380952 66
440.761179138 441.061179138 59
441.016598639 441.316598639 61
441.016598639 441.316598639 64
441.167528345 441.467528345 40
441.167528345 441.467528345 59
441.225578231 441.525578231 52
441.504217687 441.804217687 68
441.66675737 441.96675737 59
441.66675737 441.96675737 64
441.957006803 442.257006803 51
442.165986395 442.465986395 51
442.537505669 442.837505669 59
442.758095238 443.058095238 64
442.758095238 443.058095238 83
442.932244898 443.232244898 59
443.234104308 443.534104308 76
443.245714286 443.545714286 68
443.326984127 443.626984127 64
443.4430839 443.7430839 59
443.884263039 444.184263039 58
444.337052154 444.637052154 66
444.499591837 444.799591837 54
445.277460317 445.577460317 59
445.544489796 445.844489796 61
445.695419501 445.995419501 59
446.008888889 446.308888889 68
446.148208617 446.448208617 59
446.600997732 446.900997732 59
446.949297052 447.249297052 61
447.077006803 447.377006803 78
447.448526077 447.748526077 59
447.506575964 447.806575964 52
447.761995465 448.061995465 76
447.773605442 448.073605442 68
447.854875283 448.154875283 64
448.412154195 448.712154195 58
448.597913832 448.897913832 66
448.853333333 449.153333333 66
449.642811791 449.942811791 66
449.654421769 449.954421769 61
450.002721088 450.302721088 59
450.316190476 450.616190476 92
450.513560091 450.813560091 59
450.513560091 450.813560091 78
451.117278912 451.417278912 42
451.593287982 451.893287982 66
452.301496599 452.601496599 66
452.313106576 452.613106576 61
453.03292517 453.33292517 68
453.358004535 453.658004535 64
453.520544218 453.820544218 70
453.659863946 453.959863946 54
453.950113379 454.250113379 58
454.066213152 454.366213152 64
454.484172336 454.784172336 59
455.262040816 455.562040816 61
455.958639456 456.258639456 59
455.958639456 456.258639456 92
456.15600907 456.45600907 59
456.167619048 456.467619048 78
457.97877551 458.27877551 43
457.97877551 458.27877551 61
457.97877551 458.27877551 66
458.373514739 458.673514739 40
458.408344671 458.708344671 59
458.512834467 458.812834467 85
459.964081633 460.264081633 43
461.125079365 461.425079365 40
462.692426304 462.992426304 81
463.400634921 463.700634921 69
466.256689342 466.556689342 81
466.872018141 467.172018141 95
467.09260771 467.39260771 71
467.417687075 467.717687075 71
467.661496599 467.961496599 71
467.661496599 467.961496599 76
467.800816327 468.100816327 55
470.784580499 471.084580499 76
473.327165533 473.627165533 69
473.675464853 473.975464853 67
474.906122449 475.206122449 63
476.171609977 476.471609977 69
476.531519274 476.831519274 68
476.856598639 477.156598639 63
480.072562358 480.372562358 63
481.848888889 482.148888889 69
482.220408163 482.520408163 67
482.731247166 483.031247166 67
483.10276644 483.40276644 60
483.973514739 484.273514739 47
484.159274376 484.459274376 35
485.041632653 485.341632653 55
485.041632653 485.341632653 60
485.40154195 485.70154195 47
487.862857143 488.162857143 55
487.87446712 488.17446712 60
488.57106576 488.87106576 64
489.488253968 489.788253968 69
490.742131519 491.042131519 61
492.193378685 492.493378685 52
492.193378685 492.493378685 57
492.901587302 493.201587302 31
493.64462585 493.94462585 61
493.841995465 494.141995465 69
494.039365079 494.339365079 54
494.039365079 494.339365079 59
499.310294785 499.610294785 44
501.167891156 501.467891156 58
501.725170068 502.025170068 58
502.294058957 502.594058957 58
503.246077098 503.546077098 50
507.170249433 507.470249433 42
507.170249433 507.470249433 63
507.913287982 508.213287982 58
508.470566893 508.770566893 58
512.34829932 512.64829932 58
512.708208617 513.008208617 44
512.777868481 513.077868481 58
513.613786848 513.913786848 44
513.985306122 514.285306122 54
514.716734694 515.016734694 42
514.925714286 515.225714286 60
515.29723356 515.59723356 58
515.47138322 515.77138322 39
515.64553288 515.94553288 44
516.551111111 516.851111111 44
516.934240363 517.234240363 44
516.934240363 517.234240363 54
517.491519274 517.791519274 58
518.060408163 518.360408163 58
518.629297052 518.929297052 58
519.558095238 519.858095238 50
523.447437642 523.747437642 63
524.178866213 524.478866213 58
524.736145125 525.036145125 58
528.962176871 529.262176871 69
530.622403628 530.922403628 43
531.539591837 531.839591837 67
532.212970522 532.512970522 69
532.677369615 532.977369615 43
532.677369615 532.977369615 46
532.677369615 532.977369615 50
532.677369615 532.977369615 58
534.662675737 534.962675737 67
534.813605442 535.113605442 50
534.82521542 535.12521542 44
536.369342404 536.669342404 69
538.180498866 538.480498866 67
539.225396825 539.525396825 58
539.72462585 540.02462585 58
540.490884354 540.790884354 69
540.955283447 541.255283447 43
540.955283447 541.255283447 46
540.955283447 541.255283447 50
540.955283447 541.255283447 58
541.779591837 542.079591837 58
543.613968254 543.913968254 68
545.111655329 545.411655329 39
545.111655329 545.411655329 43
545.111655329 545.411655329 51
545.425124717 545.725124717 43
545.425124717 545.725124717 63
545.436734694 545.736734694 58
547.178231293 547.478231293 43
547.178231293 547.478231293 51
547.619410431 547.919410431 67
548.01414966 548.31414966 51
548.641088435 548.941088435 67
548.710748299 549.010748299 56
549.291247166 549.591247166 43
549.302857143 549.602857143 50
549.685986395 549.985986395 67
550.463854875 550.763854875 51
550.475464853 550.775464853 63
550.579954649 550.879954649 63
551.392653061 551.692653061 50
551.65968254 551.95968254 34
552.054421769 552.354421769 68
553.401179138 553.701179138 43
553.842358277 554.142358277 51
554.991746032 555.291746032 67
555.932154195 556.232154195 67
556.048253968 556.348253968 55
556.315283447 556.615283447 51
556.686802721 556.986802721 67
556.802902494 557.102902494 68
557.55755102 557.85755102 43
557.882630385 558.182630385 43
557.882630385 558.182630385 58
557.882630385 558.182630385 63
558.38185941 558.68185941 67
559.008798186 559.308798186 51
559.693786848 559.993786848 50
561.713922902 562.013922902 43
562.665941043 562.965941043 51
562.782040816 563.082040816 67
563.02585034 563.32585034 63
564.604807256 564.904807256 68
565.313015873 565.613015873 63
567.182222222 567.482222222 63
567.426031746 567.726031746 63
568.354829932 568.654829932 68
569.074648526 569.374648526 63
570.340136054 570.640136054 67
571.280544218 571.580544218 68
572.186122449 572.486122449 56
572.638911565 572.938911565 63
572.871111111 573.171111111 67
574.937687075 575.237687075 68
575.169886621 575.469886621 44
575.843265306 576.143265306 56
576.296054422 576.596054422 63
576.528253968 576.828253968 67
578.130430839 578.430430839 63
578.583219955 578.883219955 68
579.500408163 579.800408163 63
579.837097506 580.137097506 63
583.354920635 583.654920635 75
583.656780045 583.956780045 68
586.141315193 586.441315193 56
588.707120181 589.007120181 58
589.995827664 590.295827664 67
590.97106576 591.27106576 43
594.872018141 595.172018141 55
595.87047619 596.17047619 56
597.670022676 597.970022676 55
599.121269841 599.421269841 56
599.56244898 599.86244898 55
599.56244898 599.86244898 60
600.026848073 600.326848073 60
600.479637188 600.779637188 55
602.557823129 602.857823129 63
605.402267574 605.702267574 60
605.611247166 605.911247166 33
606.087256236 606.387256236 55
608.560181406 608.860181406 63
609.372879819 609.672879819 63
610.27845805 610.57845805 59
610.4061678 610.7061678 84
610.417777778 610.717777778 88
610.893786848 611.193786848 62
611.810975057 612.110975057 67
612.670113379 612.970113379 69
613.773061224 614.073061224 51
614.620589569 614.920589569 70
615.909297052 616.209297052 51
616.04861678 616.34861678 51
616.187936508 616.487936508 63
619.009160998 619.309160998 74
619.299410431 619.599410431 59
619.369070295 619.669070295 43
619.369070295 619.669070295 55
619.369070295 619.669070295 67
620.297868481 620.597868481 69
621.215056689 621.515056689 51
621.34276644 621.64276644 63
621.749115646 622.049115646 67
624.361360544 624.661360544 41
624.570340136 624.870340136 52
625.16244898 625.46244898 60
625.371428571 625.671428571 50
625.580408163 625.880408163 60
625.7661678 626.0661678 43
626.98521542 627.28521542 58
