0.986848072562 1.28684807256 57
0.986848072562 1.28684807256 60
0.986848072562 1.28684807256 69
0.986848072562 1.28684807256 72
0.986848072562 1.28684807256 81
2.6819047619 2.9819047619 64
5.64244897959 5.94244897959 60
10.0078004535 10.3078004535 61
10.0078004535 10.3078004535 81
10.0078004535 10.3078004535 93
12.2136961451 12.5136961451 79
12.2136961451 12.5136961451 83
12.2136961451 12.5136961451 91
13.3863038549 13.6863038549 48
13.8507029478 14.1507029478 84
14.4079818594 14.7079818594 65
14.4079818594 14.7079818594 77
14.4079818594 14.7079818594 83
14.4079818594 14.7079818594 89
15.6154195011 15.9154195011 48
18.9590929705 19.2590929705 57
20.7121995465 21.0121995465 62
21.1765986395 21.4765986395 31
21.1765986395 21.4765986395 62
21.269478458 21.569478458 43
22.4304761905 22.7304761905 64
24.1719727891 24.4719727891 62
28.3167346939 28.6167346939 69
29.9189115646 30.2189115646 68
31.8693877551 32.1693877551 64
32.0319274376 32.3319274376 52
32.4614965986 32.7614965986 69
32.902675737 33.202675737 69
34.0985034014 34.3985034014 68
34.4119727891 34.7119727891 64
34.4119727891 34.7119727891 69
34.8647619048 35.1647619048 69
36.0605895692 36.3605895692 64
36.2231292517 36.5231292517 52
36.5017687075 36.8017687075 69
36.5946485261 36.8946485261 93
38.812154195 39.112154195 67
39.6016326531 39.9016326531 67
39.7873922902 40.0873922902 64
39.9383219955 40.2383219955 67
41.7610884354 42.0610884354 64
42.0745578231 42.3745578231 69
42.9336961451 43.2336961451 63
43.6999546485 43.9999546485 69
44.3385034014 44.6385034014 84
46.114829932 46.414829932 60
48.8896145125 49.1896145125 43
48.8896145125 49.1896145125 53
49.4701133787 49.7701133787 69
49.7255328798 50.0255328798 69
51.4670294785 51.7670294785 69
51.6992290249 51.9992290249 69
51.989478458 52.289478458 69
54.5785034014 54.8785034014 69
58.5955555556 58.8955555556 69
59.4546938776 59.7546938776 69
59.9539229025 60.2539229025 69
60.61569161 60.91569161 69
61.1381405896 61.4381405896 69
61.6373696145 61.9373696145 57
61.9972789116 62.2972789116 56
62.7519274376 63.0519274376 49
62.7519274376 63.0519274376 56
62.9725170068 63.2725170068 56
63.123446712 63.423446712 50
63.7619954649 64.0619954649 54
64.0058049887 64.3058049887 54
64.2496145125 64.5496145125 60
65.0623129252 65.3623129252 49
65.2596825397 65.5596825397 50
65.3641723356 65.6641723356 59
65.7473015873 66.0473015873 52
65.9911111111 66.2911111111 52
66.9779591837 67.2779591837 51
68.1737868481 68.4737868481 60
69.5785941043 69.8785941043 52
70.0662131519 70.3662131519 44
70.5538321995 70.8538321995 44
71.4013605442 71.7013605442 32
72.8061678005 73.1061678005 36
75.081723356 75.381723356 52
75.3603628118 75.6603628118 60
75.6273922902 75.9273922902 44
75.906031746 76.206031746 59
77.0902494331 77.3902494331 69
77.229569161 77.529569161 52
77.229569161 77.529569161 57
77.62430839 77.92430839 56
80.0856235828 80.3856235828 47
81.5600907029 81.8600907029 52
82.6746485261 82.9746485261 64
83.7543764172 84.0543764172 49
84.8341043084 85.1341043084 69
85.6468027211 85.9468027211 43
88.328707483 88.628707483 69
90.0237641723 90.3237641723 52
90.1746938776 90.4746938776 56
90.1746938776 90.4746938776 64
93.9711564626 94.2711564626 68
96.0957823129 96.3957823129 56
102.423219955 102.723219955 73
106.126802721 106.426802721 43
106.858231293 107.158231293 69
109.16861678 109.46861678 69
110.352834467 110.652834467 69
111.46739229 111.76739229 69
113.499138322 113.799138322 44
113.557188209 113.857188209 64
113.661678005 113.961678005 64
116.134603175 116.434603175 84
116.331972789 116.631972789 45
117.156281179 117.456281179 56
118.352108844 118.652108844 44
118.712018141 119.012018141 69
119.826575964 120.126575964 69
120.047165533 120.347165533 56
120.952743764 121.252743764 69
121.695782313 121.995782313 62
123.367619048 123.667619048 67
123.472108844 123.772108844 69
124.122267574 124.422267574 60
125.469024943 125.769024943 62
126.839002268 127.139002268 52
127.907120181 128.207120181 64
128.069659864 128.369659864 52
129.044897959 129.344897959 64
129.369977324 129.669977324 60
129.869206349 130.169206349 52
130.031746032 130.331746032 50
130.589024943 130.889024943 33
130.728344671 131.028344671 59
130.867664399 131.167664399 60
131.564263039 131.864263039 69
131.81968254 132.11968254 69
132.109931973 132.409931973 69
134.76861678 135.06861678 55
135.047256236 135.347256236 64
140.829024943 141.129024943 33
143.209070295 143.509070295 60
144.4861678 144.7861678 62
144.822857143 145.122857143 43
144.822857143 145.122857143 55
145.229206349 145.529206349 63
145.519455782 145.819455782 63
148.363900227 148.663900227 52
150.035736961 150.335736961 64
150.279546485 150.579546485 52
150.523356009 150.823356009 69
151.30122449 151.60122449 68
151.42893424 151.72893424 69
151.684353741 151.984353741 64
152.230022676 152.530022676 52
152.94984127 153.24984127 64
153.716099773 154.016099773 64
153.925079365 154.225079365 52
154.168888889 154.468888889 69
154.679727891 154.979727891 69
154.807437642 155.107437642 67
155.07446712 155.37446712 67
155.77106576 156.07106576 52
155.782675737 156.082675737 59
157.5938322 157.8938322 52
158.093061224 158.393061224 69
158.743219955 159.043219955 69
158.987029478 159.287029478 64
159.54430839 159.84430839 52
160.449886621 160.749886621 64
160.995555556 161.295555556 33
161.239365079 161.539365079 52
161.239365079 161.539365079 72
161.471564626 161.771564626 69
161.738594104 162.038594104 69
161.994013605 162.294013605 69
163.085351474 163.385351474 52
163.096961451 163.396961451 59
164.083809524 164.383809524 64
165.151927438 165.451927438 69
166.533514739 166.833514739 69
167.00952381 167.30952381 69
168.576870748 168.876870748 62
168.669750567 168.969750567 56
168.78585034 169.08585034 56
169.494058957 169.794058957 55
170.701496599 171.001496599 64
173.232471655 173.532471655 59
173.42984127 173.72984127 43
175.937596372 176.237596372 69
176.448435374 176.748435374 62
177.655873016 177.955873016 62
181.649705215 181.949705215 53
181.986394558 182.286394558 69
183.14739229 183.44739229 69
183.344761905 183.644761905 52
183.902040816 184.202040816 52
184.052970522 184.352970522 44
184.62185941 184.92185941 52
186.850975057 187.150975057 63
186.943854875 187.243854875 69
187.48952381 187.78952381 64
188.302222222 188.602222222 49
188.418321995 188.718321995 69
189.532879819 189.832879819 69
189.602539683 189.902539683 55
189.939229025 190.239229025 43
193.073922902 193.373922902 69
195.546848073 195.846848073 68
196.5569161 196.8569161 57
197.50893424 197.80893424 69
199.471020408 199.771020408 57
199.668390023 199.968390023 56
199.668390023 199.968390023 57
199.668390023 199.968390023 95
203.209433107 203.509433107 57
205.368888889 205.668888889 67
206.111927438 206.411927438 55
206.495056689 206.795056689 43
208.712562358 209.012562358 69
210.337959184 210.637959184 69
210.616598639 210.916598639 57
219.718820862 220.018820862 43
219.730430839 220.030430839 31
220.020680272 220.320680272 95
223.10893424 223.40893424 65
231.804807256 232.104807256 43
244.355192744 244.655192744 32
245.748390023 246.048390023 43
248.035555556 248.335555556 51
250.171791383 250.471791383 43
250.856780045 251.156780045 44
257.34675737 257.64675737 81
259.088253968 259.388253968 52
259.088253968 259.388253968 57
259.378503401 259.678503401 69
259.657142857 259.957142857 55
259.657142857 259.957142857 60
260.852970522 261.152970522 33
261.050340136 261.350340136 69
261.654058957 261.954058957 52
262.29260771 262.59260771 44
262.94276644 263.24276644 68
263.221405896 263.521405896 40
263.476825397 263.776825397 44
263.650975057 263.950975057 52
263.743854875 264.043854875 64
263.836734694 264.136734694 33
263.848344671 264.148344671 69
264.138594104 264.438594104 36
264.208253968 264.508253968 60
264.219863946 264.519863946 55
265.624671202 265.924671202 45
265.624671202 265.924671202 69
266.808888889 267.108888889 56
268.06276644 268.36276644 59
268.666485261 268.966485261 69
269.397913832 269.697913832 69
270.048072562 270.348072562 52
270.05968254 270.35968254 57
270.349931973 270.649931973 45
270.36154195 270.66154195 69
270.593741497 270.893741497 44
270.965260771 271.265260771 52
270.965260771 271.265260771 59
271.127800454 271.427800454 44
271.243900227 271.543900227 44
271.766349206 272.066349206 59
273.147936508 273.447936508 33
273.159546485 273.459546485 69
273.240816327 273.540816327 45
273.426575964 273.726575964 60
273.519455782 273.819455782 55
273.786485261 274.086485261 44
274.332154195 274.632154195 92
274.622403628 274.922403628 52
274.924263039 275.224263039 69
275.237732426 275.537732426 59
275.527981859 275.827981859 56
277.466848073 277.766848073 69
277.768707483 278.068707483 49
277.768707483 278.068707483 56
277.896417234 278.196417234 49
278.593015873 278.893015873 69
279.150294785 279.450294785 67
279.64952381 279.94952381 69
279.765623583 280.065623583 50
280.311292517 280.611292517 69
282.401088435 282.701088435 68
282.830657596 283.130657596 63
282.842267574 283.142267574 55
283.991655329 284.291655329 67
284.386394558 284.686394558 68
284.502494331 284.802494331 53
284.653424036 284.953424036 67
287.579138322 287.879138322 69
288.136417234 288.436417234 69
288.403446712 288.703446712 56
290.36553288 290.66553288 60
291.526530612 291.826530612 60
292.617868481 292.917868481 63
292.722358277 293.022358277 69
294.986303855 295.286303855 68
296.112471655 296.412471655 69
296.251791383 296.551791383 69
297.168979592 297.468979592 59
297.540498866 297.840498866 52
298.457687075 298.757687075 69
298.852426304 299.152426304 69
299.351655329 299.651655329 45
299.409705215 299.709705215 33
299.467755102 299.767755102 45
299.73478458 300.03478458 48
299.943764172 300.243764172 69
301.08154195 301.38154195 69
301.545941043 301.845941043 38
301.545941043 301.845941043 77
301.754920635 302.054920635 50
301.847800454 302.147800454 56
302.021950113 302.321950113 50
303.937596372 304.237596372 59
304.494875283 304.794875283 52
304.90122449 305.20122449 45
305.400453515 305.700453515 69
305.72553288 306.02553288 64
305.922902494 306.222902494 52
305.922902494 306.222902494 56
307.188390023 307.488390023 69
307.606349206 307.906349206 69
308.488707483 308.788707483 48
308.67446712 308.97446712 69
309.405895692 309.705895692 69
309.823854875 310.123854875 69
310.392743764 310.692743764 38
310.508843537 310.808843537 50
310.636553288 310.936553288 56
310.775873016 311.075873016 50
311.054512472 311.354512472 60
312.169070295 312.469070295 56
312.819229025 313.119229025 59
312.819229025 313.119229025 64
313.14430839 313.44430839 68
313.562267574 313.862267574 52
314.061496599 314.361496599 69
315.663673469 315.963673469 73
315.675283447 315.975283447 64
316.070022676 316.370022676 52
316.070022676 316.370022676 57
316.557641723 316.857641723 69
317.161360544 317.461360544 61
318.287528345 318.587528345 69
318.461678005 318.761678005 56
318.798367347 319.098367347 56
318.995736961 319.295736961 69
320.121904762 320.421904762 64
321.131972789 321.431972789 69
321.21324263 321.51324263 64
321.329342404 321.629342404 44
321.538321995 321.838321995 58
321.921451247 322.221451247 52
322.339410431 322.639410431 52
322.699319728 322.999319728 58
322.943129252 323.243129252 56
323.268208617 323.568208617 60
