0.16253968254 0.46253968254 65
0.905578231293 1.20557823129 49
1.34675736961 1.64675736961 56
1.74149659864 2.04149659864 49
2.15945578231 2.45945578231 49
2.76317460317 3.06317460317 49
2.76317460317 3.06317460317 54
2.76317460317 3.06317460317 58
3.41333333333 3.71333333333 49
4.02866213152 4.32866213152 56
4.04027210884 4.34027210884 49
4.04027210884 4.34027210884 53
4.66721088435 4.96721088435 49
5.28253968254 5.58253968254 61
5.94430839002 6.24430839002 49
5.94430839002 6.24430839002 54
6.54802721088 6.84802721088 54
6.79183673469 7.09183673469 56
7.18657596372 7.48657596372 49
7.18657596372 7.48657596372 51
7.18657596372 7.48657596372 54
7.8019047619 8.1019047619 54
7.81351473923 8.11351473923 51
8.47528344671 8.77528344671 49
8.47528344671 8.77528344671 53
8.47528344671 8.77528344671 61
8.92807256236 9.22807256236 49
9.36925170068 9.66925170068 49
9.36925170068 9.66925170068 53
9.36925170068 9.66925170068 61
9.83365079365 10.1336507937 44
9.83365079365 10.1336507937 49
10.274829932 10.574829932 49
10.274829932 10.574829932 53
10.274829932 10.574829932 61
10.7392290249 11.0392290249 44
10.7392290249 11.0392290249 49
11.2152380952 11.5152380952 49
11.2268480726 11.5268480726 53
11.2268480726 11.5268480726 61
11.6912471655 11.9912471655 44
11.6912471655 11.9912471655 49
12.1788662132 12.4788662132 49
12.1788662132 12.4788662132 53
12.1788662132 12.4788662132 61
12.6897052154 12.9897052154 44
12.6897052154 12.9897052154 49
15.7082993197 16.0082993197 44
18.4598639456 18.7598639456 68
20.2826303855 20.5826303855 53
20.2826303855 20.5826303855 56
22.4653061224 22.7653061224 56
25.2168707483 25.5168707483 53
28.5837641723 28.8837641723 44
28.5837641723 28.8837641723 68
28.8043537415 29.1043537415 68
30.4297505669 30.7297505669 56
30.4413605442 30.7413605442 53
30.9057596372 31.2057596372 56
32.1944671202 32.4944671202 56
37.7208163265 38.0208163265 56
38.9630839002 39.2630839002 56
39.8338321995 40.1338321995 56
41.5404988662 41.8404988662 69
42.3764172336 42.6764172336 44
42.3764172336 42.6764172336 56
42.7943764172 43.0943764172 56
44.0598639456 44.3598639456 44
44.0598639456 44.3598639456 85
44.8957823129 45.1957823129 49
44.8957823129 45.1957823129 56
45.3137414966 45.6137414966 44
45.7665306122 46.0665306122 68
46.1728798186 46.4728798186 44
46.1728798186 46.4728798186 49
46.1728798186 46.4728798186 56
47.9027664399 48.2027664399 56
49.1450340136 49.4450340136 49
49.1450340136 49.4450340136 56
49.9925623583 50.2925623583 44
50.410521542 50.710521542 56
51.7108390023 52.0108390023 69
52.5583673469 52.8583673469 56
53.3942857143 53.6942857143 69
54.2302040816 54.5302040816 44
55.066122449 55.366122449 49
55.0777324263 55.3777324263 56
55.5073015873 55.8073015873 44
55.925260771 56.225260771 68
56.354829932 56.654829932 56
59.3037641723 59.6037641723 61
60.2673922902 60.5673922902 44
60.2790022676 60.5790022676 53
61.8463492063 62.1463492063 56
64.3657142857 64.6657142857 61
65.6195918367 65.9195918367 56
69.0213151927 69.3213151927 56
69.4392743764 69.7392743764 61
69.6598639456 69.9598639456 68
70.0546031746 70.3546031746 61
70.4145124717 70.7145124717 53
70.5654421769 70.8654421769 49
84.6019047619 84.9019047619 61
88.7698866213 89.0698866213 56
89.1994557823 89.4994557823 63
90.0353741497 90.3353741497 56
91.695600907 91.995600907 56
91.7072108844 92.0072108844 68
92.9378684807 93.2378684807 56
94.6445351474 94.9445351474 49
99.9851247166 100.285124717 54
99.9967346939 100.296734694 49
101.262222222 101.562222222 53
102.492879819 102.792879819 61
103.758367347 104.058367347 54
103.781587302 104.081587302 51
104.013786848 104.313786848 56
104.420136054 104.720136054 49
105.012244898 105.312244898 54
105.023854875 105.323854875 49
105.023854875 105.323854875 51
106.138412698 106.438412698 49
107.508390023 107.808390023 44
107.508390023 107.808390023 49
107.508390023 107.808390023 53
107.972789116 108.272789116 44
107.972789116 108.272789116 49
108.913197279 109.213197279 49
109.435646259 109.735646259 37
109.435646259 109.735646259 44
109.435646259 109.735646259 49
109.435646259 109.735646259 53
109.981315193 110.281315193 44
109.981315193 110.281315193 49
