2.51936507937 2.81936507937 58
2.75156462585 3.05156462585 64
3.27401360544 3.57401360544 62
3.66875283447 3.96875283447 64
6.3158276644 6.6158276644 69
6.55963718821 6.85963718821 63
6.79183673469 7.09183673469 63
9.26476190476 9.56476190476 67
10.9946485261 11.2946485261 66
11.7260770975 12.0260770975 40
11.7376870748 12.0376870748 52
11.7376870748 12.0376870748 56
13.212154195 13.512154195 68
14.3731519274 14.6731519274 58
15.1161904762 15.4161904762 62
18.1696145125 18.4696145125 69
18.401814059 18.701814059 63
18.6340136054 18.9340136054 63
22.3724263039 22.6724263039 69
23.6379138322 23.9379138322 40
23.6379138322 23.9379138322 59
24.9962811791 25.2962811791 62
25.2865306122 25.5865306122 43
25.2865306122 25.5865306122 55
27.6317460317 27.9317460317 69
27.7594557823 28.0594557823 63
28.4908843537 28.7908843537 54
28.7230839002 29.0230839002 61
29.7215419501 30.0215419501 61
29.9885714286 30.2885714286 61
30.2207709751 30.5207709751 61
30.4878004535 30.7878004535 54
30.754829932 31.054829932 42
32.473106576 32.773106576 84
36.4321088435 36.7321088435 59
36.699138322 36.999138322 66
38.2316553288 38.5316553288 64
38.2316553288 38.5316553288 78
38.7192743764 39.0192743764 59
39.4390929705 39.7390929705 66
40.3678911565 40.6678911565 70
40.9716099773 41.2716099773 63
41.1457596372 41.4457596372 63
41.6333786848 41.9333786848 59
42.0281179138 42.3281179138 63
42.1906575964 42.4906575964 63
43.0149659864 43.3149659864 62
44.0946938776 44.3946938776 62
44.8957823129 45.1957823129 56
45.4414512472 45.7414512472 56
46.7301587302 47.0301587302 58
46.9507482993 47.2507482993 64
47.8795464853 48.1795464853 64
50.5266213152 50.8266213152 69
50.7472108844 51.0472108844 63
54.9500226757 55.2500226757 52
56.5405895692 56.8405895692 68
57.0630385488 57.3630385488 62
57.5506575964 57.8506575964 52
57.7712471655 58.0712471655 52
58.9206349206 59.2206349206 62
59.326984127 59.626984127 67
59.4314739229 59.7314739229 62
60.61569161 60.91569161 49
61.5677097506 61.8677097506 69
61.6838095238 61.9838095238 63
62.4152380952 62.7152380952 54
62.659047619 62.959047619 61
63.6575056689 63.9575056689 61
63.9245351474 64.2245351474 54
64.1451247166 64.4451247166 61
64.4237641723 64.7237641723 54
64.6907936508 64.9907936508 69
65.0855328798 65.3855328798 61
66.4090702948 66.7090702948 84
71.215600907 71.515600907 71
73.3750566893 73.6750566893 43
73.3750566893 73.6750566893 66
74.292244898 74.592244898 70
74.9191836735 75.2191836735 63
75.081723356 75.381723356 63
75.9640816327 76.2640816327 63
76.1150113379 76.4150113379 63
76.9509297052 77.2509297052 62
78.0306575964 78.3306575964 62
78.8317460317 79.1317460317 56
80.2946031746 80.5946031746 61
80.2946031746 80.5946031746 69
80.6429024943 80.9429024943 58
81.3975510204 81.6975510204 62
81.8039002268 82.1039002268 64
84.0562358277 84.3562358277 69
84.462585034 84.762585034 69
84.6831746032 84.9831746032 63
90.9873922902 91.2873922902 62
93.7041269841 94.0041269841 69
93.7737868481 94.0737868481 66
95.8055328798 96.1055328798 40
96.5601814059 96.8601814059 63
96.7923809524 97.0923809524 64
96.8039909297 97.1039909297 68
