1.48607709751 1.78607709751 62
2.71673469388 3.01673469388 60
2.71673469388 3.01673469388 69
8.09215419501 8.39215419501 55
8.41723356009 8.71723356009 60
9.40408163265 9.70408163265 55
19.3654421769 19.6654421769 55
21.0024489796 21.3024489796 57
21.0024489796 21.3024489796 69
21.3971882086 21.6971882086 64
21.5713378685 21.8713378685 47
21.803537415 22.103537415 35
21.803537415 22.103537415 47
22.3840362812 22.6840362812 43
22.5117460317 22.8117460317 60
22.5233560091 22.8233560091 43
23.4753741497 23.7753741497 57
23.6379138322 23.9379138322 43
23.7540136054 24.0540136054 59
23.9629931973 24.2629931973 62
25.1007709751 25.4007709751 69
25.5303401361 25.8303401361 60
25.7160997732 26.0160997732 47
26.1108390023 26.4108390023 59
26.2965986395 26.5965986395 67
26.493968254 26.793968254 43
26.6565079365 26.9565079365 60
27.3995464853 27.6995464853 60
27.6201360544 27.9201360544 57
27.782675737 28.082675737 43
28.0380952381 28.3380952381 43
29.826031746 30.126031746 62
31.8926077098 32.1926077098 69
32.5659863946 32.8659863946 62
36.7687981859 37.0687981859 69
37.7556462585 38.0556462585 55
37.7556462585 38.0556462585 67
39.1952834467 39.4952834467 67
41.3082993197 41.6082993197 67
41.7146485261 42.0146485261 59
41.7146485261 42.0146485261 67
42.0745578231 42.3745578231 66
43.073015873 43.373015873 67
44.361723356 44.661723356 57
44.361723356 44.661723356 60
44.361723356 44.661723356 66
45.650430839 45.950430839 55
45.8013605442 46.1013605442 62
46.1380498866 46.4380498866 54
46.8346485261 47.1346485261 55
46.8346485261 47.1346485261 67
49.2959637188 49.5959637188 62
51.8153287982 52.1153287982 67
52.02430839 52.32430839 62
55.9136507937 56.2136507937 55
56.2387301587 56.5387301587 69
57.2255782313 57.5255782313 55
58.6768253968 58.9768253968 67
58.8161451247 59.1161451247 57
59.0019047619 59.3019047619 57
59.2224943311 59.5224943311 64
59.3850340136 59.6850340136 47
59.8029931973 60.1029931973 52
59.8029931973 60.1029931973 59
60.220952381 60.520952381 43
60.3370521542 60.6370521542 60
61.0800907029 61.3800907029 60
61.4632199546 61.7632199546 43
61.7882993197 62.0882993197 43
61.7882993197 62.0882993197 62
61.8579591837 62.1579591837 60
62.9260770975 63.2260770975 69
63.9593650794 64.2593650794 52
64.2147845805 64.5147845805 55
64.3192743764 64.6192743764 43
64.481814059 64.781814059 60
64.5979138322 64.8979138322 48
65.2248526077 65.5248526077 60
65.4454421769 65.7454421769 57
65.6195918367 65.9195918367 43
65.7473015873 66.0473015873 43
65.8634013605 66.1634013605 43
69.7295238095 70.0295238095 69
70.1823129252 70.4823129252 67
74.6405442177 74.9405442177 60
74.6405442177 74.9405442177 69
76.9277097506 77.2277097506 43
