4.58594104308 4.88594104308 63
6.53641723356 6.83641723356 56
8.82358276644 9.12358276644 46
8.82358276644 9.12358276644 51
11.459047619 11.759047619 67
13.5140136054 13.8140136054 63
14.5589115646 14.8589115646 50
15.5921995465 15.8921995465 58
17.7168253968 18.0168253968 60
18.796553288 19.096553288 67
19.8298412698 20.1298412698 48
19.8298412698 20.1298412698 55
20.6657596372 20.9657596372 63
20.8399092971 21.1399092971 60
21.3275283447 21.6275283447 60
24.3693424036 24.6693424036 56
27.6665759637 27.9665759637 67
28.7230839002 29.0230839002 69
30.8360997732 31.1360997732 58
32.7517460317 33.0517460317 58
32.7517460317 33.0517460317 77
38.4638548753 38.7638548753 60
41.6101587302 41.9101587302 51
43.1891156463 43.4891156463 63
44.1295238095 44.4295238095 51
44.1295238095 44.4295238095 67
46.2309297052 46.5309297052 67
46.509569161 46.809569161 59
46.8578684807 47.1578684807 55
47.2061678005 47.5061678005 55
47.2061678005 47.5061678005 59
47.5428571429 47.8428571429 55
48.2394557823 48.5394557823 55
48.2394557823 48.5394557823 59
48.587755102 48.887755102 59
48.587755102 48.887755102 62
48.9244444444 49.2244444444 59
49.6326530612 49.9326530612 55
50.0622222222 50.3622222222 55
53.1272562358 53.4272562358 60
53.8470748299 54.1470748299 67
54.0444444444 54.3444444444 63
54.241814059 54.541814059 58
54.8803628118 55.1803628118 56
55.890430839 56.190430839 56
55.890430839 56.190430839 58
55.890430839 56.190430839 62
55.890430839 56.190430839 74
57.2836281179 57.5836281179 58
60.8478911565 61.1478911565 44
61.1845804989 61.4845804989 56
62.2062585034 62.5062585034 43
63.3556462585 63.6556462585 62
68.638185941 68.938185941 68
73.8162358277 74.1162358277 51
73.8162358277 74.1162358277 59
73.8162358277 74.1162358277 63
79.7489342404 80.0489342404 63
79.7489342404 80.0489342404 67
80.631292517 80.931292517 58
86.0183219955 86.3183219955 58
86.3550113379 86.6550113379 67
89.1065759637 89.4065759637 67
89.6058049887 89.9058049887 58
90.3024036281 90.6024036281 63
91.4285714286 91.7285714286 58
92.125170068 92.425170068 55
93.2281179138 93.5281179138 58
96.3047619048 96.6047619048 68
96.6646712018 96.9646712018 62
96.8039909297 97.1039909297 58
97.4425396825 97.7425396825 63
99.0911564626 99.3911564626 67
99.2304761905 99.5304761905 55
101.691791383 101.991791383 56
102.736689342 103.036689342 56
104.594285714 104.894285714 63
106.312562358 106.612562358 55
106.637641723 106.937641723 67
107.415510204 107.715510204 58
107.798639456 108.098639456 67
108.727437642 109.027437642 60
109.760725624 110.060725624 56
110.434104308 110.734104308 56
110.933333333 111.233333333 60
111.606712018 111.906712018 58
112.686439909 112.986439909 58
113.371428571 113.671428571 55
113.650068027 113.950068027 67
114.439546485 114.739546485 58
115.136145125 115.436145125 53
116.053333333 116.353333333 62
118.653968254 118.953968254 63
119.722086168 120.022086168 58
122.171791383 122.471791383 63
123.890068027 124.190068027 41
123.901678005 124.201678005 53
123.901678005 124.201678005 58
124.981405896 125.281405896 58
124.993015873 125.293015873 56
128.812698413 129.112698413 43
135.349115646 135.649115646 69
135.883174603 136.183174603 57
138.356099773 138.656099773 63
139.493877551 139.793877551 67
140.353015873 140.653015873 53
141.026394558 141.326394558 62
141.839092971 142.139092971 65
142.976870748 143.276870748 57
143.650249433 143.950249433 58
143.66185941 143.96185941 53
145.461405896 145.761405896 58
146.366984127 146.666984127 62
146.877823129 147.177823129 62
148.433560091 148.733560091 69
150.163446712 150.463446712 57
151.405714286 151.705714286 69
151.974603175 152.274603175 69
153.182040816 153.482040816 69
155.237006803 155.537006803 50
155.5969161 155.8969161 50
155.89877551 156.19877551 66
156.746303855 157.046303855 62
158.441360544 158.741360544 50
169.273469388 169.573469388 66
169.273469388 169.573469388 70
170.422857143 170.722857143 63
172.768072562 173.068072562 67
172.919002268 173.219002268 63
176.738684807 177.038684807 63
177.667482993 177.967482993 67
177.830022676 178.130022676 63
180.256507937 180.556507937 63
182.009614512 182.309614512 60
182.764263039 183.064263039 63
185.782857143 186.082857143 69
186.258866213 186.558866213 63
186.909024943 187.209024943 41
187.09478458 187.39478458 58
187.721723356 188.021723356 55
190.809977324 191.109977324 79
194.768979592 195.068979592 67
195.55845805 195.85845805 67
198.983401361 199.283401361 63
199.796099773 200.096099773 44
201.177687075 201.477687075 63
201.32861678 201.62861678 68
201.560816327 201.860816327 68
202.280634921 202.580634921 89
202.710204082 203.010204082 56
203.6738322 203.9738322 63
203.952471655 204.252471655 63
204.776780045 205.076780045 56
205.206349206 205.506349206 63
206.088707483 206.388707483 67
206.181587302 206.481587302 63
207.354195011 207.654195011 34
207.354195011 207.654195011 77
211.719546485 212.019546485 51
211.719546485 212.019546485 63
211.719546485 212.019546485 79
214.947120181 215.247120181 63
215.806258503 216.106258503 58
215.806258503 216.106258503 63
217.071746032 217.371746032 62
218.058594104 218.358594104 67
218.476553288 218.776553288 48
218.755192744 219.055192744 63
220.287709751 220.587709751 68
221.274557823 221.574557823 63
221.413877551 221.713877551 67
221.529977324 221.829977324 63
222.830294785 223.130294785 63
223.526893424 223.826893424 67
224.142222222 224.442222222 51
226.208798186 226.508798186 58
227.358185941 227.658185941 58
227.358185941 227.658185941 63
228.681723356 228.981723356 51
228.75138322 229.05138322 63
230.713469388 231.013469388 58
232.687165533 232.987165533 67
232.814875283 233.114875283 51
233.534693878 233.834693878 63
236.054058957 236.354058957 50
237.760725624 238.060725624 56
239.420952381 239.720952381 63
240.837369615 241.137369615 63
241.545578231 241.845578231 63
243.101315193 243.401315193 63
245.365260771 245.665260771 63
246.607528345 246.907528345 79
246.909387755 247.209387755 63
256.696598639 256.996598639 58
256.708208617 257.008208617 63
271.592199546 271.892199546 43
271.592199546 271.892199546 50
272.799637188 273.099637188 67
272.950566893 273.250566893 58
274.227664399 274.527664399 62
274.634013605 274.934013605 58
277.629387755 277.929387755 63
278.024126984 278.324126984 58
279.684353741 279.984353741 34
279.684353741 279.984353741 58
279.684353741 279.984353741 70
281.414240363 281.714240363 58
282.273378685 282.573378685 58
282.273378685 282.573378685 64
293.244807256 293.544807256 58
294.9630839 295.2630839 52
294.9630839 295.2630839 57
296.356281179 296.656281179 63
296.356281179 296.656281179 66
296.646530612 296.946530612 51
296.646530612 296.946530612 60
296.925170068 297.225170068 60
297.772698413 298.072698413 56
297.78430839 298.08430839 44
298.051337868 298.351337868 63
298.353197279 298.653197279 60
300.025034014 300.325034014 46
300.025034014 300.325034014 62
309.638095238 309.938095238 63
310.160544218 310.460544218 63
310.682993197 310.982993197 63
312.79600907 313.09600907 60
313.573877551 313.873877551 69
317.544489796 317.844489796 68
320.725623583 321.025623583 63
321.271292517 321.571292517 51
321.851791383 322.151791383 67
322.304580499 322.604580499 63
331.000453515 331.300453515 58
332.045351474 332.345351474 63
332.289160998 332.589160998 63
335.481904762 335.781904762 41
335.481904762 335.781904762 53
335.493514739 335.793514739 50
335.493514739 335.793514739 58
336.317823129 336.617823129 67
336.898321995 337.198321995 67
337.420770975 337.720770975 60
337.420770975 337.720770975 63
338.163809524 338.463809524 60
338.245079365 338.545079365 91
339.197097506 339.497097506 60
339.197097506 339.497097506 67
344.735056689 345.035056689 67
349.204897959 349.504897959 60
350.818684807 351.118684807 58
353.605079365 353.905079365 53
354.789297052 355.089297052 67
362.939501134 363.239501134 67
366.979773243 367.279773243 63
367.281632653 367.581632653 63
368.082721088 368.382721088 63
368.349750567 368.649750567 63
368.593560091 368.893560091 63
369.139229025 369.439229025 63
369.383038549 369.683038549 63
369.963537415 370.263537415 51
370.497596372 370.797596372 63
373.179501134 373.479501134 51
373.179501134 373.479501134 55
373.980589569 374.280589569 68
376.395464853 376.695464853 56
376.674104308 376.974104308 44
377.440362812 377.740362812 44
377.451972789 377.751972789 63
377.997641723 378.297641723 63
379.611428571 379.911428571 51
379.611428571 379.911428571 55
379.611428571 379.911428571 58
379.623038549 379.923038549 63
380.551836735 380.851836735 51
381.074285714 381.374285714 51
381.35292517 381.65292517 91
382.548752834 382.848752834 63
382.815782313 383.115782313 43
383.106031746 383.406031746 58
383.767800454 384.067800454 63
383.895510204 384.195510204 55
383.895510204 384.195510204 58
384.011609977 384.311609977 51
384.17414966 384.47414966 58
384.684988662 384.984988662 51
384.684988662 384.984988662 55
384.684988662 384.984988662 58
385.068117914 385.368117914 34
386.020136054 386.320136054 51
387.529433107 387.829433107 51
389.154829932 389.454829932 67
