2.49614512472 2.79614512472 78
4.74848072562 5.04848072562 66
5.0735600907 5.3735600907 78
5.25931972789 5.55931972789 71
7.62775510204 7.92775510204 78
7.83673469388 8.13673469388 71
8.96290249433 9.26290249433 60
10.4605895692 10.7605895692 71
12.5503854875 12.8503854875 66
12.8754648526 13.1754648526 78
15.1045804989 15.4045804989 66
15.4180498866 15.7180498866 78
17.7284353741 18.0284353741 66
18.1812244898 18.4812244898 71
18.5527437642 18.8527437642 43
19.5163718821 19.8163718821 59
21.1185487528 21.4185487528 71
21.3275283447 21.6275283447 59
22.662675737 22.962675737 59
24.9846712018 25.2846712018 47
25.2168707483 25.5168707483 68
25.3561904762 25.6561904762 57
31.9042176871 32.2042176871 56
31.9158276644 32.2158276644 59
33.1232653061 33.4232653061 28
33.1232653061 33.4232653061 59
33.2858049887 33.5858049887 78
35.805170068 36.105170068 57
35.8167800454 36.1167800454 66
41.354739229 41.654739229 51
41.354739229 41.654739229 60
42.9917460317 43.2917460317 49
42.9917460317 43.2917460317 56
43.6070748299 43.9070748299 42
43.6302947846 43.9302947846 31
43.6302947846 43.9302947846 58
44.2456235828 44.5456235828 69
44.5242630385 44.8242630385 31
44.8377324263 45.1377324263 44
44.8493424036 45.1493424036 40
44.8493424036 45.1493424036 52
45.7433106576 46.0433106576 40
46.0567800454 46.3567800454 45
46.0567800454 46.3567800454 52
46.3702494331 46.6702494331 33
48.2510657596 48.5510657596 54
48.5529251701 48.8529251701 49
48.5529251701 48.8529251701 56
49.4701133787 49.7701133787 49
49.4701133787 49.7701133787 56
51.0606802721 51.3606802721 59
51.3393197279 51.6393197279 35
51.7688888889 52.0688888889 66
58.7929251701 59.0929251701 69
60.0816326531 60.3816326531 66
60.6621315193 60.9621315193 57
60.6621315193 60.9621315193 62
61.7534693878 62.0534693878 67
62.5893877551 62.8893877551 69
62.6474376417 62.9474376417 66
64.6791836735 64.9791836735 66
65.0158730159 65.3158730159 78
67.7442176871 68.0442176871 71
70.1590929705 70.4590929705 83
70.391292517 70.691292517 43
70.4029024943 70.7029024943 72
70.7628117914 71.0628117914 50
72.1676190476 72.4676190476 31
73.1428571429 73.4428571429 71
73.9787755102 74.2787755102 79
74.3619047619 74.6619047619 60
74.5708843537 74.8708843537 59
75.0933333333 75.3933333333 57
76.5678004535 76.8678004535 63
76.7071201814 77.0071201814 57
77.4037188209 77.7037188209 59
78.7504761905 79.0504761905 69
82.4888888889 82.7888888889 57
83.7892063492 84.0892063492 44
