0.522448979592 0.822448979592 55
0.743038548753 1.04303854875 65
1.03328798186 1.33328798186 68
3.52943310658 3.82943310658 63
4.17959183673 4.47959183673 60
4.17959183673 4.47959183673 63
5.51473922902 5.81473922902 57
5.51473922902 5.81473922902 66
6.55963718821 6.85963718821 65
7.5580952381 7.8580952381 64
7.82512471655 8.12512471655 67
8.63782312925 8.93782312925 75
8.63782312925 8.93782312925 78
10.5302494331 10.8302494331 61
13.0496145125 13.3496145125 75
13.1308843537 13.4308843537 72
15.0697505669 15.3697505669 69
15.1278004535 15.4278004535 63
15.9869387755 16.2869387755 43
16.3120181406 16.6120181406 63
16.3932879819 16.6932879819 86
16.5906575964 16.8906575964 63
17.3220861678 17.6220861678 63
20.8863492063 21.1863492063 79
23.1154648526 23.4154648526 62
23.5102040816 23.8102040816 60
24.3345124717 24.6345124717 53
24.3345124717 24.6345124717 62
25.1007709751 25.4007709751 57
25.1007709751 25.4007709751 63
26.2849886621 26.5849886621 62
26.459138322 26.759138322 79
26.6797278912 26.9797278912 60
27.5272562358 27.8272562358 62
28.2702947846 28.5702947846 57
28.6534240363 28.9534240363 58
29.2107029478 29.5107029478 77
29.4429024943 29.7429024943 66
29.6286621315 29.9286621315 78
30.4878004535 30.7878004535 63
30.4878004535 30.7878004535 70
31.2772789116 31.5772789116 68
31.2772789116 31.5772789116 70
31.2772789116 31.5772789116 77
31.8461678005 32.1461678005 66
32.833015873 33.133015873 70
33.5063945578 33.8063945578 63
33.5992743764 33.8992743764 70
34.5745124717 34.8745124717 62
35.3175510204 35.6175510204 58
36.1302494331 36.4302494331 68
36.2811791383 36.5811791383 64
36.5365986395 36.8365986395 43
36.5365986395 36.8365986395 78
36.5365986395 36.8365986395 82
36.733968254 37.033968254 78
37.093877551 37.393877551 81
37.987845805 38.287845805 61
38.5915646259 38.8915646259 67
38.7889342404 39.0889342404 61
39.2533333333 39.5533333333 72
39.8686621315 40.1686621315 79
42.5041269841 42.8041269841 69
42.7827664399 43.0827664399 58
43.6186848073 43.9186848073 60
44.8841723356 45.1841723356 65
44.8841723356 45.1841723356 67
44.8841723356 45.1841723356 69
45.9406802721 46.2406802721 58
46.7649886621 47.0649886621 60
49.086984127 49.386984127 63
49.4933333333 49.7933333333 58
49.876462585 50.176462585 34
54.3579138322 54.6579138322 62
55.2867120181 55.5867120181 63
56.0065306122 56.3065306122 82
58.0150566893 58.3150566893 64
58.0847165533 58.3847165533 67
59.3966439909 59.6966439909 62
59.7681632653 60.0681632653 55
60.116462585 60.416462585 51
62.9028571429 63.2028571429 72
63.0073469388 63.3073469388 62
63.158276644 63.458276644 60
63.7039455782 64.0039455782 60
63.7619954649 64.0619954649 36
64.91138322 65.21138322 57
65.6312018141 65.9312018141 65
65.9562811791 66.2562811791 62
67.5816780045 67.8816780045 58
71.4710204082 71.7710204082 63
76.5561904762 76.8561904762 56
80.4687528345 80.7687528345 63
81.8619501134 82.1619501134 70
82.3611791383 82.6611791383 67
84.462585034 84.762585034 49
84.462585034 84.762585034 56
84.7644444444 85.0644444444 59
85.286893424 85.586893424 67
85.6351927438 85.9351927438 56
86.21569161 86.51569161 44
86.9819501134 87.2819501134 44
86.9819501134 87.2819501134 56
87.1909297052 87.4909297052 56
87.3882993197 87.6882993197 56
87.7830385488 88.0830385488 49
87.9455782313 88.2455782313 31
88.1661678005 88.4661678005 49
88.4448072562 88.7448072562 56
88.8395464853 89.1395464853 68
89.7799546485 90.0799546485 35
92.4734693878 92.7734693878 44
92.6592290249 92.9592290249 68
92.8449886621 93.1449886621 35
94.8651247166 95.1651247166 62
97.4077097506 97.7077097506 92
98.10430839 98.40430839 80
98.10430839 98.40430839 89
98.4526077098 98.7526077098 71
98.4526077098 98.7526077098 80
98.4526077098 98.7526077098 89
98.4526077098 98.7526077098 98
101.146122449 101.446122449 86
105.383764172 105.683764172 62
106.405442177 106.705442177 64
106.904671202 107.204671202 73
107.438730159 107.738730159 56
108.054058957 108.354058957 64
108.402358277 108.702358277 71
108.460408163 108.760408163 68
108.576507937 108.876507937 72
108.936417234 109.236417234 56
108.948027211 109.248027211 73
109.110566893 109.410566893 71
109.145396825 109.445396825 73
109.319546485 109.619546485 64
111.014603175 111.314603175 64
111.014603175 111.314603175 69
111.502222222 111.802222222 65
111.525442177 111.825442177 73
112.233650794 112.533650794 69
113.069569161 113.369569161 69
113.255328798 113.555328798 79
113.708117914 114.008117914 62
115.147755102 115.447755102 69
115.217414966 115.517414966 81
115.530884354 115.830884354 62
116.610612245 116.910612245 62
117.330430839 117.630430839 46
117.609070295 117.909070295 60
117.818049887 118.118049887 63
118.700408163 119.000408163 63
119.768526077 120.068526077 71
120.035555556 120.335555556 66
120.093605442 120.393605442 57
120.093605442 120.393605442 69
120.244535147 120.544535147 76
120.825034014 121.125034014 66
121.010793651 121.310793651 43
121.045623583 121.345623583 75
121.835102041 122.135102041 62
122.624580499 122.924580499 69
124.725986395 125.025986395 76
125.283265306 125.583265306 64
125.550294785 125.850294785 69
127.129251701 127.429251701 73
127.860680272 128.160680272 81
130.530975057 130.830975057 81
130.763174603 131.063174603 81
131.146303855 131.446303855 69
131.285623583 131.585623583 79
133.236099773 133.536099773 60
133.433469388 133.733469388 29
133.921088435 134.221088435 42
134.11845805 134.41845805 68
134.42031746 134.72031746 53
134.826666667 135.126666667 60
135.720634921 136.020634921 68
135.999274376 136.299274376 41
136.022494331 136.322494331 53
136.602993197 136.902993197 58
137.961360544 138.261360544 58
137.972970522 138.272970522 53
138.147120181 138.447120181 34
140.260136054 140.560136054 56
144.428117914 144.728117914 68
145.078276644 145.378276644 67
145.333696145 145.633696145 59
146.773333333 147.073333333 67
146.982312925 147.282312925 40
147.051972789 147.351972789 59
147.609251701 147.909251701 41
147.620861678 147.920861678 60
148.363900227 148.663900227 67
150.546575964 150.846575964 44
152.102312925 152.402312925 31
152.113922902 152.413922902 42
153.669659864 153.969659864 41
155.341496599 155.641496599 46
155.89877551 156.19877551 67
156.89723356 157.19723356 44
158.464580499 158.764580499 31
158.661950113 158.961950113 42
158.952199546 159.252199546 58
159.416598639 159.716598639 47
159.567528345 159.867528345 66
159.567528345 159.867528345 69
164.606258503 164.906258503 68
165.384126984 165.684126984 69
166.48707483 166.78707483 70
166.672834467 166.972834467 70
167.578412698 167.878412698 65
169.494058957 169.794058957 59
169.633378685 169.933378685 54
169.633378685 169.933378685 57
169.633378685 169.933378685 62
169.668208617 169.968208617 50
171.932154195 172.232154195 41
171.932154195 172.232154195 48
171.943764172 172.243764172 51
172.570702948 172.870702948 34
173.151201814 173.451201814 50
173.754920635 174.054920635 31
174.045170068 174.345170068 58
174.60244898 174.90244898 63
175.508027211 175.808027211 56
178.143492063 178.443492063 65
178.352471655 178.652471655 61
180.163628118 180.463628118 57
181.220136054 181.520136054 72
181.32462585 181.62462585 62
183.217052154 183.517052154 57
183.960090703 184.260090703 65
184.14585034 184.44585034 68
184.552199546 184.852199546 69
184.854058957 185.154058957 87
185.283628118 185.583628118 74
185.515827664 185.815827664 69
185.608707483 185.908707483 68
185.806077098 186.106077098 66
186.235646259 186.535646259 32
187.466303855 187.766303855 90
188.476371882 188.776371882 81
188.580861678 188.880861678 43
191.018956916 191.318956916 70
191.274376417 191.574376417 70
192.08707483 192.38707483 62
192.319274376 192.619274376 70
192.655963719 192.955963719 82
193.236462585 193.536462585 70
193.422222222 193.722222222 82
193.503492063 193.803492063 98
193.666031746 193.966031746 65
193.73569161 194.03569161 82
193.805351474 194.105351474 62
193.944671202 194.244671202 70
194.060770975 194.360770975 82
194.130430839 194.430430839 98
194.25814059 194.55814059 32
