0.940408163265 1.24040816327 65
3.00698412698 3.30698412698 64
3.83129251701 4.13129251701 50
5.44507936508 5.74507936508 52
5.44507936508 5.74507936508 59
6.68734693878 6.98734693878 69
14.6053514739 14.9053514739 62
15.4296598639 15.7296598639 67
18.5179138322 18.8179138322 64
19.5279818594 19.8279818594 59
19.9459410431 20.2459410431 67
21.1765986395 21.4765986395 55
21.768707483 22.068707483 57
21.9660770975 22.2660770975 59
22.6046258503 22.9046258503 67
22.8136054422 23.1136054422 68
23.8236734694 24.1236734694 69
24.2068027211 24.5068027211 64
28.9901133787 29.2901133787 65
29.8028117914 30.1028117914 57
31.0450793651 31.3450793651 50
32.6472562358 32.9472562358 50
35.1201814059 35.4201814059 50
40.066031746 40.366031746 44
40.066031746 40.366031746 56
40.8903401361 41.1903401361 64
40.8903401361 41.1903401361 67
41.0528798186 41.3528798186 48
41.9584580499 42.2584580499 50
42.2719274376 42.5719274376 59
44.1991836735 44.4991836735 60
44.7332426304 45.0332426304 57
44.9422222222 45.2422222222 59
46.2309297052 46.5309297052 62
47.1481179138 47.4481179138 57
47.798276644 48.098276644 60
49.5746031746 49.8746031746 60
50.2247619048 50.5247619048 60
55.7627210884 56.0627210884 67
55.9717006803 56.2717006803 62
58.2472562358 58.5472562358 69
59.8958730159 60.1958730159 69
63.8780952381 64.1780952381 60
64.6211337868 64.9211337868 69
64.8533333333 65.1533333333 51
65.4222222222 65.7222222222 69
65.6428117914 65.9428117914 50
66.8618594104 67.1618594104 62
66.8734693878 67.1734693878 67
67.4307482993 67.7307482993 60
68.7542857143 69.0542857143 60
70.2868027211 70.5868027211 69
70.5538321995 70.8538321995 60
73.4911564626 73.7911564626 60
74.2806349206 74.5806349206 50
74.6753741497 74.9753741497 55
74.6985941043 74.9985941043 48
75.6854421769 75.9854421769 60
77.4965986395 77.7965986395 69
78.2744671202 78.5744671202 60
79.0871655329 79.3871655329 50
80.0740136054 80.3740136054 43
80.6545124717 80.9545124717 69
81.0376417234 81.3376417234 69
81.6413605442 81.9413605442 70
82.4076190476 82.7076190476 64
82.4076190476 82.7076190476 67
84.102675737 84.402675737 46
84.2768253968 84.5768253968 86
86.9122902494 87.2122902494 67
87.469569161 87.769569161 64
87.6669387755 87.9669387755 64
88.0384580499 88.3384580499 64
88.4099773243 88.7099773243 64
88.6421768707 88.9421768707 46
90.012154195 90.312154195 62
90.9177324263 91.2177324263 74
91.4517913832 91.7517913832 40
92.2064399093 92.5064399093 69
93.3093877551 93.6093877551 52
94.4587755102 94.7587755102 52
95.2714739229 95.5714739229 60
95.8635827664 96.1635827664 78
96.4324716553 96.7324716553 60
96.815600907 97.115600907 69
97.3728798186 97.6728798186 31
97.3728798186 97.6728798186 64
97.9185487528 98.2185487528 52
98.4758276644 98.7758276644 64
98.7196371882 99.0196371882 54
100.57723356 100.87723356 57
102.771519274 103.071519274 72
102.92244898 103.22244898 45
108.564897959 108.864897959 66
109.563356009 109.863356009 50
112.047891156 112.347891156 60
112.907029478 113.207029478 43
113.266938776 113.566938776 43
114.927165533 115.227165533 69
117.794829932 118.094829932 52
117.806439909 118.106439909 57
118.607528345 118.907528345 69
119.40861678 119.70861678 57
120.906303855 121.206303855 60
121.777052154 122.077052154 69
122.57814059 122.87814059 69
124.598276644 124.898276644 55
124.609886621 124.909886621 69
125.469024943 125.769024943 79
125.608344671 125.908344671 79
126.583582766 126.883582766 69
127.384671202 127.684671202 69
128.975238095 129.275238095 69
129.834376417 130.134376417 51
129.845986395 130.145986395 58
130.147845805 130.447845805 79
130.333605442 130.633605442 79
131.1230839 131.4230839 63
131.308843537 131.608843537 69
131.599092971 131.899092971 67
132.191201814 132.491201814 67
132.585941043 132.885941043 69
133.793378685 134.093378685 69
134.443537415 134.743537415 55
134.652517007 134.952517007 51
134.652517007 134.952517007 55
134.652517007 134.952517007 58
134.861496599 135.161496599 51
134.954376417 135.254376417 79
135.233015873 135.533015873 79
135.929614512 136.229614512 63
136.11537415 136.41537415 69
136.997732426 137.297732426 67
137.392471655 137.692471655 69
138.58829932 138.88829932 69
140.039546485 140.339546485 57
140.225306122 140.525306122 69
142.663401361 142.963401361 58
146.715283447 147.015283447 59
156.874013605 157.174013605 69
157.663492063 157.963492063 69
167.775782313 168.075782313 44
168.414331066 168.714331066 61
170.655056689 170.955056689 69
180.54675737 180.84675737 43
181.638095238 181.938095238 63
182.3230839 182.6230839 55
182.334693878 182.634693878 67
182.520453515 182.820453515 63
183.460861678 183.760861678 46
185.910566893 186.210566893 58
185.922176871 186.222176871 53
190.809977324 191.109977324 58
192.632743764 192.932743764 63
195.059229025 195.359229025 63
198.03138322 198.33138322 52
198.03138322 198.33138322 59
200.829387755 201.129387755 62
202.45478458 202.75478458 69
207.365804989 207.665804989 43
208.294603175 208.594603175 69
210.488888889 210.788888889 57
211.231927438 211.531927438 51
211.231927438 211.531927438 56
214.854240363 215.154240363 57
215.597278912 215.897278912 59
215.922358277 216.222358277 59
218.964172336 219.264172336 44
221.483537415 221.783537415 63
223.45723356 223.75723356 69
224.223492063 224.523492063 50
225.129070295 225.429070295 62
225.825668934 226.125668934 62
226.568707483 226.868707483 62
226.742857143 227.042857143 50
227.636825397 227.936825397 50
229.970430839 230.270430839 81
229.970430839 230.270430839 86
230.318730159 230.618730159 86
230.330340136 230.630340136 81
230.527709751 230.827709751 78
230.725079365 231.025079365 62
230.725079365 231.025079365 66
230.725079365 231.025079365 69
230.725079365 231.025079365 86
231.061768707 231.361768707 81
231.061768707 231.361768707 86
231.758367347 232.058367347 62
231.758367347 232.058367347 74
231.804807256 232.104807256 78
231.804807256 232.104807256 81
231.990566893 232.290566893 74
232.129886621 232.429886621 86
232.292426304 232.592426304 62
232.304036281 232.604036281 66
232.513015873 232.813015873 86
233.56952381 233.86952381 62
234.776961451 235.076961451 67
235.113650794 235.413650794 60
235.69414966 235.99414966 43
235.82185941 236.12185941 55
236.936417234 237.236417234 67
238.004535147 238.304535147 52
238.422494331 238.722494331 60
238.422494331 238.722494331 69
239.095873016 239.395873016 67
239.444172336 239.744172336 60
240.071111111 240.371111111 62
240.16399093 240.46399093 55
242.880725624 243.180725624 40
243.681814059 243.981814059 52
246.444988662 246.744988662 79
246.712018141 247.012018141 52
247.141587302 247.441587302 33
249.161723356 249.461723356 52
249.393922902 249.693922902 45
