2.64707482993 2.94707482993 65
4.86458049887 5.16458049887 76
5.10839002268 5.40839002268 65
6.38548752834 6.68548752834 60
6.72217687075 7.02217687075 65
7.70902494331 8.00902494331 63
14.036462585 14.336462585 55
26.3198185941 26.6198185941 84
27.2021768707 27.5021768707 65
27.4808163265 27.7808163265 69
27.5969160998 27.8969160998 61
29.0249433107 29.3249433107 44
31.3585487528 31.6585487528 65
31.6487981859 31.9487981859 44
32.9607256236 33.2607256236 65
33.8082539683 34.1082539683 63
33.9824036281 34.2824036281 63
46.3470294785 46.6470294785 60
50.7588208617 51.0588208617 60
51.3277097506 51.6277097506 57
51.7572789116 52.0572789116 60
52.1287981859 52.4287981859 58
52.5467573696 52.8467573696 60
53.6497052154 53.9497052154 60
54.0328344671 54.3328344671 60
55.426031746 55.726031746 55
55.426031746 55.726031746 58
55.426031746 55.726031746 64
56.285170068 56.585170068 57
56.9353287982 57.2353287982 60
57.3416780045 57.6416780045 60
57.8989569161 58.1989569161 57
58.3053061224 58.6053061224 60
58.7116553288 59.0116553288 55
58.7116553288 59.0116553288 58
59.0831746032 59.3831746032 60
60.220952381 60.520952381 60
60.61569161 60.91569161 60
62.0088888889 62.3088888889 55
62.0088888889 62.3088888889 58
62.0088888889 62.3088888889 64
62.8448072562 63.1448072562 57
72.1560090703 72.4560090703 55
72.6320181406 72.9320181406 57
72.6320181406 72.9320181406 69
74.1761451247 74.4761451247 69
75.8595918367 76.1595918367 57
76.4633106576 76.7633106576 68
76.6490702948 76.9490702948 69
76.9393197279 77.2393197279 60
77.9377777778 78.2377777778 60
78.2976870748 78.5976870748 58
78.6924263039 78.9924263039 60
79.8302040816 80.1302040816 60
80.2249433107 80.5249433107 60
81.6065306122 81.9065306122 55
81.6065306122 81.9065306122 58
81.6065306122 81.9065306122 64
82.4424489796 82.7424489796 57
82.4424489796 82.7424489796 69
83.1274376417 83.4274376417 60
83.5105668934 83.8105668934 60
84.067845805 84.367845805 57
84.497414966 84.797414966 60
86.4130612245 86.7130612245 60
86.8078004535 87.1078004535 60
88.1893877551 88.4893877551 55
88.1893877551 88.4893877551 58
88.1893877551 88.4893877551 64
89.0136961451 89.3136961451 57
98.8473469388 99.1473469388 69
100.170884354 100.470884354 62
100.44952381 100.74952381 69
101.262222222 101.562222222 67
101.297052154 101.597052154 64
102.899229025 103.199229025 69
105.256054422 105.556054422 64
105.743673469 106.043673469 69
106.985941043 107.285941043 69
108.204988662 108.504988662 63
108.611337868 108.911337868 55
110.248344671 110.548344671 55
111.896961451 112.196961451 60
113.127619048 113.427619048 69
113.441088435 113.741088435 53
113.510748299 113.810748299 60
114.056417234 114.356417234 57
114.845895692 115.145895692 57
117.539410431 117.839410431 52
117.93414966 118.23414966 67
119.745306122 120.045306122 63
120.000725624 120.300725624 62
122.996099773 123.296099773 63
123.205079365 123.505079365 62
124.772426304 125.072426304 57
125.561904762 125.861904762 57
126.8738322 127.1738322 62
131.784852608 132.084852608 43
135.314285714 135.614285714 57
136.347573696 136.647573696 76
136.881632653 137.181632653 84
136.951292517 137.251292517 57
137.880090703 138.180090703 60
139.203628118 139.503628118 63
142.199002268 142.499002268 58
147.040362812 147.340362812 43
149.687437642 149.987437642 57
150.709115646 151.009115646 62
151.115464853 151.415464853 84
152.067482993 152.367482993 65
156.606984127 156.906984127 57
158.743219955 159.043219955 65
162.319092971 162.619092971 56
162.702222222 163.002222222 56
166.18521542 166.48521542 64
166.696054422 166.996054422 58
167.055963719 167.355963719 51
174.219319728 174.519319728 58
175.113287982 175.413287982 56
177.806802721 178.106802721 55
177.806802721 178.106802721 60
179.884988662 180.184988662 58
184.575419501 184.875419501 57
184.935328798 185.235328798 65
185.213968254 185.513968254 65
186.595555556 186.895555556 65
186.978684807 187.278684807 69
187.605623583 187.905623583 69
187.861043084 188.161043084 62
188.244172336 188.544172336 65
190.392018141 190.692018141 63
193.201632653 193.501632653 65
193.979501134 194.279501134 69
194.420680272 194.720680272 62
194.954739229 195.254739229 62
203.093333333 203.393333333 75
205.577868481 205.877868481 67
207.551564626 207.851564626 62
208.851882086 209.151882086 65
210.059319728 210.359319728 63
210.337959184 210.637959184 63
211.638276644 211.938276644 65
212.926984127 213.226984127 65
213.670022676 213.970022676 65
213.670022676 213.970022676 69
214.122811791 214.422811791 58
214.134421769 214.434421769 62
214.680090703 214.980090703 62
216.653786848 216.953786848 63
216.909206349 217.209206349 63
218.093424036 218.393424036 65
220.403809524 220.703809524 69
220.659229025 220.959229025 62
221.785396825 222.085396825 77
226.92861678 227.22861678 59
228.821043084 229.121043084 43
229.215782313 229.515782313 67
230.504489796 230.804489796 62
230.992108844 231.292108844 62
231.781587302 232.081587302 63
234.126802721 234.426802721 58
234.881451247 235.181451247 58
235.752199546 236.052199546 60
235.763809524 236.063809524 63
236.611337868 236.911337868 69
241.94031746 242.24031746 67
244.030113379 244.330113379 62
244.866031746 245.166031746 62
245.701950113 246.001950113 62
246.526258503 246.826258503 62
247.362176871 247.662176871 63
247.536326531 247.836326531 63
247.698866213 247.998866213 63
247.780136054 248.080136054 57
247.838185941 248.138185941 84
248.023945578 248.323945578 84
248.302585034 248.602585034 62
248.476734694 248.776734694 63
248.650884354 248.950884354 84
249.115283447 249.415283447 84
249.126893424 249.426893424 63
249.242993197 249.542993197 57
249.672562358 249.972562358 63
250.473650794 250.773650794 62
252.772426304 253.072426304 84
252.784036281 253.084036281 63
253.678004535 253.978004535 65
254.490702948 254.790702948 66
256.011609977 256.311609977 63
256.905578231 257.205578231 65
257.857596372 258.157596372 63
258.577414966 258.877414966 65
262.141678005 262.441678005 70
265.671111111 265.971111111 31
