13.2585941043 13.5585941043 70
14.3847619048 14.6847619048 63
16.2655782313 16.5655782313 69
17.9490249433 18.2490249433 74
18.9010430839 19.2010430839 63
20.7818594104 21.0818594104 69
21.2462585034 21.5462585034 60
22.987755102 23.287755102 67
24.1371428571 24.4371428571 62
24.5202721088 24.8202721088 50
26.0992290249 26.3992290249 55
26.459138322 26.759138322 72
26.7261678005 27.0261678005 56
26.7261678005 27.0261678005 70
27.6085260771 27.9085260771 51
27.6085260771 27.9085260771 55
28.0032653061 28.3032653061 55
28.3283446712 28.6283446712 72
28.4328344671 28.7328344671 55
28.966893424 29.266893424 56
30.5922902494 30.8922902494 65
31.2076190476 31.5076190476 53
31.7648979592 32.0648979592 56
32.0551473923 32.3551473923 67
33.1000453515 33.4000453515 51
33.4831746032 33.7831746032 53
33.7734240363 34.0734240363 60
34.0288435374 34.3288435374 60
34.4119727891 34.7119727891 60
34.7834920635 35.0834920635 60
40.530430839 40.830430839 64
40.530430839 40.830430839 84
44.1063038549 44.4063038549 84
44.3385034014 44.6385034014 67
44.8145124717 45.1145124717 55
44.826122449 45.126122449 60
46.8578684807 47.1578684807 57
60.6853514739 60.9853514739 72
63.4136961451 63.7136961451 77
63.8432653061 64.1432653061 65
64.3308843537 64.6308843537 71
66.56 66.86 71
67.3959183673 67.6959183673 52
67.7442176871 68.0442176871 62
68.9864852608 69.2864852608 69
71.0646712018 71.3646712018 61
71.4478004535 71.7478004535 69
71.68 71.98 58
72.074739229 72.374739229 48
73.3866666667 73.6866666667 79
73.5724263039 73.8724263039 60
75.6041723356 75.9041723356 69
75.7899319728 76.0899319728 69
77.4849886621 77.7849886621 69
77.9261678005 78.2261678005 65
79.377414966 79.677414966 58
80.9099319728 81.2099319728 60
81.4091609977 81.7091609977 82
82.2218594104 82.5218594104 65
82.3960090703 82.6960090703 64
82.7907482993 83.0907482993 62
84.5554648526 84.8554648526 69
84.7180045351 85.0180045351 65
84.7180045351 85.0180045351 69
84.9385941043 85.2385941043 69
85.1359637188 85.4359637188 69
86.7845804989 87.0845804989 69
88.5609070295 88.8609070295 60
89.4200453515 89.7200453515 60
97.6050793651 97.9050793651 84
103.061768707 103.361768707 70
104.187936508 104.487936508 63
106.068752834 106.368752834 69
107.17170068 107.47170068 44
107.752199546 108.052199546 74
108.69260771 108.99260771 63
110.585034014 110.885034014 69
111.061043084 111.361043084 60
112.790929705 113.090929705 67
113.928707483 114.228707483 62
114.323446712 114.623446712 50
115.426394558 115.726394558 63
115.890793651 116.190793651 55
116.262312925 116.562312925 50
116.262312925 116.562312925 72
117.330430839 117.630430839 58
117.783219955 118.083219955 74
117.794829932 118.094829932 55
118.131519274 118.431519274 72
118.75845805 119.05845805 56
119.141587302 119.441587302 56
119.919455782 120.219455782 67
120.999183673 121.299183673 53
121.57968254 121.87968254 56
121.858321995 122.158321995 67
122.206621315 122.506621315 67
122.891609977 123.191609977 51
123.832018141 124.132018141 60
130.321995465 130.621995465 84
134.617687075 134.917687075 60
135.058866213 135.358866213 67
136.649433107 136.949433107 57
139.342947846 139.642947846 43
148.665759637 148.965759637 70
152.148752834 152.448752834 65
153.623219955 153.923219955 65
154.12244898 154.42244898 71
155.306666667 155.606666667 62
156.24707483 156.54707483 84
156.363174603 156.663174603 69
157.384852608 157.684852608 84
157.535782313 157.835782313 62
158.778049887 159.078049887 69
161.239365079 161.539365079 60
161.239365079 161.539365079 69
161.471564626 161.771564626 58
161.866303855 162.166303855 48
163.375600907 163.675600907 60
169.180589569 169.480589569 58
170.713106576 171.013106576 60
171.049795918 171.349795918 65
171.990204082 172.290204082 65
172.187573696 172.487573696 64
172.582312925 172.882312925 62
174.521179138 174.821179138 65
174.718548753 175.018548753 69
175.925986395 176.225986395 69
176.587755102 176.887755102 69
179.2 179.5 60
182.381133787 182.681133787 53
182.601723356 182.901723356 61
182.97324263 183.27324263 54
184.122630385 184.422630385 53
184.32 184.62 56
184.62185941 184.92185941 70
184.679909297 184.979909297 56
185.237188209 185.537188209 54
185.399727891 185.699727891 56
185.608707483 185.908707483 54
185.806077098 186.106077098 56
186.514285714 186.814285714 56
186.874195011 187.174195011 56
188.058412698 188.358412698 54
189.939229025 190.239229025 61
190.299138322 190.599138322 61
192.121904762 192.421904762 62
193.294512472 193.594512472 63
196.429206349 196.729206349 69
203.337142857 203.637142857 50
208.782222222 209.082222222 80
215.713378685 216.013378685 67
215.887528345 216.187528345 56
215.887528345 216.187528345 67
216.050068027 216.350068027 67
216.224217687 216.524217687 67
216.421587302 216.721587302 67
216.607346939 216.907346939 67
217.025306122 217.325306122 67
217.954104308 218.254104308 43
218.151473923 218.451473923 34
218.151473923 218.451473923 58
218.720362812 219.020362812 46
219.869750567 220.169750567 84
220.264489796 220.564489796 43
221.994376417 222.294376417 67
224.490521542 224.790521542 69
224.502131519 224.802131519 65
226.696417234 226.996417234 55
227.056326531 227.356326531 43
234.382222222 234.682222222 65
235.926349206 236.226349206 34
237.319546485 237.619546485 57
238.434104308 238.734104308 69
250.462040816 250.762040816 43
254.246893424 254.546893424 70
254.804172336 255.104172336 63
256.696598639 256.996598639 69
257.787936508 258.087936508 44
258.356825397 258.656825397 74
259.308843537 259.608843537 63
261.201269841 261.501269841 69
261.677278912 261.977278912 60
263.407165533 263.707165533 67
264.928072562 265.228072562 50
266.507029478 266.807029478 65
266.878548753 267.178548753 50
266.89015873 267.19015873 72
267.505487528 267.805487528 56
268.387845805 268.687845805 74
268.399455782 268.699455782 55
268.747755102 269.047755102 55
268.747755102 269.047755102 72
269.374693878 269.674693878 56
270.512471655 270.812471655 67
271.162630385 271.462630385 63
271.627029478 271.927029478 53
272.195918367 272.495918367 56
272.462947846 272.762947846 67
273.879365079 274.179365079 60
276.294240363 276.594240363 70
282.981587302 283.281587302 60
286.975419501 287.275419501 62
288.089977324 288.389977324 43
289.19292517 289.49292517 44
289.599274376 289.899274376 57
293.082267574 293.382267574 62
294.01106576 294.31106576 70
295.752562358 296.052562358 65
296.228571429 296.528571429 70
297.78430839 298.08430839 61
298.666666667 298.966666667 62
299.885714286 300.185714286 63
301.569160998 301.869160998 70
303.066848073 303.366848073 65
305.295963719 305.595963719 69
306.224761905 306.524761905 69
306.967800454 307.267800454 76
307.617959184 307.917959184 59
308.744126984 309.044126984 60
308.871836735 309.171836735 64
309.278185941 309.578185941 60
309.858684807 310.158684807 51
310.230204082 310.530204082 53
310.601723356 310.901723356 51
313.608707483 313.908707483 81
315.222494331 315.522494331 69
319.471746032 319.771746032 58
320.539863946 320.839863946 57
320.539863946 320.839863946 69
321.480272109 321.780272109 63
323.488798186 323.788798186 62
325.520544218 325.820544218 69
326.03138322 326.33138322 58
327.018231293 327.318231293 63
327.122721088 327.422721088 63
327.575510204 327.875510204 46
330.988843537 331.288843537 61
331.116553288 331.416553288 70
331.174603175 331.474603175 56
331.348752834 331.648752834 54
331.743492063 332.043492063 54
332.312380952 332.612380952 56
332.49814059 332.79814059 53
332.602630385 332.902630385 56
333.020589569 333.320589569 70
333.601088435 333.901088435 54
333.786848073 334.086848073 56
333.984217687 334.284217687 54
334.901405896 335.201405896 56
335.238095238 335.538095238 56
335.435464853 335.735464853 61
336.422312925 336.722312925 54
338.128979592 338.428979592 58
338.663038549 338.963038549 61
341.008253968 341.308253968 62
341.542312925 341.842312925 56
342.529160998 342.829160998 62
343.910748299 344.210748299 67
345.570975057 345.870975057 69
349.692517007 349.992517007 66
351.701043084 352.001043084 50
361.209614512 361.509614512 43
361.406984127 361.706984127 43
361.56952381 361.86952381 43
364.263038549 364.563038549 56
364.263038549 364.563038549 67
364.425578231 364.725578231 67
364.599727891 364.899727891 67
364.797097506 365.097097506 67
366.526984127 366.826984127 58
367.095873016 367.395873016 46
367.095873016 367.395873016 58
368.245260771 368.545260771 84
370.358276644 370.658276644 67
372.877641723 373.177641723 65
372.877641723 373.177641723 69
376.616054422 376.916054422 62
384.278639456 384.578639456 34
384.278639456 384.578639456 58
384.499229025 384.799229025 69
386.194285714 386.494285714 67
386.809614512 387.109614512 69
402.041904762 402.341904762 70
405.060498866 405.360498866 69
406.732335601 407.032335601 74
407.684353741 407.984353741 63
410.017959184 410.317959184 60
411.782675737 412.082675737 67
412.920453515 413.220453515 62
413.303582766 413.603582766 50
414.882539683 415.182539683 55
415.103129252 415.403129252 55
415.254058957 415.554058957 72
416.763356009 417.063356009 74
416.821405896 417.121405896 58
417.738594104 418.038594104 56
418.887981859 419.187981859 67
419.36399093 419.66399093 65
419.549750567 419.849750567 63
419.990929705 420.290929705 53
420.83845805 421.13845805 67
421.198367347 421.498367347 67
422.452244898 422.752244898 63
422.66122449 422.96122449 63
424.681360544 424.981360544 70
431.357097506 431.657097506 60
435.350929705 435.650929705 62
436.453877551 436.753877551 44
441.469387755 441.769387755 62
442.398185941 442.698185941 70
444.61569161 444.91569161 70
445.300680272 445.600680272 63
446.148208617 446.448208617 61
447.053786848 447.353786848 62
448.26122449 448.56122449 63
449.190022676 449.490022676 60
450.269750567 450.569750567 58
450.269750567 450.569750567 70
450.409070295 450.709070295 58
451.442358277 451.742358277 65
453.671473923 453.971473923 69
454.240362812 454.540362812 77
454.600272109 454.900272109 69
455.993469388 456.293469388 59
458.234195011 458.534195011 51
458.385124717 458.685124717 63
458.605714286 458.905714286 53
458.965623583 459.265623583 60
460.103401361 460.403401361 65
460.672290249 460.972290249 63
462.576326531 462.876326531 53
463.609614512 463.909614512 69
464.666122449 464.966122449 69
468.346485261 468.646485261 63
468.91537415 469.21537415 69
469.86739229 470.16739229 63
473.907664399 474.207664399 69
474.406893424 474.706893424 58
475.451791383 475.751791383 63
