5.70049886621 6.00049886621 68
5.89786848073 6.19786848073 68
6.00235827664 6.30235827664 68
6.21133786848 6.51133786848 61
7.72063492063 8.02063492063 60
10.634739229 10.934739229 56
10.9365986395 11.2365986395 56
13.0031746032 13.3031746032 44
13.0147845805 13.3147845805 37
14.5124716553 14.8124716553 56
14.6634013605 14.9634013605 49
17.473015873 17.773015873 63
20.445170068 20.745170068 63
23.417324263 23.717324263 55
24.9614512472 25.2614512472 44
25.3794104308 25.6794104308 61
26.4823582766 26.7823582766 68
27.1905668934 27.4905668934 61
27.1905668934 27.4905668934 65
29.6983219955 29.9983219955 51
30.1511111111 30.4511111111 63
32.2292970522 32.5292970522 60
33.7037641723 34.0037641723 60
33.7037641723 34.0037641723 63
33.9824036281 34.2824036281 60
35.7471201814 36.0471201814 63
37.4653968254 37.7653968254 51
40.7278004535 41.0278004535 51
40.7278004535 41.0278004535 60
44.5010430839 44.8010430839 63
45.0815419501 45.3815419501 63
45.9871201814 46.2871201814 63
47.798276644 48.098276644 60
49.2843537415 49.5843537415 63
51.5715192744 51.8715192744 51
53.6845351474 53.9845351474 51
54.1489342404 54.4489342404 68
59.8262131519 60.1262131519 44
63.4601360544 63.7601360544 92
64.0754648526 64.3754648526 66
65.6079818594 65.9079818594 63
75.046893424 75.346893424 68
78.1003174603 78.4003174603 82
78.4602267574 78.7602267574 66
79.8998639456 80.1998639456 75
81.6181405896 81.9181405896 66
81.7690702948 82.0690702948 66
91.2428117914 91.5428117914 68
94.7606349206 95.0606349206 68
97.7792290249 98.0792290249 44
97.7792290249 98.0792290249 56
104.57106576 104.87106576 68
107.949569161 108.249569161 68
108.146938776 108.446938776 68
109.795555556 110.095555556 56
110.956553288 111.256553288 66
114.706575964 115.006575964 68
118.096689342 118.396689342 66
118.735238095 119.035238095 66
125.213605442 125.513605442 66
125.840544218 126.140544218 54
125.852154195 126.152154195 66
129.544126984 129.844126984 68
132.29569161 132.59569161 55
132.94585034 133.24585034 56
132.957460317 133.257460317 68
134.722176871 135.022176871 68
139.772517007 140.072517007 68
143.429659864 143.729659864 49
146.401814059 146.701814059 49
146.401814059 146.701814059 53
147.017142857 147.317142857 37
147.017142857 147.317142857 44
147.017142857 147.317142857 49
147.017142857 147.317142857 53
147.644081633 147.944081633 44
147.644081633 147.944081633 49
147.644081633 147.944081633 53
150.360816327 150.660816327 61
150.360816327 150.660816327 65
150.360816327 150.660816327 68
150.95292517 151.25292517 68
150.964535147 151.264535147 61
150.964535147 151.264535147 65
151.336054422 151.636054422 44
151.556643991 151.856643991 61
151.556643991 151.856643991 65
151.556643991 151.856643991 68
152.160362812 152.460362812 61
152.160362812 152.460362812 65
152.160362812 152.460362812 68
152.729251701 153.029251701 61
152.729251701 153.029251701 65
152.729251701 153.029251701 68
153.356190476 153.656190476 61
153.356190476 153.656190476 65
153.356190476 153.656190476 68
153.936689342 154.236689342 61
153.936689342 154.236689342 65
153.936689342 154.236689342 68
154.540408163 154.840408163 68
154.552018141 154.852018141 61
154.552018141 154.852018141 65
154.923537415 155.223537415 56
155.178956916 155.478956916 61
155.178956916 155.478956916 65
155.713015873 156.013015873 61
155.713015873 156.013015873 65
155.713015873 156.013015873 68
156.305124717 156.605124717 61
156.305124717 156.605124717 65
156.305124717 156.605124717 68
156.920453515 157.220453515 68
157.489342404 157.789342404 66
157.489342404 157.789342404 68
158.081451247 158.381451247 66
158.081451247 158.381451247 68
158.360090703 158.660090703 44
158.685170068 158.985170068 66
158.685170068 158.985170068 68
159.277278912 159.577278912 66
159.277278912 159.577278912 68
159.857777778 160.157777778 66
159.857777778 160.157777778 68
160.484716553 160.784716553 68
161.06521542 161.36521542 65
161.06521542 161.36521542 68
161.66893424 161.96893424 65
161.66893424 161.96893424 68
161.924353741 162.224353741 68
162.272653061 162.572653061 65
162.272653061 162.572653061 68
162.864761905 163.164761905 65
162.864761905 163.164761905 68
163.456870748 163.756870748 65
163.456870748 163.756870748 68
164.652698413 164.952698413 58
164.652698413 164.952698413 61
164.652698413 164.952698413 66
165.244807256 165.544807256 61
165.244807256 165.544807256 66
165.244807256 165.544807256 70
165.883356009 166.183356009 66
165.883356009 166.183356009 70
166.475464853 166.775464853 66
167.067573696 167.367573696 70
167.427482993 167.727482993 68
168.228571429 168.528571429 61
168.228571429 168.528571429 65
168.228571429 168.528571429 68
168.832290249 169.132290249 68
168.843900227 169.143900227 61
168.843900227 169.143900227 65
169.43600907 169.73600907 61
169.43600907 169.73600907 65
169.43600907 169.73600907 68
170.016507937 170.316507937 61
170.016507937 170.316507937 65
170.016507937 170.316507937 68
170.597006803 170.897006803 61
170.597006803 170.897006803 65
170.597006803 170.897006803 68
171.235555556 171.535555556 61
171.792834467 172.092834467 61
171.792834467 172.092834467 66
171.792834467 172.092834467 70
172.384943311 172.684943311 61
172.384943311 172.684943311 66
172.384943311 172.684943311 70
172.791292517 173.091292517 58
173.615600907 173.915600907 66
173.615600907 173.915600907 70
174.207709751 174.507709751 66
175.391927438 175.691927438 61
175.391927438 175.691927438 65
175.391927438 175.691927438 68
175.972426304 176.272426304 68
175.984036281 176.284036281 65
175.995646259 176.295646259 61
176.343945578 176.643945578 56
176.564535147 176.864535147 61
176.564535147 176.864535147 65
176.564535147 176.864535147 68
177.168253968 177.468253968 61
177.168253968 177.468253968 65
177.168253968 177.468253968 68
177.748752834 178.048752834 61
177.748752834 178.048752834 65
177.748752834 178.048752834 68
178.387301587 178.687301587 68
178.967800454 179.267800454 66
178.967800454 179.267800454 68
179.54829932 179.84829932 66
179.54829932 179.84829932 68
181.707755102 182.007755102 44
181.719365079 182.019365079 56
182.555283447 182.855283447 65
182.555283447 182.855283447 68
182.555283447 182.855283447 73
183.14739229 183.44739229 65
183.14739229 183.44739229 68
183.14739229 183.44739229 73
183.507301587 183.807301587 56
183.507301587 183.807301587 68
184.32 184.62 68
184.32 184.62 73
184.32 184.62 77
184.935328798 185.235328798 68
184.935328798 185.235328798 73
184.935328798 185.235328798 77
186.165986395 186.465986395 65
186.165986395 186.465986395 68
186.758095238 187.058095238 65
187.338594104 187.638594104 65
187.338594104 187.638594104 68
187.559183673 187.859183673 56
187.559183673 187.859183673 60
187.942312925 188.242312925 68
189.207800454 189.507800454 56
189.207800454 189.507800454 65
189.834739229 190.134739229 56
189.834739229 190.134739229 61
189.834739229 190.134739229 65
190.461678005 190.761678005 65
190.473287982 190.773287982 56
190.473287982 190.773287982 61
190.844807256 191.144807256 56
190.856417234 191.156417234 44
190.856417234 191.156417234 49
192.690793651 192.990793651 53
192.690793651 192.990793651 58
195.012789116 195.312789116 60
197.799183673 198.099183673 60
198.019773243 198.319773243 53
198.913741497 199.213741497 69
199.517460317 199.817460317 58
199.749659864 200.049659864 53
200.608798186 200.908798186 58
203.162993197 203.462993197 63
204.834829932 205.134829932 63
208.039183673 208.339183673 56
210.558548753 210.858548753 63
211.417687075 211.717687075 55
211.696326531 211.996326531 60
211.986575964 212.286575964 56
213.135963719 213.435963719 60
213.356553288 213.656553288 53
216.584126984 216.884126984 60
219.149931973 219.449931973 63
219.486621315 219.786621315 69
222.377505669 222.677505669 60
225.152290249 225.452290249 53
225.163900227 225.463900227 60
225.396099773 225.696099773 53
225.732789116 226.032789116 69
227.125986395 227.425986395 53
227.985124717 228.285124717 58
229.169342404 229.469342404 60
229.169342404 229.469342404 69
231.363628118 231.663628118 55
231.897687075 232.197687075 51
235.86829932 236.16829932 51
235.86829932 236.16829932 68
240.674829932 240.974829932 79
241.510748299 241.810748299 55
243.205804989 243.505804989 55
243.890793651 244.190793651 68
244.924081633 245.224081633 62
245.249160998 245.549160998 59
245.876099773 246.176099773 56
249.510022676 249.810022676 32
249.510022676 249.810022676 68
252.389297052 252.689297052 61
252.8769161 253.1769161 61
252.8769161 253.1769161 70
255.140861678 255.440861678 55
255.686530612 255.986530612 51
256.835918367 257.135918367 55
259.215963719 259.515963719 84
260.493061224 260.793061224 44
264.544943311 264.844943311 68
268.074376417 268.374376417 68
271.092970522 271.392970522 44
271.092970522 271.392970522 56
275.609251701 275.909251701 39
276.282630385 276.582630385 56
278.325986395 278.625986395 53
278.860045351 279.160045351 68
279.185124717 279.485124717 56
279.185124717 279.485124717 80
279.904943311 280.204943311 56
280.12553288 280.42553288 53
280.996281179 281.296281179 56
281.925079365 282.225079365 53
282.77260771 283.07260771 56
283.178956916 283.478956916 61
283.329886621 283.629886621 56
283.72462585 284.02462585 56
284.59537415 284.89537415 60
286.06984127 286.36984127 66
286.06984127 286.36984127 87
286.383310658 286.683310658 56
286.383310658 286.683310658 68
286.394920635 286.694920635 60
286.394920635 286.694920635 79
286.394920635 286.694920635 82
287.091519274 287.391519274 56
287.091519274 287.391519274 61
289.123265306 289.423265306 53
289.88952381 290.18952381 82
289.970793651 290.270793651 56
290.620952381 290.920952381 54
292.722358277 293.022358277 58
293.000997732 293.300997732 90
293.569886621 293.869886621 61
293.569886621 293.869886621 80
293.953015873 294.253015873 61
294.301315193 294.601315193 56
296.077641723 296.377641723 56
296.286621315 296.586621315 56
296.565260771 296.865260771 61
296.727800454 297.027800454 56
296.78585034 297.08585034 82
296.878730159 297.178730159 65
297.168979592 297.468979592 61
299.920544218 300.220544218 58
300.466213152 300.766213152 66
300.756462585 301.056462585 61
301.069931973 301.369931973 58
301.162811791 301.462811791 61
301.499501134 301.799501134 56
302.60244898 302.90244898 61
303.275827664 303.575827664 56
304.065306122 304.365306122 65
304.355555556 304.655555556 61
304.355555556 304.655555556 80
304.947664399 305.247664399 61
305.319183673 305.619183673 56
306.20154195 306.50154195 60
307.188390023 307.488390023 44
307.37414966 307.67414966 75
307.606349206 307.906349206 60
307.617959184 307.917959184 56
307.617959184 307.917959184 75
307.699229025 307.999229025 66
307.699229025 307.999229025 82
308.152018141 308.452018141 60
308.67446712 308.97446712 56
308.67446712 308.97446712 68
308.697687075 308.997687075 61
308.918276644 309.218276644 56
309.49877551 309.79877551 65
309.568435374 309.868435374 61
309.684535147 309.984535147 44
309.800634921 310.100634921 61
309.97478458 310.27478458 44
310.485623583 310.785623583 56
310.694603175 310.994603175 56
311.182222222 311.482222222 61
311.356371882 311.656371882 80
311.553741497 311.853741497 61
311.774331066 312.074331066 44
312.273560091 312.573560091 44
312.296780045 312.596780045 61
313.422947846 313.722947846 56
314.154376417 314.454376417 56
314.502675737 314.802675737 44
315.79138322 316.09138322 56
316.290612245 316.590612245 56
317.184580499 317.484580499 61
318.229478458 318.529478458 44
319.506575964 319.806575964 56
320.26122449 320.56122449 49
320.26122449 320.56122449 53
320.26122449 320.56122449 56
320.26122449 320.56122449 65
320.748843537 321.048843537 61
320.841723356 321.141723356 56
321.491882086 321.791882086 56
321.503492063 321.803492063 61
321.503492063 321.803492063 65
322.710929705 323.010929705 68
323.395918367 323.695918367 68
323.546848073 323.846848073 56
324.498866213 324.798866213 56
324.742675737 325.042675737 60
325.427664399 325.727664399 60
326.193922902 326.493922902 44
326.344852608 326.644852608 32
326.344852608 326.644852608 56
328.364988662 328.664988662 61
329.920725624 330.220725624 56
330.176145125 330.476145125 61
330.373514739 330.673514739 44
330.373514739 330.673514739 56
330.814693878 331.114693878 60
331.940861678 332.240861678 60
332.544580499 332.844580499 32
332.591020408 332.891020408 60
333.45015873 333.75015873 60
333.705578231 334.005578231 60
334.367346939 334.667346939 56
335.09877551 335.39877551 61
335.249705215 335.549705215 68
335.667664399 335.967664399 56
336.120453515 336.420453515 56
336.433922902 336.733922902 68
337.002811791 337.302811791 68
337.327891156 337.627891156 44
337.873560091 338.173560091 49
337.873560091 338.173560091 61
337.873560091 338.173560091 73
338.837188209 339.137188209 68
339.080997732 339.380997732 61
340.613514739 340.913514739 68
340.880544218 341.180544218 61
341.542312925 341.842312925 61
342.680090703 342.980090703 61
343.272199546 343.572199546 73
345.141405896 345.441405896 56
345.721904762 346.021904762 69
345.872834467 346.172834467 63
346.012154195 346.312154195 63
346.139863946 346.439863946 63
346.441723356 346.741723356 93
346.453333333 346.753333333 63
346.453333333 346.753333333 78
346.882902494 347.182902494 44
353.964988662 354.264988662 68
354.998276644 355.298276644 77
354.998276644 355.298276644 80
355.079546485 355.379546485 56
355.079546485 355.379546485 61
357.598911565 357.898911565 68
357.784671202 358.084671202 68
358.121360544 358.421360544 68
358.678639456 358.978639456 61
358.968888889 359.268888889 56
359.468117914 359.768117914 65
362.579591837 362.879591837 68
363.04399093 363.34399093 68
363.21814059 363.51814059 68
363.543219955 363.843219955 44
363.763809524 364.063809524 41
363.763809524 364.063809524 56
364.019229025 364.319229025 41
364.982857143 365.282857143 65
365.238276644 365.538276644 53
365.81877551 366.11877551 53
366.852063492 367.152063492 61
366.852063492 367.152063492 73
367.177142857 367.477142857 56
367.583492063 367.883492063 68
367.908571429 368.208571429 68
368.175600907 368.475600907 61
368.187210884 368.487210884 73
368.222040816 368.522040816 44
369.46430839 369.76430839 77
369.46430839 369.76430839 80
369.46430839 369.76430839 85
369.7661678 370.0661678 80
369.7661678 370.0661678 85
369.882267574 370.182267574 77
370.149297052 370.449297052 77
370.149297052 370.449297052 85
370.149297052 370.449297052 89
370.28861678 370.58861678 92
370.648526077 370.948526077 92
375.222857143 375.522857143 50
375.23446712 375.53446712 43
376.174875283 376.474875283 65
378.473650794 378.773650794 44
378.473650794 378.773650794 49
383.883900227 384.183900227 44
