0.452789115646 0.752789115646 65
3.32045351474 3.62045351474 65
9.96136054422 10.2613605442 70
12.9915646259 13.2915646259 72
13.8623129252 14.1623129252 68
30.0930612245 30.3930612245 44
30.9289795918 31.2289795918 44
30.9289795918 31.2289795918 49
30.9289795918 31.2289795918 56
33.6341043084 33.9341043084 44
35.8167800454 36.1167800454 66
37.5002267574 37.8002267574 42
41.1109297052 41.4109297052 61
42.5737868481 42.8737868481 54
52.918276644 53.218276644 61
54.7410430839 55.0410430839 43
54.7526530612 55.0526530612 51
56.2039002268 56.5039002268 39
56.9701587302 57.2701587302 66
56.9817687075 57.2817687075 51
58.1427664399 58.4427664399 66
58.1427664399 58.4427664399 70
58.9090249433 59.2090249433 78
59.2689342404 59.5689342404 78
62.1946485261 62.4946485261 34
62.1946485261 62.4946485261 55
62.1946485261 62.4946485261 58
67.4307482993 67.7307482993 61
67.4307482993 67.7307482993 66
67.4307482993 67.7307482993 70
69.497324263 69.797324263 63
71.0878911565 71.3878911565 56
72.7016780045 73.0016780045 52
77.2876190476 77.5876190476 44
78.1583673469 78.4583673469 66
78.1583673469 78.4583673469 78
89.6754648526 89.9754648526 65
89.6754648526 89.9754648526 68
91.0106122449 91.3106122449 68
93.1932879819 93.4932879819 66
94.8767346939 95.1767346939 49
95.1902040816 95.4902040816 44
95.8055328798 96.1055328798 61
95.9216326531 96.2216326531 60
96.5369614512 96.8369614512 56
96.6646712018 96.9646712018 60
98.2784580499 98.5784580499 44
98.9750566893 99.2750566893 61
99.1375963719 99.4375963719 41
99.787755102 100.087755102 60
100.461133787 100.761133787 56
100.670113379 100.970113379 68
100.890702948 101.190702948 56
101.05324263 101.35324263 56
101.297052154 101.597052154 44
101.87755102 102.17755102 56
102.260680272 102.560680272 65
103.70031746 104.00031746 56
103.897687075 104.197687075 51
104.687165533 104.987165533 51
105.139954649 105.439954649 63
105.848163265 106.148163265 46
107.34585034 107.64585034 60
107.357460317 107.657460317 51
107.636099773 107.936099773 42
107.636099773 107.936099773 54
108.088888889 108.388888889 58
108.483628118 108.783628118 60
109.946485261 110.246485261 58
110.074195011 110.374195011 51
110.074195011 110.374195011 60
110.190294785 110.490294785 51
110.329614512 110.629614512 54
110.81723356 111.11723356 58
111.200362812 111.500362812 60
112.268480726 112.568480726 39
115.147755102 115.447755102 62
115.925623583 116.225623583 70
116.866031746 117.166031746 68
122.322721088 122.622721088 59
128.058049887 128.358049887 63
129.706666667 130.006666667 63
129.927256236 130.227256236 69
131.29723356 131.59723356 64
131.308843537 131.608843537 69
133.584399093 133.884399093 64
134.698956916 134.998956916 69
134.965986395 135.265986395 64
135.558095238 135.858095238 64
135.569705215 135.869705215 50
135.709024943 136.009024943 69
136.266303855 136.566303855 54
136.846802721 137.146802721 44
136.846802721 137.146802721 56
137.311201814 137.611201814 44
137.311201814 137.611201814 51
137.311201814 137.611201814 56
137.624671202 137.924671202 58
137.71755102 138.01755102 63
138.147120181 138.447120181 56
139.041088435 139.341088435 56
139.168798186 139.468798186 51
139.679637188 139.979637188 56
139.818956916 140.118956916 51
140.353015873 140.653015873 56
140.422675737 140.722675737 58
140.933514739 141.233514739 56
141.246984127 141.546984127 56
141.908752834 142.208752834 70
142.756281179 143.056281179 56
143.429659864 143.729659864 58
144.335238095 144.635238095 60
144.764807256 145.064807256 63
145.089886621 145.389886621 56
145.391746032 145.691746032 56
146.065124717 146.365124717 58
146.436643991 146.736643991 63
146.959092971 147.259092971 51
147.017142857 147.317142857 60
148.897959184 149.197959184 63
149.942857143 150.242857143 63
150.836825397 151.136825397 63
150.941315193 151.241315193 56
152.938231293 153.238231293 72
153.07755102 153.37755102 63
153.089160998 153.389160998 60
153.797369615 154.097369615 75
153.959909297 154.259909297 78
154.42430839 154.72430839 70
154.90031746 155.20031746 78
155.353106576 155.653106576 70
155.829115646 156.129115646 78
156.606984127 156.906984127 66
157.477732426 157.777732426 73
157.570612245 157.870612245 66
158.487800454 158.787800454 73
158.685170068 158.985170068 75
159.764897959 160.064897959 72
160.333786848 160.633786848 84
162.829931973 163.129931973 65
163.642630385 163.942630385 43
163.944489796 164.244489796 75
163.944489796 164.244489796 77
163.944489796 164.244489796 85
163.944489796 164.244489796 89
164.246349206 164.546349206 81
165.430566893 165.730566893 65
167.404263039 167.704263039 82
167.775782313 168.075782313 84
168.170521542 168.470521542 82
168.530430839 168.830430839 31
169.331519274 169.631519274 65
170.155827664 170.455827664 82
170.980136054 171.280136054 63
170.980136054 171.280136054 66
171.177505669 171.477505669 68
171.177505669 171.477505669 84
171.340045351 171.640045351 72
171.479365079 171.779365079 63
171.746394558 172.046394558 78
172.826122449 173.126122449 44
173.058321995 173.358321995 63
175.055238095 175.355238095 70
175.391927438 175.691927438 63
175.391927438 175.691927438 75
178.294421769 178.594421769 78
178.874920635 179.174920635 66
179.014240363 179.314240363 70
179.014240363 179.314240363 75
182.903582766 183.203582766 82
183.391201814 183.691201814 54
183.507301587 183.807301587 58
185.550657596 185.850657596 72
185.562267574 185.862267574 65
185.562267574 185.862267574 75
185.759637188 186.059637188 68
185.945396825 186.245396825 70
187.988752834 188.288752834 44
188.847891156 189.147891156 44
188.847891156 189.147891156 49
190.345578231 190.645578231 56
194.594829932 194.894829932 75
195.86031746 196.16031746 49
201.293786848 201.593786848 58
202.62893424 202.92893424 55
202.62893424 202.92893424 75
209.687800454 209.987800454 51
211.255147392 211.555147392 63
214.86585034 215.16585034 51
215.608888889 215.908888889 51
218.836462585 219.136462585 44
218.836462585 219.136462585 56
219.927800454 220.227800454 56
220.252879819 220.552879819 60
221.007528345 221.307528345 56
221.228117914 221.528117914 41
221.228117914 221.528117914 60
221.33260771 221.63260771 53
221.344217687 221.644217687 41
221.495147392 221.795147392 49
221.495147392 221.795147392 56
221.797006803 222.097006803 44
223.515283447 223.815283447 56
223.701043084 224.001043084 60
224.002902494 224.302902494 56
225.210340136 225.510340136 66
225.28 225.58 68
225.291609977 225.591609977 64
226.464217687 226.764217687 52
226.475827664 226.775827664 64
228.008344671 228.308344671 73
228.472743764 228.772743764 60
230.504489796 230.804489796 73
230.516099773 230.816099773 68
230.92244898 231.22244898 60
232.954195011 233.254195011 68
235.229750567 235.529750567 64
235.403900227 235.703900227 56
235.659319728 235.959319728 56
237.389206349 237.689206349 44
238.747573696 239.047573696 44
238.944943311 239.244943311 44
239.931791383 240.231791383 56
240.129160998 240.429160998 61
240.396190476 240.696190476 44
240.396190476 240.696190476 65
242.625306122 242.925306122 80
244.204263039 244.504263039 80
244.343582766 244.643582766 89
244.482902494 244.782902494 92
