8.22497 9.70196 60
12.6849 13.4829 58
13.4799 14.1829 55
19.3809 20.1249 55
27.6189 29.1079 62
29.8829 30.6579 62
30.6579 31.5849 62
30.6579 31.5849 43
38.7679 40.0899 70
40.0759 41.4089 60
49.2459 50.5239 70
50.4779 50.5309 74
50.5349 51.8299 60
51.1219 51.1749 74
51.8359 53.2189 55
56.4909 57.7859 46
59.7469 61.0489 55
61.7169 62.4019 45
72.5249 73.2529 78
74.2429 74.6069 62
75.2509 75.9999 78
76.9949 77.3539 62
79.7169 80.0989 62
91.1729 91.8729 55
91.5229 91.7569 43
95.5839 96.3359 60
98.5409 99.2469 62
99.9619 100.724 62
105.304 106.804 62
105.307 106.804 58
107.581 108.348 62
108.348 109.093 62
108.355 109.845 43
112.012 112.792 62
114.319 115.11 62
115.114 115.468 43
116.591 117.332 57
116.591 117.332 62
118.044 118.823 62
119.572 120.374 62
119.573 120.374 57
119.575 120.374 60
120.349 121.892 43
121.124 121.892 62
122.649 123.457 57
122.652 123.457 62
122.653 123.457 60
123.425 124.98 43
124.192 124.98 62
125.739 126.555 62
125.74 126.555 57
125.74 126.555 60
126.523 135.085 43
127.335 128.959 62
127.336 128.96 58
128.959 130.585 62
130.585 132.204 62
132.204 135.085 62
