1.54997 1.75897 60
4.18696 4.21096 79
4.23697 4.33397 83
5.01995 5.04095 79
5.06596 5.16296 83
5.84194 5.86294 79
5.88795 5.98594 83
6.08793 6.19294 64
10.9389 11.0428 83
11.1449 11.2509 64
11.7679 11.8698 83
12.5938 12.6918 83
12.7938 12.8988 64
26.3245 26.5265 52
26.5265 26.7445 52
26.5345 26.7475 56
26.5755 26.6885 71
26.6885 26.7975 71
26.7515 27.0045 72
27.0035 27.4475 69
27.0045 27.4485 57
39.8832 40.0792 52
40.0872 40.3072 56
40.1912 40.3102 72
40.2482 40.3592 71
40.3102 40.5652 72
40.5622 41.0032 69
42.0851 42.1901 57
42.9081 43.0261 57
43.0261 43.0581 38
43.0611 43.0991 42
43.1001 43.1341 45
43.4501 43.4771 39
43.4781 43.5121 42
43.5131 43.5511 45
43.9431 43.9821 47
44.733 44.765 45
45.456 45.563 57
45.869 45.973 57
46.288 46.397 57
46.4 46.431 38
46.432 46.466 42
46.467 46.501 45
46.855 46.89 44
46.89 46.929 47
48.1569 48.1889 45
48.8899 48.9929 57
49.3059 49.4109 57
49.7179 49.8299 57
49.8299 49.8619 38
49.8619 49.8969 42
49.8969 49.9309 45
50.2479 50.2779 39
50.2789 50.3199 42
50.3229 50.3549 45
50.9998 51.1048 52
51.5348 51.5688 45
52.2548 52.3648 57
52.3668 52.3988 45
52.6788 52.7808 57
53.2038 53.2348 38
53.2358 53.2738 42
53.2748 53.3088 45
53.6687 53.7048 44
55.2907 55.3917 57
56.1297 56.2417 80
56.1307 56.2347 61
56.5507 56.6517 59
56.6547 56.7667 73
56.9747 57.0787 57
57.8106 57.9116 56
58.0196 58.1186 56
58.6526 58.7546 57
59.0706 59.1706 57
59.4936 59.5946 64
59.4936 59.5986 61
59.7006 59.8046 64
60.3365 60.4375 66
62.0665 62.1675 57
63.3294 63.4414 59
63.7534 63.8574 57
64.6024 64.6974 56
64.8064 64.9084 56
65.4363 65.5343 57
65.6383 65.7533 78
66.2733 66.3743 64
66.2733 66.3773 61
66.4763 66.5803 64
67.1133 67.2173 66
68.8312 68.9362 64
69.0482 69.1492 64
71.3961 71.4941 62
71.3971 71.4981 56
72.2401 72.3441 64
72.4541 72.5581 64
73.5011 73.609 62
75.625 75.729 57
76.8919 76.9929 59
77.3149 77.4159 57
78.5669 78.6829 85
79.8388 79.9398 59
80.0478 80.1488 59
82.4108 82.5157 64
82.6167 82.7217 64
83.6767 83.7787 62
84.9907 85.0917 62
84.9907 85.0927 56
85.8336 85.9386 64
86.0436 86.1446 64
89.2255 89.3335 57
89.4395 89.5435 57
90.4995 90.6005 59
90.9225 91.0235 57
91.7624 91.8664 56
92.1784 92.2944 85
92.6034 92.7074 59
93.6594 93.7604 59
96.4983 96.6043 57
96.9113 97.0162 57
97.3242 97.4332 57
97.4352 97.4702 38
97.4742 97.5092 42
97.5092 97.5472 45
97.7542 97.8562 50
97.8592 97.8912 39
97.8942 97.9262 42
97.9262 97.9602 45
98.3992 98.6152 52
99.1571 99.1931 45
99.8791 99.9881 57
99.9901 100.022 45
100.295 100.4 57
100.712 100.82 57
100.821 100.859 38
100.859 100.889 42
100.894 100.924 45
101.318 101.348 47
103.309 103.418 57
103.421 103.452 45
103.729 103.83 57
104.145 104.25 57
104.251 104.281 38
104.282 104.316 42
104.316 104.359 45
104.674 104.705 39
104.705 104.74 42
105.973 106.004 45
106.693 106.802 57
106.805 106.836 45
107.117 107.221 57
107.529 107.639 57
107.639 107.67 38
107.673 107.708 42
107.708 107.746 45
107.953 108.069 50
108.108 108.142 44
108.143 108.184 47
112.945 113.045 83
113.55 113.659 64
113.728 113.749 79
113.775 113.872 83
114.551 114.575 79
114.596 114.694 83
114.803 114.901 64
119.608 119.626 79
119.647 119.751 83
120.053 120.154 76
120.477 120.578 83
120.886 120.984 76
121.302 121.4 83
121.501 121.607 64
131.102 131.308 60
135.049 135.245 52
135.245 135.473 52
135.253 135.474 56
135.414 135.522 71
135.474 135.73 56
135.476 135.73 72
135.634 135.73 71
135.728 136.166 69
135.729 136.169 57
148.626 148.822 52
148.832 149.045 56
148.987 149.102 71
149.056 149.308 72
149.304 149.746 69
150.928 151.041 45
151.654 151.875 57
151.763 151.875 38
151.797 151.875 42
151.836 151.875 45
152.081 152.294 50
152.189 152.294 39
152.221 152.294 42
152.252 152.294 45
152.505 152.729 51
152.69 152.729 47
153.47 153.582 45
154.3 154.405 45
154.612 154.815 57
155.025 155.249 57
155.136 155.249 38
155.168 155.249 42
155.21 155.249 45
155.456 155.671 50
155.634 155.671 47
155.896 156.13 52
156.89 157.002 45
157.726 157.831 45
158.034 158.241 57
158.444 158.672 57
158.556 158.672 38
158.594 158.672 42
158.629 158.672 45
158.874 159.087 50
158.979 159.087 39
159.011 159.087 42
159.046 159.087 45
159.298 159.526 51
159.487 159.526 47
159.739 159.973 52
160.261 160.369 45
161.093 161.199 45
161.608 161.817 57
161.817 162.041 57
161.93 162.041 38
161.961 162.041 42
161.996 162.041 45
162.241 162.465 50
162.42 162.465 47
162.798 162.909 45
162.833 162.909 49
162.868 162.909 52
163.736 164.571 85
164.575 165.408 85
165.304 165.338 45
165.612 165.822 57
166.144 166.196 38
166.175 166.214 42
166.214 166.255 45
166.459 166.665 50
166.98 167.015 45
167.018 167.05 49
167.064 167.096 86
167.099 167.155 85
167.716 167.772 85
168.816 169.65 85
169.653 170.486 85
170.381 170.416 45
171.11 171.224 57
171.218 171.253 38
171.253 171.295 42
171.295 171.333 45
171.536 171.746 50
172.057 172.092 45
172.17 172.982 85
172.901 172.936 40
172.936 172.971 44
172.975 173.006 47
173.011 173.217 83
173.217 173.422 83
173.422 173.63 83
173.63 173.751 83
174.6 174.7 64
175.011 175.218 64
175.218 175.432 64
175.845 176.055 64
176.684 176.894 64
176.787 177.224 57
176.894 177.108 64
177.108 177.224 64
177.319 177.528 66
177.424 177.843 62
177.843 178.092 62
177.949 178.092 66
178.162 178.368 64
178.267 178.47 85
178.368 178.575 64
178.47 178.679 85
178.575 178.788 64
178.788 178.897 64
178.995 179.205 64
179.205 179.411 64
179.411 179.628 64
179.628 179.773 64
179.696 179.773 45
180.605 181.434 85
181.329 181.364 45
181.645 181.848 57
181.848 182.057 57
182.057 182.226 57
182.17 182.226 38
182.208 182.239 42
182.243 182.281 45
182.484 182.694 50
183.013 183.048 45
183.09 183.122 86
183.125 183.93 85
183.892 183.926 44
183.926 183.961 47
183.968 184.167 83
184.165 184.371 76
184.167 184.375 83
184.375 184.584 83
184.584 184.704 83
184.763 184.794 52
187.164 187.394 57
187.276 187.708 45
187.601 187.812 57
187.708 188.246 45
