1.97101 2.64604 59
2.60405 3.52909 60
3.08406 3.17908 87
5.432 5.55798 84
5.464 6.17696 57
5.51 6.17696 60
5.579 5.72598 81
5.72598 6.17696 81
6.03096 6.17696 78
6.25096 6.49194 73
6.40496 6.49194 72
6.56294 6.76895 69
6.63594 6.76895 70
6.95795 7.28396 67
7.03895 7.36396 65
7.12296 7.44894 73
7.20296 7.44894 70
7.36396 7.44894 65
8.27195 8.65592 81
8.27395 8.57893 84
8.42194 8.73891 91
8.42194 8.72991 85
8.42394 8.73891 82
8.72991 9.32389 85
8.88791 9.19489 72
8.88791 9.27188 69
9.0379 9.32389 79
9.0379 9.32389 70
9.11388 9.32389 76
9.19489 9.32389 72
9.34587 9.66787 73
9.34587 9.59687 64
9.34687 9.66787 67
9.42187 9.66787 70
9.50687 9.66787 66
9.50987 9.66787 57
9.51086 9.66787 60
9.67487 9.83187 64
10.2449 10.3259 85
10.2459 10.3259 76
10.2479 10.3269 53
10.2479 10.3289 58
10.2489 10.3289 61
10.4049 10.4859 84
10.4059 10.4869 73
10.4059 10.4899 76
10.4099 10.4929 53
10.5739 10.6549 76
10.5779 10.6579 53
10.5779 10.6619 58
10.5809 10.6619 61
10.7379 10.8288 73
10.7388 10.8299 76
10.7399 10.8328 67
10.7408 10.8328 53
10.7419 10.8339 61
10.9169 11.0039 76
10.9179 11.0049 85
10.9199 11.0079 58
10.9208 11.0089 53
11.0838 11.2598 73
11.0878 11.4268 67
11.0888 11.4278 61
11.2628 11.3398 82
11.7718 12.1558 90
12.0778 12.6978 93
12.2328 12.6138 77
12.3798 12.6978 87
12.3798 12.6978 78
12.3828 12.6878 81
12.5368 12.6978 74
12.5408 12.6978 71
12.6878 13.3167 81
12.6908 12.9958 75
12.8428 13.3167 74
12.8448 13.2307 65
12.8458 13.1527 68
12.9968 13.3047 69
12.9988 13.3037 66
13.1537 13.3167 62
13.1537 13.3167 59
13.3037 13.4647 66
13.3047 13.4647 69
13.3047 13.4657 60
14.1327 14.2207 81
14.1367 14.2247 60
14.1377 14.2257 69
14.3007 14.3817 89
14.3017 14.3827 81
14.3037 14.3857 69
14.3047 14.3857 60
14.4667 14.5537 63
14.4677 14.5537 60
14.6367 14.7247 60
14.6377 14.7247 63
14.8117 14.8997 90
14.8157 14.9037 60
14.9837 15.3237 60
15.5197 15.5997 75
15.5227 15.6037 60
15.5237 15.6057 69
15.6917 15.7787 69
15.6917 15.7817 60
15.6937 15.7817 63
15.8627 15.9467 60
15.8627 15.9487 69
16.0297 16.1247 78
16.0297 16.1247 84
16.0307 16.1257 75
16.0337 16.1277 60
16.0347 16.1277 69
16.0367 16.1277 63
16.2157 16.3037 78
16.2197 16.3077 69
16.2207 16.3077 60
16.3917 16.6287 78
16.3937 16.7507 69
16.3937 16.7507 63
16.3947 16.7507 60
16.9327 17.0207 72
16.9337 17.0217 66
16.9357 17.0237 69
17.0977 17.3877 72
17.1017 17.4657 66
17.1047 17.4657 69
17.6587 17.7487 72
18.4107 18.5037 72
18.6037 18.6967 72
18.7887 18.8787 72
18.7887 18.8827 77
18.7917 18.8837 75
19.1597 19.2547 72
19.1627 19.2547 69
19.3477 19.4397 72
19.5347 19.6207 69
21.8027 21.9667 77
22.2107 22.3027 79
22.7497 22.9427 72
22.8448 23.4427 69
22.9427 23.4467 72
23.0407 23.2367 70
23.1397 23.3427 74
23.2367 23.4467 70
23.3427 23.4467 74
23.4437 24.2377 65
23.6337 23.8257 77
23.6337 24.2417 69
23.7257 24.1327 79
23.8257 24.2417 77
23.9277 24.0237 78
23.9297 24.1297 74
24.1297 24.2377 74
24.2347 24.3837 80
24.2377 24.3837 74
24.2377 24.4297 65
24.3327 24.4337 81
24.4367 24.5987 81
24.5287 24.5987 82
24.6267 24.8227 65
24.7237 24.7907 75
24.8237 24.9617 81
24.9167 24.9617 80
25.0147 25.6137 65
25.1067 25.1787 79
25.4147 25.6207 62
25.5147 25.6207 74
25.7157 25.8227 74
25.8277 26.0197 69
25.9247 26.1177 72
26.0197 26.6177 69
26.2157 26.4127 70
26.3137 26.5167 74
26.4127 26.6217 70
26.5167 26.6217 74
26.6217 27.4126 65
26.7096 26.8986 75
26.8096 27.4156 69
26.9016 27.3076 79
26.9996 27.4156 77
27.1036 27.1986 78
27.1036 27.3076 74
27.4096 27.5516 74
27.4116 27.5516 80
27.4126 27.6086 65
27.5106 27.6086 81
27.6116 27.7726 81
27.7056 27.7726 82
27.8006 27.9936 65
27.8986 27.9646 75
27.8986 27.9646 81
27.9976 28.1406 81
28.0916 28.1406 80
28.1896 28.7916 65
28.1926 28.3786 57
28.5886 28.6866 74
28.5886 28.9906 62
28.7946 28.8896 74
28.7946 28.8896 77
28.9986 29.1936 74
29.1926 29.3856 82
29.1936 29.7886 74
29.5866 29.7856 82
29.7856 29.9786 82
29.7886 29.9776 74
29.8846 30.0756 80
29.9776 30.5866 74
29.9786 30.1706 82
30.0756 30.5866 80
30.1706 30.3696 75
30.3656 30.5866 83
30.4746 30.5806 78
30.5806 30.7266 78
30.9746 31.1646 70
31.0696 31.1356 80
31.1666 31.3146 86
31.2586 31.3146 80
31.2626 31.3146 85
31.3566 31.5246 85
31.4486 31.5246 80
31.4516 31.5246 84
31.7546 31.8566 78
31.7556 31.9486 66
32.0496 32.1396 83
32.1406 32.3406 74
32.3406 32.9346 74
32.5336 32.7356 82
32.8306 32.9386 83
32.9346 33.1236 74
33.0336 33.2156 80
33.1236 33.7336 74
33.2166 33.4186 83
33.3166 33.7336 82
33.3166 33.5166 75
33.4186 33.5156 83
33.5156 33.7336 83
33.6226 33.7336 84
34.0216 34.0896 87
34.1226 34.3106 70
34.2136 34.2826 80
34.4056 34.4536 85
34.5036 34.6716 85
34.5976 34.6716 84
35.1165 35.2165 82
35.3336 35.5325 90
35.3365 35.7345 46
35.4315 35.6265 85
35.4346 35.7345 87
35.6265 35.7255 88
35.6265 35.7345 85
35.7285 36.0985 47
35.8225 36.0125 83
36.0125 36.1095 83
36.0155 36.1105 87
36.1135 36.3125 76
36.2085 36.4075 82
36.3125 36.5245 76
36.4105 36.5225 85
36.5225 36.7195 85
36.5235 36.7215 75
36.5235 36.8055 66
36.6175 36.8055 82
36.7215 36.8125 75
36.9215 37.1205 73
36.9215 37.1185 84
37.1205 37.3275 73
37.2165 37.3245 82
37.3205 37.5205 72
37.3245 37.6595 69
37.5205 37.6595 72
37.5235 37.6595 82
37.6185 37.7235 81
37.7235 37.9265 81
37.8245 38.0235 76
38.0215 38.1365 79
38.0235 38.1395 76
38.1355 38.3325 69
38.1365 38.3315 79
38.1365 38.5455 57
38.2345 38.4305 72
38.3325 38.5455 69
38.3325 38.5455 60
38.5365 38.7285 77
38.7285 38.9725 77
38.9355 39.3395 75
38.9375 39.3395 60
38.9375 39.0365 69
39.0365 39.3395 76
39.3365 39.7565 70
39.5325 39.7565 77
39.6275 39.7565 76
39.7425 39.8375 72
39.7425 39.8385 69
39.8405 39.9345 75
41.6265 41.8255 69
41.8255 41.9165 69
41.9175 42.0135 72
42.0175 42.2215 70
42.2215 42.3145 70
42.3155 42.4135 74
42.4165 42.6125 69
42.5185 42.6934 72
42.5595 42.6934 67
42.6125 42.6965 69
42.7004 42.7984 72
42.8014 43.0084 70
43.0114 43.0994 65
43.2075 43.5094 80
43.2114 43.4104 74
43.3124 43.4104 81
43.4104 43.5094 81
43.5054 43.5504 82
43.6034 43.9214 82
43.6984 43.7954 81
43.7954 43.9214 81
43.8944 43.9364 80
43.9884 44.2884 80
44.0824 44.1814 79
44.3874 44.5894 74
44.4894 44.6704 70
44.5894 44.6844 74
44.6884 44.7934 70
44.7964 44.9924 69
45.0864 45.1774 72
45.1814 45.3854 70
45.3854 45.4864 70
45.4864 45.5834 74
45.5874 45.7794 69
45.7794 45.8674 69
45.8704 45.9624 79
45.9634 46.2634 77
46.0704 46.1694 78
46.1754 46.2634 65
46.3754 46.6794 80
46.6724 46.7213 82
46.7673 47.0853 82
46.8694 46.9603 81
46.9603 47.0853 81
47.0613 47.1073 80
47.1513 47.4573 80
47.2534 47.3453 79
47.5584 47.7584 74
47.7584 47.8584 77
47.7584 47.8594 74
47.9644 48.1534 74
47.9653 48.1523 82
48.0614 48.2264 83
48.1523 48.2443 82
48.1534 48.2443 74
48.2453 48.3423 84
48.3433 48.5383 82
48.3453 48.5354 75
48.4373 48.6044 83
48.5354 48.6294 75
48.5394 48.6044 70
48.6364 48.7313 84
48.8224 48.9673 80
48.9123 49.0023 77
48.9163 48.9673 70
49.0033 49.0943 80
49.0063 49.0953 84
49.0973 49.3013 75
49.1013 49.3913 82
49.1993 49.3013 83
49.4023 49.4483 84
49.4983 49.7903 85
49.5983 49.6903 86
49.6933 49.7903 70
49.7883 49.8333 87
49.9763 50.0643 86
50.0643 50.1623 86
50.0683 50.1623 70
50.1553 50.1973 85
50.2463 50.5543 85
50.3413 50.4323 84
50.4323 50.5543 84
50.5333 50.5823 83
50.6353 50.8172 82
50.9072 50.9982 75
50.9112 50.9992 84
51.0012 51.1942 82
51.0022 51.1942 74
51.1942 51.2812 74
51.2862 51.3842 84
51.3842 51.5792 82
51.3862 51.5762 75
51.5762 51.6732 75
51.5792 51.6422 70
51.6772 51.7732 84
51.8702 52.0522 80
51.9602 52.0552 82
51.9612 52.0552 70
52.0522 52.1432 84
52.0522 52.1432 80
52.1462 52.4192 82
52.1472 52.3502 75
52.2482 52.3462 83
52.4482 52.4962 84
52.5452 52.8322 85
52.6402 52.7382 86
52.7412 52.8322 70
52.8322 52.8742 87
53.0172 53.1102 86
53.1102 53.2042 86
53.1102 53.2042 70
53.2032 53.2462 85
53.2952 53.5922 85
53.3892 53.4812 84
53.8902 53.9772 82
54.1032 54.2152 35
54.2022 54.2992 88
54.3032 54.4182 62
54.3052 54.4182 53
54.4042 54.8872 48
54.4982 54.6922 89
54.5972 54.8872 86
54.7862 54.8932 84
54.7862 54.8942 87
54.8982 55.0932 87
54.8992 55.0162 38
55.0002 55.0942 85
55.0982 55.1992 59
55.1952 55.2892 82
55.1962 55.2902 86
55.2432 55.5902 60
55.2902 55.5002 86
55.7132 55.9091 84
56.1061 56.3041 81
56.1061 56.2831 73
56.3121 56.4061 73
56.4071 56.5041 70
56.5041 56.9141 70
56.6021 56.8091 67
56.7031 56.9201 77
56.7071 56.9201 73
56.8051 56.9201 76
56.8091 56.9201 67
56.9141 57.3371 62
57.3241 57.5261 68
57.3241 57.7841 59
57.5261 57.7841 68
57.7501 57.8481 64
57.7501 58.1691 60
58.1601 58.3691 63
58.2651 58.4751 41
58.3691 58.5861 40
58.4741 58.5861 69
58.5771 58.7831 62
58.5791 59.0171 53
58.9891 59.0171 70
59.0031 59.2101 56
59.0041 59.4681 47
59.0041 59.8571 41
59.2101 59.4681 56
59.3181 59.4311 65
59.4311 59.8571 65
59.4341 59.8571 48
59.9581 60.1681 57
60.1651 60.2771 62
60.2771 60.536 34
60.7211 60.8131 58
60.8131 60.9031 62
60.9991 61.0951 62
61.0991 61.1951 58
61.2891 61.3731 58
61.3751 61.4591 62
61.4641 61.656 58
61.5581 61.6571 47
61.656 61.7431 46
61.656 61.744 58
61.8111 61.9891 54
61.8411 61.9891 63
62.608 63.013 65
62.766 63.259 75
62.85 63.259 72
63.013 63.259 65
63.091 63.259 69
63.094 63.259 60
63.257 63.514 77
63.519 63.609 53
63.521 63.609 58
63.703 63.794 58
63.798 63.885 62
63.889 63.98 55
63.984 64.071 62
64.361 64.445 62
64.447 64.641 58
64.638 64.729 46
64.641 64.73 58
64.793 64.97 54
65.422 65.58 72
65.58 65.967 65
65.726 66.2659 75
65.727 66.2659 66
65.884 66.2659 68
66.042 66.2659 69
66.175 66.3489 46
66.2029 66.353 59
66.4929 66.9509 89
66.6469 66.9509 73
66.7969 66.9509 74
67.0979 67.6579 77
67.1799 67.6579 74
67.2569 67.6579 64
67.4059 67.6579 71
67.4069 67.6579 62
67.5599 67.7389 46
68.1769 68.4139 85
68.3519 68.4989 69
68.6209 69.1149 93
69.0759 69.1529 96
69.3808 69.6918 72
69.8388 69.9968 60
69.9958 70.3438 59
70.1528 70.3438 60
70.2308 70.3438 87
70.3428 71.0608 34
70.5348 71.0548 94
70.6168 71.0608 93
70.7838 71.0608 91
70.8678 71.0608 90
70.8688 71.0568 98
70.9478 71.0608 89
71.0548 71.2138 94
71.0568 71.7628 32
71.2138 71.7628 94
71.2148 71.3858 89
71.3858 71.7628 84
71.3858 71.7498 89
71.4658 71.7628 83
71.5508 71.7628 86
71.7498 72.4528 89
71.7538 72.4528 30
71.7548 72.4528 42
72.0928 72.4428 86
72.2548 72.4428 82
72.3388 72.4528 77
72.4428 73.1508 86
72.4428 73.1508 29
72.6068 72.7778 77
72.7778 73.1508 77
72.8588 73.1508 71
72.9397 73.1508 74
72.9408 73.1458 70
73.0247 73.1508 68
73.1458 73.8457 70
73.1468 73.3288 66
73.3248 73.6607 87
73.4077 73.8457 86
73.4997 73.6607 90
73.5008 73.8457 58
73.5767 73.8457 84
73.6607 73.8427 90
73.8427 73.9197 90
74.0047 74.1687 87
74.0877 74.5567 79
74.1687 74.5327 87
74.2517 74.5567 77
74.3327 74.5567 82
74.3337 74.5327 78
74.5327 74.6127 78
74.5357 75.2107 35
74.7047 75.2107 82
74.7847 75.2107 74
74.8687 75.2107 59
74.9487 75.2107 72
75.2037 75.2817 78
75.2077 75.9086 34
75.3657 75.9086 78
75.5297 75.9086 75
75.6907 75.9086 70
75.7716 75.9086 63
75.9077 76.2297 32
75.9846 76.0647 45
76.0687 76.2047 95
76.0696 76.2047 87
76.0696 76.2047 45
76.1496 76.2297 83
76.1526 76.2297 90
76.2336 76.3236 47
76.4006 76.5337 47
76.7307 76.8417 49
76.8177 76.8947 68
76.8187 76.8987 51
76.9847 77.2487 83
77.4207 77.5527 85
77.4207 77.5527 54
77.5037 77.5807 82
77.5037 77.5847 56
77.5847 77.6787 57
77.6607 77.7447 58
77.7457 77.8537 57
78.0847 78.1967 59
78.3397 78.5956 82
78.3857 78.5956 90
78.5157 78.5996 63
78.6756 78.7666 66
78.7676 78.8966 92
79.0086 79.0886 69
79.0886 79.1766 87
79.0936 79.1806 68
79.1816 79.2576 69
79.4296 79.5326 74
79.4296 79.5326 70
79.5936 79.9476 77
79.5936 79.7856 74
79.7856 79.9476 94
79.7856 79.9476 74
80.1076 80.2616 90
80.1116 80.2616 73
80.3556 80.4366 70
80.4366 80.6256 82
80.4406 80.6256 75
80.5206 80.6256 87
80.6016 80.9406 78
80.6856 80.9406 89
80.7696 80.9406 88
80.8496 80.9406 87
81.1926 81.2806 90
81.2776 81.3606 97
81.2796 81.3616 61
81.7176 81.9866 74
81.9776 82.3406 71
82.0646 82.3406 77
82.0646 82.3406 74
82.1516 82.3406 64
82.3266 82.6906 65
82.7786 82.8766 62
82.8766 83.0546 98
83.1906 83.2886 85
83.5796 83.6746 82
83.5806 83.6776 85
83.6786 83.8486 93
83.7756 83.8736 84
83.9746 84.0696 80
84.1646 84.2616 84
84.2666 84.4616 85
84.6546 85.0186 74
84.7416 85.0186 62
84.9196 85.0186 64
84.9206 85.0186 61
85.0956 85.3646 62
85.1836 85.3646 52
85.3576 85.7186 53
85.6246 85.7186 76
86.0186 86.1206 74
86.0196 86.1216 37
86.2196 86.3166 73
86.4186 86.5156 37
86.6156 86.7046 73
86.6176 86.7056 37
86.7086 86.8796 42
86.8076 86.9046 69
86.8096 86.9056 37
86.9086 87.0756 45
87.0026 87.1006 68
87.0066 87.1036 37
87.1986 87.2946 37
87.3915 87.4815 65
87.3955 87.4855 37
87.5845 87.6735 62
87.5875 87.6745 65
87.5875 87.6775 37
87.7765 87.8675 37
87.8705 88.0235 44
87.9655 88.0555 59
87.9685 88.0605 37
88.1545 88.2465 37
88.3465 88.4375 60
88.3465 88.4375 37
88.4405 88.6155 45
88.5395 88.6335 60
88.5405 88.6335 37
88.7355 88.8325 37
89.0365 89.1275 56
89.0405 89.1305 35
89.0405 89.1305 47
89.2255 89.3165 56
89.2265 89.3195 53
89.2285 89.3225 48
89.2285 89.3235 36
89.4115 89.5085 53
89.4135 89.5125 56
89.6065 89.6985 38
89.7885 89.8935 56
89.9925 90.1785 53
90.5555 90.6535 65
91.1265 91.2205 62
92.0965 92.1895 35
92.0985 92.1905 47
92.2765 92.3715 65
92.2815 92.3725 56
92.2815 92.3745 36
92.2835 92.3745 48
92.4695 92.5635 56
92.4735 92.5645 65
92.6545 92.7535 65
92.6555 92.7565 56
92.6595 92.7605 38
93.8105 93.9005 68
93.8135 93.9085 60
94.3815 94.4865 74
94.7725 94.9545 71
95.3325 95.4205 76
95.8655 95.9655 74
95.8675 95.9665 83
96.0645 96.2735 74
96.5125 96.5955 81
96.6875 96.7745 71
96.6885 96.7745 80
96.7785 97.1285 80
96.7785 96.9035 71
96.8595 96.9495 72
97.0405 97.1285 74
97.0445 97.1295 83
97.1325 97.4675 83
97.1335 97.2755 88
97.2155 97.2965 87
97.2165 97.2965 75
97.2975 97.3805 76
97.2975 97.3805 88
97.3835 97.4715 86
97.3835 97.4715 77
97.4715 97.8175 86
97.6435 97.7305 91
97.7315 97.8185 89
97.8215 98.1645 89
97.8215 98.1645 98
97.8225 98.1675 95
97.8245 98.1645 80
97.9015 98.2495 93
97.9025 98.2495 81
98.0735 98.4175 92
98.0765 98.4195 83
98.1645 98.5045 98
98.1645 98.5105 80
98.1675 98.5075 95
98.2495 98.5115 93
98.3325 98.5115 94
98.4175 98.5115 92
98.4195 98.5115 83
98.5045 98.8495 98
98.5075 98.8505 95
98.5925 98.9315 93
98.6785 99.0215 94
98.7595 99.1065 92
98.8495 99.1925 98
98.8505 99.1925 95
98.9315 99.1935 93
99.1065 99.1935 92
99.1085 99.1935 83
99.1905 99.3645 101
99.2775 100.568 100
99.2785 99.6205 97
99.3645 99.5325 98
99.3645 99.5335 95
99.5325 99.7075 98
99.5325 99.7085 92
99.5335 99.7085 95
99.6215 99.9605 94
99.7085 99.8835 92
99.7925 100.568 96
99.7955 100.135 93
99.8825 100.052 89
99.9635 100.314 88
100.135 100.568 93
100.138 100.477 90
100.225 100.393 89
100.39 100.568 92
100.393 100.565 89
100.478 100.568 84
100.48 100.568 87
100.566 100.736 86
100.733 101.968 89
100.733 100.908 83
100.736 100.908 86
100.823 101.17 84
100.908 101.082 86
100.908 101.083 83
100.996 101.342 82
100.997 101.345 79
101.083 101.258 80
101.083 101.255 83
101.255 101.43 83
101.258 101.432 80
101.432 101.611 80
101.518 101.872 78
101.52 101.874 75
101.612 101.787 77
101.612 101.787 74
101.699 101.968 76
101.699 101.968 73
101.786 101.964 80
101.787 101.966 74
101.872 101.968 72
101.966 102.144 77
102.05 102.239 73
102.053 102.239 76
102.144 102.323 77
102.239 102.327 73
102.409 102.5 73
102.412 102.5 76
102.501 102.595 80
102.504 102.595 77
102.598 102.682 73
102.777 102.861 73
102.958 103.041 76
103.043 103.131 74
103.044 103.135 77
103.138 103.222 73
103.226 103.31 77
103.314 103.401 76
103.404 105.241 74
103.405 103.583 77
103.852 104.035 78
104.035 104.213 78
104.122 104.308 77
104.213 104.399 78
104.489 104.675 77
104.675 104.86 77
104.952 105.145 78
105.145 105.241 78
105.238 105.425 76
105.425 105.599 76
105.427 105.612 71
105.511 105.612 78
105.599 105.97 72
105.603 105.97 68
105.784 105.968 76
105.788 105.97 69
105.869 105.97 78
105.967 106.326 73
105.968 106.138 76
106.141 106.33 74
106.229 106.33 78
106.327 106.698 57
106.52 106.606 76
106.607 106.701 78
106.705 106.785 76
106.789 106.88 73
106.88 106.97 76
106.971 107.062 78
107.065 107.15 74
107.153 107.243 71
107.157 107.247 76
107.248 107.338 74
107.339 107.44 76
107.342 107.44 71
107.441 107.576 74
107.62 107.702 74
107.801 107.976 73
107.885 108.158 69
107.976 108.158 73
108.154 108.336 76
108.155 108.528 62
108.518 108.879 72
108.518 108.879 68
108.605 108.784 78
108.696 108.879 69
108.784 108.879 78
108.874 109.235 73
108.963 109.145 78
109.235 109.33 73
109.238 109.607 57
109.523 109.61 78
109.524 109.611 73
109.704 109.792 78
109.704 109.795 73
109.796 109.879 76
109.883 109.97 73
109.883 109.971 78
110.062 110.152 71
110.065 110.153 76
110.155 110.247 74
110.248 110.348 76
110.25 110.348 71
110.348 110.481 74
110.44 110.523 71
110.527 110.611 74
110.709 110.881 73
110.793 111.091 69
110.881 111.091 73
111.266 111.444 81
111.357 111.457 82
111.448 111.808 76
111.627 111.808 74
111.717 111.808 82
111.805 111.986 81
111.895 112.077 82
111.987 112.169 76
112.165 112.259 81
112.168 112.539 62
112.368 112.452 81
112.543 112.63 88
112.544 112.63 81
112.546 112.9 57
112.722 112.812 81
112.904 112.991 79
112.908 113.278 69
112.995 113.079 76
113.18 113.278 76
113.281 113.414 79
113.285 113.628 61
113.285 113.998 69
113.366 113.452 76
113.719 113.998 74
113.811 113.998 77
113.996 114.366 72
114.174 114.356 81
114.175 114.353 76
114.175 114.356 73
114.356 114.534 81
114.356 114.717 73
114.437 114.619 82
114.535 114.717 74
114.619 114.717 82
114.716 114.892 81
114.895 115.076 79
114.895 115.076 76
114.979 115.076 82
115.076 115.448 62
115.451 115.535 81
115.452 115.535 88
115.455 115.809 57
115.63 115.714 81
115.717 115.812 82
115.815 116.179 69
115.896 115.979 76
116.082 116.18 76
116.186 116.894 69
116.271 116.355 76
116.534 116.715 77
116.627 116.855 74
116.802 116.894 86
116.897 117.082 89
116.9 117.267 45
116.985 117.267 86
116.987 117.166 84
117.166 117.267 84
117.17 117.261 87
117.265 117.61 62
117.353 117.534 82
117.534 117.621 82
117.534 117.624 86
117.625 117.814 86
117.719 117.905 81
117.814 118.017 75
118.011 118.199 84
118.013 118.199 74
118.014 118.286 65
118.199 118.289 74
118.399 118.584 72
118.584 118.787 72
118.679 118.783 81
118.784 118.977 71
118.784 119.109 68
118.787 119.109 52
118.881 119.068 76
118.977 119.109 71
118.977 119.109 81
119.068 119.171 80
119.068 119.172 76
119.178 119.371 80
119.27 119.463 75
119.369 119.581 69
119.372 119.581 60
119.463 119.581 75
119.568 119.764 78
119.568 119.763 68
119.569 119.973 56
119.57 119.973 64
119.763 119.973 68
119.764 119.973 59
119.865 119.973 71
119.963 120.393 72
119.964 120.156 76
120.058 120.362 74
120.159 120.393 69
120.159 120.393 60
120.256 120.393 75
120.363 120.755 59
120.365 120.457 68
120.458 120.755 75
120.558 120.755 62
120.754 121.163 69
120.755 121.163 60
120.947 121.163 76
121.044 121.163 75
121.152 121.248 62
121.153 121.249 68
121.638 121.936 78
121.829 121.936 90
121.92 122.289 88
122.286 122.459 64
122.459 122.638 64
122.636 122.739 73
122.739 122.835 78
122.741 122.923 73
122.836 122.924 85
122.928 123.018 73
122.93 123.018 78
123.022 123.103 76
123.106 123.189 73
123.108 123.19 78
123.196 123.283 76
123.287 123.372 73
123.287 123.372 78
123.466 123.549 71
123.466 123.55 76
123.553 123.651 74
123.652 123.748 71
123.654 123.749 76
123.75 123.885 74
123.878 123.924 66
123.925 124.015 74
124.019 124.102 71
124.104 124.284 73
124.197 124.466 69
124.284 124.466 73
124.642 124.844 76
124.643 124.844 62
124.828 125.192 88
125.009 125.192 76
125.363 125.539 64
125.539 125.636 73
125.636 125.729 78
125.638 125.824 73
125.831 125.912 78
125.832 125.915 73
125.915 126.0 76
126.003 126.09 78
126.003 126.091 73
126.097 126.178 76
126.182 126.273 78
126.185 126.273 73
126.364 126.451 71
126.364 126.452 76
126.454 126.545 74
126.549 126.644 76
126.549 126.644 71
126.645 126.783 74
126.776 126.826 66
126.829 126.913 74
126.914 127.004 71
127.005 127.18 73
127.095 127.361 69
127.18 127.358 73
127.274 127.361 80
127.453 127.753 82
127.55 127.753 81
127.645 127.753 94
127.736 128.099 93
128.19 128.46 70
128.275 128.46 69
128.278 128.46 64
128.556 128.743 77
128.656 128.747 81
128.656 128.748 89
128.656 128.75 69
128.929 129.013 77
129.017 129.1 81
129.018 129.101 69
129.283 129.37 81
129.283 129.373 76
129.377 129.464 85
129.378 129.468 69
129.471 129.563 76
129.566 129.702 79
129.654 129.745 76
129.749 129.833 69
129.923 130.099 77
130.014 130.284 74
130.099 130.284 77
130.101 130.284 69
130.565 130.672 94
130.655 131.025 93
130.837 131.025 81
131.109 131.379 70
131.197 131.379 69
131.197 131.379 64
131.47 131.659 77
131.568 131.66 89
131.572 131.662 69
131.754 131.838 81
131.936 132.019 81
131.939 132.02 69
132.02 132.107 82
132.205 132.286 76
132.29 132.387 85
132.292 132.387 69
132.39 132.478 76
132.482 132.625 79
132.576 132.664 76
132.84 133.017 77
132.935 133.195 74
133.236 133.633 29
133.335 133.528 42
133.528 133.633 42
133.627 134.021 41
134.018 134.422 53
134.113 134.221 66
134.422 134.62 65
134.62 134.718 65
134.826 135.222 89
134.827 135.222 29
135.117 135.222 42
135.219 135.614 41
135.307 135.614 82
135.608 136.014 53
135.705 135.81 66
135.897 136.014 66
136.014 136.209 65
136.209 136.305 65
136.411 136.804 34
136.511 136.697 47
136.697 136.804 47
136.791 137.175 46
136.983 137.169 58
137.169 137.57 58
137.358 137.57 74
137.567 137.854 89
137.966 138.355 34
138.155 138.348 46
138.247 138.355 47
138.348 138.728 46
138.439 138.728 82
138.725 139.118 58
139.516 139.902 46
139.517 139.902 34
139.699 139.902 85
139.895 140.273 35
140.459 140.662 82
141.156 141.354 85
141.156 141.355 94
141.253 141.469 96
141.254 141.469 91
141.256 141.469 46
141.354 141.469 85
141.355 141.469 94
141.456 141.648 88
141.55 141.747 82
141.551 141.749 91
141.648 141.851 88
141.747 141.851 82
141.841 142.03 85
141.939 142.131 88
142.03 142.226 85
142.131 142.226 88
142.132 142.222 79
142.219 142.414 87
142.222 142.412 79
142.317 142.509 76
142.317 142.509 85
142.412 142.6 79
142.414 142.601 87
142.601 142.757 84
142.601 142.757 76
142.699 142.793 73
142.796 142.891 84
142.993 143.16 81
143.101 143.195 78
143.195 143.3 76
143.413 143.608 73
143.63 143.752 77
143.633 143.752 73
143.885 144.098 70
143.888 144.304 74
144.309 144.774 59
144.518 144.774 68
144.742 144.844 64
144.743 145.162 60
145.263 145.589 60
145.369 145.589 40
145.477 145.589 69
145.579 145.789 70
145.583 146.002 74
146.002 146.468 59
146.213 146.468 68
146.436 146.538 64
146.437 146.864 60
146.957 147.293 60
146.961 147.175 41
147.173 147.293 69
147.175 147.703 41
147.277 147.483 62
147.279 147.714 53
147.7 147.91 56
147.703 148.168 47
147.91 148.168 56
148.016 148.132 65
148.132 148.56 65
148.134 148.56 48
148.135 148.558 51
148.235 148.446 60
148.558 148.989 60
148.659 148.869 57
148.66 148.869 41
148.868 148.989 62
148.869 148.989 41
148.985 149.215 58
148.988 149.216 34
149.216 149.306 65
149.218 149.306 62
149.219 149.31 74
149.219 149.31 58
149.401 149.499 72
149.404 149.502 58
149.404 149.503 50
149.593 149.688 71
149.594 149.688 53
149.597 149.688 50
149.597 149.689 58
149.782 149.88 50
149.783 149.88 58
149.783 149.881 53
149.971 150.066 74
149.971 150.07 50
149.975 150.073 58
150.175 150.362 65
150.177 150.362 50
150.36 150.541 70
150.772 150.864 65
150.773 150.867 53
150.773 150.867 58
150.776 150.868 62
150.955 151.05 76
151.147 151.242 75
151.15 151.243 58
151.151 151.245 53
151.333 151.424 65
151.333 151.428 74
151.336 151.43 53
151.336 151.431 62
151.336 151.431 58
151.529 151.627 62
151.529 151.627 58
151.725 151.917 58
151.826 151.917 75
151.917 152.106 74
152.107 152.322 30
152.327 152.424 82
152.327 152.425 73
152.331 152.428 64
152.333 152.429 54
152.517 152.61 70
152.523 152.614 64
152.523 152.615 54
152.705 152.803 64
152.708 152.806 61
152.709 152.807 54
153.086 153.184 82
153.089 153.188 54
153.09 153.189 64
153.09 153.191 61
153.285 153.475 73
153.289 153.475 54
153.471 153.67 78
153.675 153.891 29
153.895 153.996 72
153.896 154.0 69
153.898 154.0 57
154.104 154.203 72
154.105 154.204 69
154.297 154.395 72
154.3 154.398 69
154.301 154.399 76
154.305 154.403 65
154.493 154.598 65
154.703 154.819 60
154.938 155.141 72
154.942 155.141 65
155.34 155.572 34
155.573 155.711 62
155.574 155.711 58
155.575 155.711 65
155.663 155.75 66
155.753 155.892 62
155.848 155.931 67
155.935 156.079 58
156.125 156.253 65
156.128 156.253 53
156.309 156.453 74
156.313 156.453 65
156.416 156.516 66
156.52 156.709 65
157.125 157.258 62
157.303 157.451 65
157.304 157.451 70
157.398 157.486 72
157.489 157.636 65
157.489 157.636 62
157.683 157.836 70
157.776 157.863 72
157.868 158.032 62
158.07 158.263 70
158.262 158.462 74
158.466 158.649 30
158.651 158.76 82
158.652 158.76 54
158.655 158.76 64
158.844 159.043 73
158.851 159.043 58
159.24 159.425 35
159.428 159.54 87
159.428 159.54 59
159.432 159.54 66
159.628 159.822 75
159.632 159.822 69
159.821 160.006 83
160.007 160.215 29
160.219 160.384 93
160.317 160.412 52
160.416 160.572 92
160.618 160.789 91
160.72 160.811 54
160.815 160.975 90
161.01 161.188 81
161.112 161.206 56
161.207 161.378 88
161.21 161.378 81
161.304 161.399 57
161.595 161.741 60
161.686 161.783 59
161.784 161.945 85
161.878 161.969 60
162.161 162.337 75
162.351 162.529 82
162.544 162.722 72
164.514 164.713 75
165.108 165.509 68
165.928 166.426 68
166.426 166.666 74
167.114 167.234 62
167.314 168.444 59
167.499 167.611 65
169.393 169.501 80
169.579 169.764 54
171.098 171.28 48
171.189 171.284 95
171.833 172.203 101
171.833 172.014 48
171.836 172.018 57
171.836 172.018 51
172.532 172.686 53
172.567 172.687 82
172.592 172.687 101
173.355 174.117 53
173.358 174.118 59
173.547 173.659 41
173.925 174.041 44
174.499 174.594 85
174.875 175.259 74
175.06 175.178 53
175.262 175.354 74
175.633 175.822 86
175.633 175.826 78
175.634 175.827 93
176.571 176.683 69
177.142 177.328 96
177.143 177.328 87
177.143 177.328 79
177.884 178.065 87
177.884 178.066 93
177.887 178.066 101
178.066 178.174 65
178.632 178.723 86
178.633 178.728 101
178.637 178.731 94
178.822 178.917 53
178.917 179.003 62
179.008 179.099 58
179.193 179.291 58
179.294 179.382 62
179.383 179.483 58
179.578 179.665 58
179.666 179.746 62
179.845 179.946 62
179.942 180.04 46
179.943 180.041 58
180.131 180.278 63
180.901 181.321 65
181.066 181.58 75
181.15 181.58 72
181.236 181.58 62
181.321 181.58 65
181.405 181.58 69
181.577 181.832 77
181.836 181.934 58
181.837 181.934 53
182.025 182.115 58
182.119 182.209 62
182.591 182.676 58
182.679 182.763 62
182.764 182.959 58
182.865 182.96 47
182.955 183.05 46
182.959 183.053 58
183.145 183.292 63
183.74 183.897 72
184.058 184.6 75
184.059 184.538 66
184.215 184.6 62
184.297 184.6 65
184.377 184.537 60
184.537 184.684 60
184.828 185.291 90
184.985 185.291 74
185.133 185.291 84
185.594 186.0 62
185.941 186.08 69
185.944 186.085 46
186.228 186.687 93
186.753 187.142 93
187.061 187.331 87
187.141 187.331 99
187.142 187.331 90
187.142 187.331 93
187.611 187.925 100
187.691 187.846 87
187.768 188.087 101
187.846 188.006 87
187.925 188.251 100
187.925 188.251 80
188.006 188.168 87
188.087 188.412 101
188.168 188.332 87
188.251 188.64 100
188.251 188.64 80
188.332 188.493 87
188.412 188.576 101
188.576 189.983 101
188.577 189.013 86
188.86 189.017 90
189.013 189.171 86
189.017 189.787 90
189.096 189.712 89
189.097 189.252 82
189.171 189.637 86
189.252 189.556 82
189.255 189.402 77
189.328 189.479 78
189.404 189.983 70
189.479 189.637 78
189.482 189.983 74
189.555 189.983 77
189.556 189.71 82
189.637 189.787 86
189.637 189.983 78
189.71 189.942 82
189.787 189.983 90
189.787 189.983 86
189.87 189.983 89
189.942 190.091 82
190.322 191.25 82
190.322 190.479 77
190.403 191.169 78
190.479 191.093 77
190.558 191.018 74
190.56 190.711 66
190.635 190.943 70
190.71 190.861 62
190.711 190.862 66
190.787 191.354 58
190.943 191.354 65
191.015 191.354 66
191.018 191.17 74
191.095 191.333 70
191.169 191.354 78
191.17 191.354 74
191.25 191.354 77
191.333 191.432 70
191.702 191.86 62
191.703 192.168 66
191.785 191.94 58
191.786 192.093 65
191.86 192.016 62
191.939 194.529 53
191.94 192.09 58
192.017 194.529 54
192.09 194.529 58
192.093 192.244 65
192.167 194.529 62
192.241 192.398 70
192.244 194.529 65
192.323 192.474 74
192.324 194.529 66
192.398 194.529 70
192.474 194.529 74
192.475 192.632 78
192.556 194.529 77
192.632 194.529 78
192.713 193.183 82
192.713 192.87 89
192.787 193.102 86
192.868 193.027 94
192.944 193.101 90
193.027 193.34 94
193.028 193.183 89
193.183 193.497 82
193.262 193.423 90
193.339 193.498 89
193.497 193.815 82
193.498 193.661 89
193.734 193.897 90
193.815 194.13 82
193.896 194.211 98
193.973 194.128 89
194.053 194.211 90
194.211 194.368 90
194.368 194.529 90
194.449 194.529 89
194.45 194.529 82
194.529 194.847 65
195.425 195.562 62
