2.33897 4.03197 37
3.46995 4.06696 85
3.47196 4.06996 65
3.47295 4.07396 56
5.29995 5.93096 61
5.93595 7.66793 61
6.07294 7.06693 68
6.21995 7.06394 73
6.77994 7.66793 89
7.06394 7.72094 97
7.06394 7.72094 73
7.06693 7.72194 68
8.88993 10.6679 48
9.50692 10.6679 60
9.50892 10.6689 44
10.6679 11.2769 48
10.6689 11.2739 44
11.2739 12.4399 53
11.2739 12.4429 44
12.4399 13.0589 53
12.4419 13.0649 37
12.4429 13.0629 44
13.0649 14.6589 37
14.8529 15.6729 58
14.8539 15.9479 34
14.8549 15.9499 46
15.9569 16.5239 34
15.9569 16.5249 46
16.5309 17.7518 39
16.5309 17.7518 46
16.6559 17.7518 51
16.7929 17.6158 54
18.2638 19.3278 46
19.3348 19.8978 46
23.1308 24.2408 44
24.9768 27.1077 53
25.9208 26.5098 65
26.5087 27.1778 97
26.5098 27.1807 65
34.2967 34.6537 60
35.7807 36.3667 51
36.9287 37.2297 73
37.5237 37.8187 51
40.1566 41.3046 60
41.3046 41.7546 60
42.5006 43.4986 65
45.9836 48.7556 84
49.8825 50.4675 51
56.5005 56.6085 92
56.6435 56.7915 92
57.7995 57.9565 92
57.9525 58.0685 80
58.0965 58.2505 80
58.2535 58.3805 92
58.4225 58.5655 92
58.5725 58.6815 80
58.7165 58.8625 80
59.1545 59.2585 80
59.2865 59.4305 80
59.5805 59.7275 92
59.7275 59.8365 80
59.8635 60.0115 80
60.1785 60.3265 92
61.1975 61.2995 92
61.3345 61.4845 92
61.7885 61.9085 92
61.9605 62.1075 92
62.8285 62.9724 80
63.5424 63.6584 92
63.7734 63.9104 80
63.8364 63.9764 82
63.9104 64.0424 80
64.0424 64.1864 80
64.1094 64.2494 82
64.3134 64.4554 80
64.3754 64.5264 82
64.4554 64.6044 80
64.5264 64.6794 82
64.6044 64.7604 80
64.6794 64.8485 82
64.8485 65.0015 82
64.9325 65.0855 80
65.1705 65.3175 82
65.2475 65.4045 80
65.3175 65.4925 82
65.4045 65.5625 80
65.4925 65.6365 82
65.5625 65.7085 80
65.6365 65.7685 82
65.7685 65.8985 82
65.8385 65.9745 80
65.9745 66.1085 80
66.1085 66.2445 80
66.1715 66.3145 82
66.2445 66.3845 80
66.3845 66.5175 80
66.4475 66.6025 82
66.6675 66.8225 80
66.7525 66.8925 82
66.8225 66.9595 80
66.8925 67.0425 82
66.9595 67.1235 80
67.0425 67.1585 82
67.1245 67.2835 80
67.2285 67.3605 82
67.2835 67.4275 80
67.4975 67.6265 82
67.5645 67.6965 80
67.6965 67.8305 80
67.8305 67.9695 80
67.9695 68.1135 80
68.0435 68.1975 82
68.1135 68.2745 80
68.1975 68.3585 82
68.2745 68.4495 80
68.7715 68.9326 80
68.8526 69.0026 82
68.9326 69.0725 80
69.0725 69.2126 80
69.1496 69.2756 82
69.3526 69.4786 80
69.4226 69.5486 82
69.4786 69.6116 80
69.5486 69.6886 82
69.6116 69.7516 80
69.6886 69.8186 82
69.9436 70.0846 82
70.0146 70.1546 80
70.1546 70.3046 80
70.2236 70.3676 82
70.3046 70.3956 80
70.3686 70.4626 82
70.4306 70.5256 80
70.5016 70.5876 82
70.5716 70.6616 80
70.6406 70.7876 92
71.8036 71.9496 92
72.2516 72.3766 92
72.4226 72.5686 92
72.7126 72.8626 80
73.0036 73.1496 92
74.1825 74.3266 92
75.0475 75.1945 80
75.3345 75.4885 92
75.9645 76.1075 92
77.5425 77.6585 92
77.6995 77.7875 82
77.7635 77.8505 80
77.8225 77.9105 82
77.8965 77.9835 80
78.0185 78.1065 80
78.0955 78.1795 82
78.1515 78.2395 80
78.2855 78.3785 80
78.5575 78.6555 80
78.6285 78.7395 82
78.6975 78.8025 80
79.7025 79.7826 80
79.8215 79.9126 80
80.0206 80.1155 82
80.1535 80.2485 82
80.2345 80.3285 80
80.3015 80.4095 82
80.3815 80.4865 80
80.6825 80.7875 80
80.7595 80.8576 82
80.8406 80.9346 80
80.9036 81.0045 82
81.1936 81.3406 82
89.6915 91.4245 60
102.791 103.968 61
103.972 104.601 61
107.556 108.175 61
118.91 119.83 73
120.687 121.842 61
121.846 122.459 61
126.026 126.949 73
127.804 128.941 61
128.945 129.556 61
133.138 134.061 78
134.946 138.038 61
141.597 142.266 44
142.293 143.228 77
142.296 143.473 61
143.175 143.518 73
143.479 144.081 61
144.086 145.002 70
146.472 147.095 37
147.708 148.94 53
149.563 151.359 37
151.359 152.933 37
153.15 154.935 37
154.935 155.226 37
155.23 155.817 61
156.717 158.505 32
158.184 158.558 68
158.505 160.108 32
158.505 160.108 44
160.287 162.075 37
162.075 163.678 37
163.857 165.652 30
163.857 165.65 42
164.151 164.739 61
164.151 164.738 70
164.738 165.33 70
165.33 165.712 70
165.65 167.434 42
165.652 167.434 30
165.939 166.534 70
166.534 167.118 70
167.434 169.222 37
168.317 168.907 61
168.319 168.907 65
168.907 169.233 65
169.222 170.734 37
169.51 170.102 65
171.004 172.792 30
171.004 172.792 42
171.291 171.886 70
171.886 172.471 70
172.471 172.925 70
172.792 174.591 42
172.792 174.591 30
173.086 173.674 70
173.674 174.259 70
174.578 176.362 37
175.463 176.048 65
176.048 176.391 65
176.049 176.391 68
176.362 177.885 37
176.649 177.244 65
178.144 179.929 32
178.435 179.026 72
179.026 179.612 72
179.612 179.957 72
180.224 180.814 72
180.814 181.4 72
181.4 181.722 72
182.015 182.607 73
182.607 183.198 73
183.818 184.417 73
184.417 185.022 73
185.022 185.334 73
186.219 186.81 65
186.81 187.136 61
186.81 187.136 65
187.426 188.032 60
188.032 188.627 60
188.627 188.948 60
188.948 190.863 37
189.264 189.901 56
192.714 194.465 46
192.715 194.503 34
194.465 195.077 46
195.018 195.605 48
197.805 199.158 29
199.536 201.233 34
199.537 201.233 46
201.255 201.808 46
201.805 202.392 48
206.246 206.323 61
206.323 208.062 34
208.595 209.138 48
208.595 209.14 36
209.145 209.715 46
209.147 209.715 34
210.565 211.496 60
211.436 211.986 36
220.032 220.121 61
220.12 221.838 46
220.12 221.877 34
221.838 222.377 46
222.389 222.906 57
223.515 223.791 53
225.174 226.911 41
225.178 226.911 29
226.617 226.911 53
226.833 226.911 61
226.911 228.629 46
226.911 228.629 34
228.629 229.139 46
229.174 229.7 57
230.303 231.961 39
231.961 232.244 51
233.129 233.7 55
235.397 236.486 72
238.765 239.854 73
243.899 245.347 56
249.033 250.122 72
252.401 253.49 73
255.768 257.505 39
258.357 259.873 72
259.268 259.873 84
262.995 264.728 60
272.089 275.603 44
278.665 279.894 89
278.763 279.894 87
278.858 279.894 85
278.959 279.894 84
279.054 279.894 82
279.456 279.894 75
279.775 279.894 70
279.894 283.489 37
282.263 283.489 89
282.365 283.489 87
282.456 283.489 85
282.557 283.489 84
282.655 283.489 82
283.261 283.489 72
283.488 284.517 75
283.488 285.298 44
284.969 286.758 75
285.865 287.089 90
285.963 287.089 89
286.057 287.089 87
286.156 287.089 85
286.253 287.089 84
286.758 287.089 75
286.967 287.087 73
287.023 287.089 65
287.087 288.108 73
287.089 290.688 37
288.412 288.72 73
289.463 290.688 89
289.561 290.688 87
289.655 290.688 85
289.851 290.688 82
290.46 290.688 72
290.566 290.688 73
290.687 292.491 54
292.319 294.165 70
292.777 294.286 94
293.062 294.286 89
293.156 294.286 87
293.253 294.286 85
293.352 294.286 84
294.165 294.286 70
294.222 294.286 65
294.285 296.096 37
296.096 297.884 37
296.374 297.884 89
296.47 297.884 87
296.567 297.884 85
296.662 297.884 84
296.754 297.884 82
297.449 297.883 70
297.82 297.884 66
300.165 301.484 90
300.452 301.484 85
300.553 301.484 84
301.362 301.484 70
301.418 301.484 65
301.481 303.293 37
303.293 305.083 37
303.858 305.083 89
303.956 305.083 87
304.05 305.083 85
304.152 305.083 84
304.855 305.047 72
305.047 305.083 72
305.082 306.892 32
305.083 306.893 44
306.857 308.142 73
306.893 308.688 44
307.171 308.688 90
307.175 308.355 56
307.266 308.688 89
307.364 308.688 87
307.459 308.688 85
307.557 308.688 84
308.044 308.688 75
308.047 308.688 60
308.352 308.688 70
308.684 309.71 73
308.688 308.823 37
310.963 312.286 87
311.155 312.286 84
311.351 312.222 65
311.95 312.286 70
312.222 312.286 65
312.283 314.213 73
314.151 314.301 32
314.151 314.302 44
316.02 316.055 80
316.051 317.839 89
316.052 317.839 37
316.807 317.839 85
317.244 317.839 73
317.808 317.839 60
317.864 319.705 32
317.865 318.165 44
320.003 320.315 56
320.315 320.924 56
320.612 321.875 73
320.923 321.875 80
320.924 321.568 65
321.074 321.875 85
321.238 321.875 89
321.567 322.18 97
325.407 327.246 72
325.438 327.246 32
326.349 327.246 66
326.639 327.246 60
327.209 327.246 65
327.245 329.026 37
329.026 330.829 37
330.796 330.829 72
332.568 334.063 72
334.346 334.375 68
334.374 336.117 37
337.867 337.899 65
339.687 341.353 71
339.716 340.93 73
339.743 341.353 37
341.542 342.747 73
343.328 345.162 73
343.359 345.158 37
344.549 345.162 61
345.126 345.162 72
346.879 348.591 25
346.879 348.591 37
347.447 348.591 56
347.45 348.591 51
350.198 350.569 44
353.484 354.146 61
354.461 355.92 89
354.461 354.758 80
354.461 354.755 85
354.755 355.92 85
355.059 355.92 80
355.06 355.353 73
355.659 355.92 73
357.164 357.786 61
358.111 358.402 85
358.112 359.539 89
358.112 358.401 80
358.402 359.539 85
358.703 358.999 73
359.298 359.539 73
360.793 361.408 61
363.533 373.703 32
363.534 363.816 41
363.534 363.82 37
363.82 364.114 44
363.82 373.703 37
364.114 364.405 44
364.702 364.996 53
364.702 364.996 56
364.996 365.583 56
364.996 365.289 53
365.287 373.703 44
365.289 365.58 53
365.583 365.877 56
365.877 366.172 56
365.882 366.171 61
366.169 366.467 65
366.171 366.466 61
366.172 367.054 56
366.466 366.763 68
366.467 366.763 65
366.76 367.657 73
366.763 367.054 65
366.763 367.348 68
367.05 367.348 61
367.054 367.349 65
367.348 367.657 68
367.349 367.656 65
367.657 367.96 73
368.265 368.874 73
368.266 368.573 80
368.569 369.517 85
368.573 369.192 80
368.874 369.195 73
369.192 369.518 80
369.517 369.86 85
369.86 370.222 85
370.732 373.703 89
370.733 373.703 97
374.261 375.527 56
374.261 375.527 65
375.531 376.217 56
375.535 376.221 32
376.228 377.239 29
377.24 377.608 42
377.243 377.609 30
377.61 378.499 56
377.614 378.503 29
378.503 383.875 56
378.506 383.876 61
378.507 383.878 25
