0.923981 1.72999 65
1.33098 2.156 62
1.72999 2.156 65
2.91698 3.76299 62
3.31899 3.76299 65
3.74898 5.39001 57
4.14499 4.954 65
4.54501 5.404 60
5.39001 7.04599 57
5.789 6.58799 65
6.18899 7.04599 60
14.726 15.152 59
15.551 16.811 60
18.027 18.442 57
19.64 20.0879 62
22.1559 22.9789 65
22.5659 23.437 62
23.826 24.651 62
24.651 25.0819 62
25.0649 26.7349 57
27.536 28.3639 70
30.4059 31.2109 65
30.8089 31.6549 60
32.0509 32.8459 65
43.5268 43.9538 56
44.3388 45.1438 56
46.7578 47.1528 56
47.5588 47.9788 56
52.8998 54.5408 52
54.5408 55.3668 52
59.4767 61.1187 52
61.1177 61.9367 48
61.1187 61.9367 52
65.2156 65.5666 74
69.3046 70.9396 54
69.3056 70.9396 57
71.7406 72.5536 72
74.9686 75.7946 64
75.7946 76.6226 64
77.4426 78.2575 57
79.0866 80.7275 52
85.6575 87.2975 52
91.3964 91.7464 74
95.5334 97.1694 57
97.9734 98.7884 72
103.528 103.695 76
103.608 103.695 77
105.256 105.347 79
115.138 115.312 67
115.225 115.396 69
115.396 115.575 69
115.484 115.655 67
115.742 115.91 69
115.91 116.071 69
115.952 117.426 52
116.229 116.386 69
116.386 116.543 69
116.698 116.856 69
116.932 117.069 67
117.009 117.157 69
117.157 117.338 69
117.692 118.304 69
119.83 120.66 62
122.907 123.078 76
122.984 123.078 77
125.937 126.386 62
132.416 132.829 65
132.816 133.642 62
133.218 133.642 65
134.023 134.411 65
134.406 135.252 62
134.801 135.252 65
135.633 136.439 65
136.035 136.886 60
136.439 136.886 65
137.271 138.079 65
137.673 138.537 60
138.079 138.537 65
147.033 148.296 60
149.518 149.931 57
150.715 151.548 74
151.131 151.548 62
153.994 154.862 62
155.25 156.076 62
156.076 156.507 62
160.627 161.453 73
167.987 168.526 81
183.23 183.643 65
183.626 184.466 63
183.629 184.465 60
184.018 184.466 65
186.919 187.78 60
186.919 187.78 63
187.311 187.78 65
188.585 188.984 65
189.824 190.236 65
190.222 191.059 60
190.616 191.06 65
193.507 194.357 60
193.902 194.357 65
196.796 197.15 82
198.428 198.781 75
199.663 200.086 74
200.927 202.554 65
202.55 202.95 72
204.167 205.004 62
206.667 207.482 69
207.485 208.301 58
207.891 208.295 65
208.295 208.486 65
209.123 209.942 62
209.526 209.942 65
209.93 210.765 60
210.32 210.769 65
210.768 212.407 57
211.179 211.577 65
213.218 214.065 60
216.102 216.516 65
216.502 217.345 60
216.901 217.346 65
219.329 219.743 65
219.725 220.579 60
220.124 220.579 65
226.085 226.487 74
228.794 229.193 72
234.849 234.947 70
235.108 235.268 70
235.268 235.353 70
244.788 245.205 62
246.829 246.867 74
247.045 247.213 72
247.381 247.545 72
247.781 247.938 74
247.865 248.018 72
248.095 248.253 74
248.253 248.407 74
248.407 248.564 74
248.49 248.645 72
248.645 248.792 72
248.792 248.97 72
248.97 249.146 72
249.146 249.331 72
249.331 249.519 72
249.425 249.964 74
249.954 251.066 70
251.48 251.571 70
253.191 254.805 62
254.304 254.407 70
254.486 254.805 72
254.644 254.805 69
254.714 254.805 70
254.798 255.623 67
256.82 257.244 62
257.647 258.084 60
259.405 259.995 60
259.995 262.098 60
259.999 262.068 65
260.0 265.747 58
262.064 265.747 62
262.068 265.747 65
