3.57498 3.97799 74
5.09397 7.27094 60
7.63495 7.67694 70
9.47991 11.6949 60
13.8999 14.0159 70
21.9039 22.2659 62
21.9049 22.2679 58
22.9889 23.1889 74
25.4649 25.8359 58
26.0239 26.1149 65
26.0239 26.4109 55
26.3079 26.4109 63
26.4089 26.7809 72
26.4099 26.7799 56
26.7769 27.1509 70
27.9119 28.2849 74
28.6589 29.7829 70
28.6599 29.0349 56
30.5219 30.6119 65
31.0929 31.2779 56
32.2269 32.4129 60
32.9619 33.1679 60
35.4009 36.5219 48
36.7059 36.8909 57
37.077 37.2639 57
37.444 37.6489 57
37.648 37.826 62
38.95 39.048 71
39.611 39.8029 72
50.328 50.381 79
50.479 50.664 76
52.781 52.827 82
55.057 55.432 72
55.432 55.614 72
55.614 55.985 69
55.799 55.985 72
55.985 56.356 70
56.166 56.542 72
56.542 56.73 72
56.724 57.101 70
56.909 57.101 72
57.098 57.462 69
57.283 57.65 72
57.65 57.837 72
57.836 58.211 69
58.015 58.211 72
58.208 58.578 70
58.39 58.757 72
58.945 59.317 70
59.124 59.317 72
59.317 59.681 69
59.499 59.873 72
59.873 60.062 72
60.234 60.433 72
60.609 60.98 72
60.98 61.1719 72
61.3429 61.5359 72
61.5359 61.9069 70
61.9069 62.6459 72
61.9069 62.2769 64
62.6449 63.0299 70
63.5279 63.6389 76
63.5909 63.7789 77
63.6389 63.7299 76
63.6849 63.8139 74
63.7299 63.8139 76
63.7789 63.8699 77
65.6379 65.8239 82
65.7289 65.8259 72
65.8239 66.0399 82
67.7729 67.8739 72
67.8669 68.0499 82
68.0499 68.2699 82
69.5399 69.7639 73
70.0129 70.1099 74
70.5689 70.7549 62
70.7549 70.8599 62
71.1259 71.2309 61
71.4969 71.6359 60
71.5939 71.9799 46
71.9789 72.3539 48
72.3509 72.7299 46
72.7289 73.1039 45
74.5949 74.9749 50
74.5959 74.9749 53
74.5969 74.9749 55
75.7149 76.0909 48
76.0889 76.1909 79
76.1419 76.2359 81
76.1909 76.2889 79
76.2359 76.3339 81
76.2889 76.3829 79
76.3339 76.4319 81
76.3829 76.4809 79
76.3829 76.4849 58
76.4809 76.5789 79
76.5269 76.6239 81
76.5789 76.6729 79
76.6239 76.7189 81
76.6729 76.7639 79
76.7189 76.8099 81
76.7639 76.8649 79
76.8099 76.8719 81
76.8649 76.9069 79
76.9079 77.0199 81
76.9579 77.0829 79
77.0199 77.2679 81
77.1939 77.2679 79
77.2408 77.6738 77
78.6508 78.8458 65
79.0328 79.2348 65
79.4178 79.6178 65
79.8058 80.1978 65
80.0018 80.2008 64
80.1978 80.3968 65
80.3868 80.7848 58
80.5798 80.7848 67
80.9748 81.3588 69
81.1648 81.5588 65
81.7448 81.9458 70
81.9458 82.1368 69
83.3028 83.5018 65
83.6868 83.8868 64
84.4568 84.8467 69
84.8467 85.0447 69
85.0387 85.4337 60
88.7477 88.9757 70
94.8837 97.0636 60
97.4316 97.4766 70
99.2796 101.492 60
106.046 107.547 65
111.701 112.066 62
111.702 112.066 58
113.934 114.078 69
115.261 115.636 58
115.822 115.912 65
115.822 116.209 55
116.105 116.209 63
116.206 116.584 72
116.207 116.577 56
116.392 116.577 70
118.467 118.834 56
120.323 120.409 65
120.708 121.076 53
120.893 121.085 56
122.023 122.216 60
122.766 122.966 60
124.264 124.456 60
125.205 126.325 48
126.505 126.696 57
126.876 127.07 57
127.248 127.449 57
127.448 127.627 62
128.754 128.848 71
128.943 129.037 74
129.415 129.601 72
140.266 140.457 76
144.851 145.219 72
145.219 145.407 72
145.405 145.778 69
145.586 145.778 72
145.778 146.146 70
145.96 146.331 72
146.514 146.888 70
146.701 146.888 72
147.07 147.444 72
147.444 147.629 72
147.623 148.001 69
147.808 148.001 72
148.0 148.365 70
148.179 148.551 72
148.732 149.11 70
148.918 149.11 72
149.285 149.664 72
149.664 149.849 72
150.027 150.22 72
150.401 150.769 72
150.769 150.961 72
151.137 151.329 72
151.7 152.439 72
151.701 152.071 64
152.439 152.819 70
152.814 153.597 60
153.32 153.433 76
153.38 153.573 77
153.478 153.597 74
153.524 153.597 76
153.573 153.663 77
155.431 155.607 82
155.607 155.826 82
157.566 157.661 72
157.658 157.839 82
157.839 158.059 82
158.679 158.777 72
159.334 159.547 73
159.523 159.614 76
159.712 159.901 73
159.806 159.901 74
159.985 160.082 74
160.363 160.548 62
160.548 160.647 62
160.912 161.02 61
161.291 161.423 60
161.388 161.767 46
161.766 162.144 48
162.137 162.522 46
162.52 162.896 45
164.385 164.763 50
164.388 164.763 53
164.388 164.763 55
165.043 165.228 57
165.228 165.414 57
165.414 165.599 57
165.599 165.784 57
165.883 165.984 79
165.932 166.029 81
165.984 166.075 79
166.029 166.127 81
166.075 166.173 79
166.127 166.222 81
166.173 166.274 79
166.176 166.275 58
166.274 166.366 79
166.32 166.411 81
166.366 166.466 79
166.411 166.512 81
166.466 166.558 79
166.512 166.604 81
166.558 166.65 79
166.604 166.666 81
166.65 166.701 79
166.701 166.807 81
166.75 166.87 79
166.87 166.986 79
166.935 167.034 77
166.986 167.055 79
167.034 167.46 77
168.252 168.647 62
168.444 168.647 65
168.826 169.029 65
169.215 169.411 65
169.606 169.991 65
169.796 169.991 64
169.991 170.19 65
170.181 170.576 58
170.379 170.576 67
170.765 171.15 69
171.538 171.737 70
171.737 171.93 69
173.095 173.294 65
173.484 173.676 64
174.257 174.639 69
174.448 174.639 65
174.639 174.839 69
174.831 175.226 60
179.206 179.657 69
180.589 181.074 72
181.74 182.118 56
182.118 182.31 56
182.301 182.693 53
182.692 183.826 48
183.053 183.427 68
183.819 184.19 53
186.058 186.426 53
186.808 187.193 53
187.082 187.193 61
187.186 188.323 48
188.502 188.694 58
189.443 190.563 52
190.749 190.934 60
191.113 191.305 60
191.485 191.684 62
191.684 191.865 62
191.866 192.237 65
192.237 192.607 65
192.607 192.806 65
193.924 194.098 60
194.102 194.477 62
194.477 194.847 62
194.847 195.04 62
195.037 196.168 58
195.23 195.417 67
195.594 195.789 67
197.473 197.564 73
198.134 198.32 74
202.642 202.94 74
203.338 203.783 69
208.991 209.18 77
220.646 220.692 58
223.678 224.048 62
226.31 226.676 62
226.677 226.876 74
227.065 227.426 62
228.567 228.934 60
228.938 229.312 62
229.319 229.69 60
233.845 234.212 72
234.587 234.632 53
243.978 244.377 74
245.497 247.681 60
248.049 248.086 70
249.889 252.104 60
254.313 254.425 70
262.314 262.675 62
262.314 262.675 58
263.406 263.598 74
265.874 266.252 58
266.438 266.527 65
266.441 266.826 55
266.721 266.826 63
266.823 267.196 72
266.826 267.195 56
267.007 267.194 70
267.953 268.328 70
268.327 268.691 74
269.073 269.445 56
270.931 271.022 65
271.501 271.694 56
272.633 272.828 60
274.688 275.81 55
274.876 275.068 62
275.247 275.432 62
275.611 275.81 62
275.81 276.924 60
288.245 288.438 70
288.491 288.536 72
288.635 288.82 69
293.216 293.59 65
293.59 293.773 65
293.955 294.147 65
294.329 294.697 65
294.697 294.885 65
295.257 295.625 62
296.173 296.366 65
296.915 297.104 65
301.893 301.969 69
301.944 302.032 70
303.059 303.453 45
303.793 303.979 75
305.287 305.375 72
306.023 306.208 87
306.401 306.491 86
307.514 307.608 74
308.644 309.014 60
308.914 309.014 67
309.098 309.284 66
309.284 309.386 66
309.564 309.795 62
309.663 309.795 65
310.136 310.507 62
310.506 310.885 51
310.507 310.885 60
310.597 310.787 81
310.884 311.269 82
310.885 311.269 58
311.638 312.038 62
312.757 313.132 55
312.76 313.132 58
312.761 313.132 60
313.22 313.412 62
314.248 314.346 72
314.3 314.399 74
314.346 314.447 72
314.399 314.493 74
314.447 314.545 72
314.493 314.591 74
314.545 314.636 72
314.591 314.64 74
314.636 314.737 72
314.689 314.779 74
314.737 314.829 72
314.779 314.881 74
314.829 314.93 72
314.881 314.973 74
314.93 315.021 72
315.021 315.063 72
315.066 315.175 74
315.115 315.238 72
315.175 315.423 74
315.238 315.351 72
315.351 315.423 72
315.406 315.833 70
315.63 315.837 62
316.806 317.009 70
317.188 317.391 70
317.58 317.776 70
317.776 318.356 62
317.968 318.354 70
318.161 318.356 69
318.354 318.552 70
319.13 319.516 62
319.516 319.712 62
320.101 320.295 62
321.461 321.661 58
322.621 323.005 62
323.005 323.204 62
323.394 323.59 62
326.718 327.132 41
326.718 327.132 45
327.579 328.023 74
327.58 328.024 34
328.959 329.445 72
330.113 330.484 56
330.484 330.68 56
330.678 331.063 53
331.062 332.195 48
332.188 332.566 68
332.189 332.559 53
333.316 334.435 48
333.498 333.869 56
335.171 335.563 53
335.557 336.696 48
336.879 337.064 58
337.814 338.936 52
339.12 339.304 60
339.484 339.678 60
339.857 340.056 62
340.236 340.61 65
340.61 340.978 65
341.359 341.548 63
343.221 343.417 62
343.414 344.538 58
345.845 345.94 73
346.038 346.125 76
346.503 346.696 74
369.201 369.247 58
372.055 372.425 62
374.686 375.053 62
375.058 375.25 74
375.436 375.802 62
376.944 377.311 60
377.697 378.06 60
382.215 382.589 72
383.159 383.205 53
384.101 384.29 48
392.35 392.746 74
393.867 396.054 60
396.422 396.463 70
398.266 400.482 60
402.686 402.802 70
410.691 411.052 62
410.692 411.052 58
414.251 414.622 58
414.81 414.902 65
414.811 415.196 55
415.094 415.196 63
415.193 415.574 72
415.196 415.567 56
415.564 415.934 70
416.325 416.698 70
417.453 418.569 70
417.454 417.822 56
419.308 419.399 65
419.879 420.075 56
421.017 421.201 60
421.954 422.133 60
422.321 422.693 60
423.252 423.444 62
423.623 423.816 62
423.989 424.195 62
424.191 425.307 60
436.63 436.822 70
436.823 436.867 70
436.868 436.92 72
437.011 437.203 69
441.596 441.965 65
441.965 442.153 65
442.332 442.527 65
442.709 443.081 65
443.637 444.001 62
444.19 444.379 65
445.299 445.484 65
445.664 445.856 65
449.185 449.569 63
450.126 450.322 70
450.273 450.354 69
450.322 450.409 70
455.892 455.988 74
457.48 457.668 66
457.668 457.77 66
457.945 458.169 62
458.039 458.169 65
458.512 458.893 62
458.6 458.789 82
458.883 459.269 51
458.974 459.167 81
460.014 460.42 62
460.483 460.763 75
461.134 461.515 55
461.135 461.515 58
461.136 461.515 60
461.788 461.977 62
462.163 462.346 62
462.346 462.531 62
462.628 462.73 72
462.677 462.775 74
462.73 462.825 72
462.775 462.874 74
462.825 462.923 72
462.874 462.974 74
462.923 463.02 72
462.974 463.024 74
463.02 463.115 72
463.066 463.164 74
463.115 463.212 72
463.164 463.258 74
463.212 463.305 72
463.258 463.352 74
463.305 463.398 72
463.352 463.411 74
463.398 463.446 72
463.45 463.559 74
463.496 463.621 72
463.559 463.799 74
463.688 463.779 70
463.733 463.799 72
463.779 464.205 70
464.01 464.219 62
465.189 465.392 70
465.571 465.773 70
465.963 466.162 70
466.162 466.739 62
466.351 466.737 70
466.544 466.739 69
466.737 466.936 70
467.509 467.902 62
467.703 468.095 58
467.902 468.095 62
468.482 468.682 62
469.841 470.04 75
469.841 470.04 58
471.002 471.384 62
471.384 471.583 62
475.112 475.56 45
476.039 476.522 74
