0.957013 2.86807 60
3.22808 3.33009 48
3.33308 4.75111 29
3.41707 4.63109 48
4.75809 6.16815 30
4.7591 6.16915 42
6.17214 7.57518 31
6.17614 7.57518 43
6.35015 7.57518 55
6.61616 7.57518 59
6.88317 7.57518 30
6.88317 7.57518 42
7.25417 7.62818 28
7.25417 7.62818 40
7.63117 9.0702 38
8.9792 9.07319 48
9.0742 11.8773 31
9.0772 11.8773 43
9.1572 10.4313 48
11.9583 14.5504 48
14.5554 14.6534 48
14.6534 17.4425 33
14.6534 17.4425 45
14.7364 15.9544 48
15.0794 15.9544 60
17.4465 20.2526 31
17.5295 18.7375 48
19.9796 20.1546 59
22.9377 23.0327 48
23.0347 24.4217 33
23.0387 24.4227 45
24.4257 25.7688 35
25.1228 25.8358 33
25.1228 25.8358 45
25.2128 25.7688 74
26.6168 27.1339 74
27.2259 28.5829 45
27.9219 28.6109 31
28.3529 28.5829 60
28.5239 28.6159 48
28.6159 31.422 29
28.6989 29.945 48
28.8739 29.0489 60
31.149 31.331 59
31.509 32.763 47
32.735 32.8221 95
34.1351 34.2231 47
34.2231 35.6011 33
34.2251 35.6051 45
35.3422 35.5481 85
36.9972 39.7593 31
39.8473 41.1423 48
41.1453 42.5274 30
42.4404 42.5284 48
42.5304 43.9204 29
42.6154 43.8504 48
43.9254 45.3074 35
45.3104 48.1105 34
45.3944 46.6445 46
48.0195 48.1115 46
48.1145 48.1945 45
48.1945 50.7856 45
48.5425 50.4356 57
50.9666 52.1987 45
53.2357 53.5807 55
53.5887 53.6827 43
53.7667 54.9738 43
53.8547 54.9738 48
55.0688 56.3958 95
55.0698 56.4628 29
56.3758 56.4628 41
56.4638 57.8509 35
56.5458 57.7429 41
57.8559 58.5509 28
58.5549 59.2549 33
58.5559 59.2559 45
59.2569 59.9409 26
59.2589 59.9449 38
59.9479 60.645 31
60.648 61.342 24
61.348 62.037 29
62.045 63.074 35
63.074 64.4741 35
64.4741 64.831 35
64.831 67.2561 28
64.8321 67.2571 40
64.919 66.8921 47
67.2641 67.6161 26
67.3451 67.4381 59
67.6211 70.3542 24
67.6211 70.4212 36
67.7041 68.9962 48
67.8732 68.0472 60
68.0472 69.9582 60
69.0802 70.3542 96
70.3192 70.4212 48
70.4222 71.8413 29
70.5072 71.7433 48
70.8582 71.7433 60
71.2122 71.7433 72
71.9323 73.2033 96
72.9793 73.2033 60
73.2633 74.6563 31
73.2663 74.6563 43
73.5283 73.7003 59
73.9733 74.6563 30
73.9743 74.6563 42
74.0613 74.6563 71
74.3443 74.7143 28
74.3443 74.7193 40
74.7223 76.1644 26
74.7233 76.1654 38
76.0674 76.1654 48
76.1674 78.9605 31
76.2524 77.4904 48
78.9635 81.7406 36
81.6456 81.7406 48
81.7436 84.4877 33
81.7476 84.4877 45
81.8266 83.0356 48
84.1797 84.5397 32
84.1807 84.5407 44
84.2677 84.4877 60
84.4487 84.5437 48
84.5447 87.3478 31
84.5447 87.3508 43
84.6277 85.8487 48
84.7157 85.8487 55
87.3548 88.7438 30
87.4378 88.6728 48
90.1329 92.8459 28
90.2178 92.8149 47
90.9109 92.1149 71
92.8149 92.9059 47
94.284 95.664 31
99.8351 101.218 31
99.8351 101.218 43
101.222 103.986 31
101.306 102.496 46
103.99 106.769 31
106.77 109.573 24
106.853 109.479 43
107.204 109.125 55
109.307 110.818 55
109.573 111.001 24
109.577 111.001 36
