2.08 2.202 72
5.34904 5.46804 69
6.69705 6.81205 59
7.78107 7.90107 59
8.86707 8.98208 59
11.5171 11.7691 45
11.7681 12.1331 44
11.8881 12.1391 45
12.1321 12.4981 38
12.1331 12.5001 44
12.2551 12.5041 45
12.4981 12.8711 38
12.5001 12.8711 44
12.6261 12.8781 45
12.8711 13.2471 38
12.8711 13.2481 44
12.9931 13.249 45
13.2471 13.6271 38
13.2481 13.6271 44
13.3691 13.6271 45
13.6241 13.973 32
13.7421 13.973 76
13.865 13.984 74
17.6691 18.0371 76
22.0381 22.1601 59
23.1262 23.2442 59
26.3842 26.9551 38
26.5062 26.9551 34
26.6332 26.9551 29
27.1611 27.3752 69
27.1651 27.3752 64
27.1721 27.3752 48
27.1721 27.3752 45
27.5811 27.8291 47
29.4511 29.8282 74
31.9852 32.5552 38
32.1082 32.5552 34
32.2342 32.5552 29
32.7722 32.9812 69
32.7732 32.9822 64
32.7762 32.9862 45
32.7792 32.9862 48
33.1952 33.4272 64
33.1962 33.4272 71
33.1992 33.4302 40
33.1992 33.4312 47
33.6582 34.7632 69
33.6612 34.7641 72
33.6642 34.7672 36
33.6652 34.7672 40
33.6652 34.7682 45
34.7702 34.8161 45
34.8721 34.9242 48
35.1712 35.2682 53
36.2272 37.3362 65
36.2272 37.3372 69
36.2301 37.3392 29
36.2301 37.3402 36
37.3432 37.3851 41
37.3882 37.4381 43
37.4381 37.4901 45
37.5461 37.6451 48
39.6851 39.9751 64
39.6891 39.9751 33
39.6911 39.9751 45
40.5602 40.7692 74
40.5602 40.7702 35
42.7832 43.9661 45
45.2081 46.3941 45
47.6411 48.5431 47
47.6441 48.5431 53
48.9781 49.4331 46
49.4291 49.877 50
49.4321 49.877 47
49.873 50.342 52
49.877 50.342 48
50.336 50.8 59
51.263 51.753 59
52.529 53.325 57
53.324 59.575 82
58.273 59.575 72
59.572 60.747 69
59.789 60.223 48
60.223 60.856 48
61.06 61.472 48
62.113 63.362 72
62.32 62.739 48
62.529 63.376 57
62.946 63.376 69
63.362 64.636 72
63.573 63.986 48
64.192 64.636 55
64.629 65.7669 69
64.63 67.1109 60
65.2559 65.8779 48
65.7669 65.8779 69
67.1079 68.3499 72
67.5209 68.3529 57
67.9269 68.3529 69
68.3499 69.6029 72
69.1729 69.6029 55
70.8489 72.1088 74
72.5388 72.9628 60
74.2278 74.6698 62
75.9348 77.1968 62
76.3508 77.1968 55
77.3968 77.8068 48
77.5978 78.4438 52
77.8068 78.4438 48
78.0128 78.4438 55
78.4418 79.7008 72
78.6428 79.0568 48
79.2588 79.7008 69
79.6898 80.9738 36
79.8968 80.3238 48
80.1088 80.9738 55
80.7438 80.9738 67
80.9608 81.3908 57
81.6078 82.2588 48
82.6828 83.0978 60
84.3578 84.7958 62
86.0628 87.3338 62
86.4798 87.3338 55
87.5298 87.9428 48
87.7338 88.5858 52
87.9428 88.5858 48
88.5768 89.8388 72
88.7758 89.1928 48
89.3998 89.8388 69
89.8258 91.1268 36
90.0388 90.4698 48
90.2538 91.1268 72
90.2558 91.1268 55
90.9048 91.1268 67
91.3378 91.7788 48
92.4568 93.8258 60
92.4578 93.8258 69
92.6748 93.1158 48
93.3368 93.8298 57
93.8238 95.2128 64
93.8258 95.2168 60
94.2598 95.2168 52
94.7188 95.2168 57
95.2128 96.9028 64
95.2158 96.9068 68
95.2168 96.5738 40
95.6708 96.5738 52
96.1758 96.5738 56
97.2668 97.3858 71
97.7468 97.9878 66
98.3458 98.7048 71
98.8279 99.0739 66
99.4329 99.7899 71
99.5449 99.6679 72
99.6689 99.7899 74
102.352 102.71 64
103.077 103.196 59
104.165 104.281 59
105.248 105.37 59
105.73 105.975 66
105.849 105.976 52
107.904 108.149 45
108.149 108.513 44
108.269 108.516 45
108.513 108.887 44
108.635 108.891 45
108.885 109.258 38
108.887 109.258 44
109.005 109.265 45
109.258 109.629 38
109.258 109.628 44
109.38 109.629 45
109.628 110.008 44
109.629 110.008 38
109.749 110.008 45
110.008 110.367 43
110.008 110.367 31
116.882 117.0 75
117.252 117.375 70
123.048 123.185 79
124.145 124.469 36
124.28 124.469 33
129.749 130.07 36
129.881 130.07 33
131.144 132.237 47
133.699 134.805 74
133.699 134.806 86
133.703 134.813 45
133.705 134.815 42
138.48 138.7 55
139.821 140.065 71
143.894 143.986 45
144.084 144.182 46
144.479 144.58 46
145.14 146.036 43
145.141 146.037 40
145.141 146.072 36
146.033 146.246 47
146.482 146.94 48
146.482 146.934 45
146.933 147.391 42
146.934 147.391 45
147.384 147.849 47
147.385 147.849 52
147.839 148.305 45
148.294 148.767 47
148.767 149.253 47
157.296 157.727 55
157.51 158.367 60
157.727 158.367 55
158.255 158.367 76
158.357 159.621 74
158.563 158.98 55
158.98 159.621 55
159.62 160.884 48
159.827 160.24 55
160.03 160.884 64
161.077 161.493 55
161.493 162.144 55
162.134 163.382 48
162.34 162.764 55
163.275 163.382 76
163.38 164.625 74
163.575 163.985 55
164.818 165.231 55
165.021 165.86 64
166.06 166.473 55
170.891 172.167 72
171.104 171.524 60
171.314 172.167 65
171.524 172.167 60
173.438 174.698 69
173.649 174.062 57
173.852 174.698 62
174.062 174.698 57
174.694 175.941 67
174.898 175.308 55
175.308 175.945 55
175.944 177.205 48
176.151 176.557 55
176.353 177.205 64
176.557 177.205 55
177.194 178.478 65
177.198 178.478 43
177.617 178.478 62
178.038 178.478 76
178.248 178.478 74
178.462 179.773 72
178.464 178.892 64
178.675 179.115 55
178.892 179.773 64
179.112 179.773 74
179.33 179.773 60
181.03 182.297 82
181.237 181.653 60
181.446 182.297 65
181.653 182.297 60
182.293 183.581 45
183.567 184.832 69
183.778 184.191 57
183.987 184.832 62
184.191 184.832 57
185.038 185.444 55
185.444 186.087 55
186.08 187.34 48
186.287 186.7 55
186.491 187.34 64
186.7 187.34 55
187.33 188.63 65
187.333 188.63 43
187.543 187.974 55
187.764 188.63 62
187.974 188.63 55
188.192 188.63 76
188.405 188.63 74
188.628 189.965 72
188.629 189.504 64
188.842 189.28 55
189.063 189.965 60
189.28 189.965 55
189.504 189.965 64
189.958 191.324 76
189.962 191.334 48
190.179 190.624 55
190.404 191.334 60
190.837 191.334 64
191.328 192.716 71
191.544 191.993 55
191.993 192.72 55
192.22 192.72 64
192.714 194.419 75
192.716 194.419 66
192.716 194.419 71
194.534 195.706 65
195.257 195.706 47
195.514 195.706 44
197.606 198.082 62
198.067 199.426 74
198.072 199.433 68
198.957 199.433 62
199.426 200.823 74
199.427 200.819 69
199.427 200.823 65
199.863 200.823 57
200.326 200.823 62
200.819 202.524 69
200.819 202.524 64
200.822 202.524 73
201.044 201.523 52
201.281 202.524 57
201.523 202.524 52
203.241 203.812 48
203.361 203.812 45
205.275 206.213 56
205.73 206.213 60
206.212 207.606 75
206.213 207.606 44
206.66 207.609 56
207.119 207.609 60
207.606 209.015 75
208.049 209.015 56
209.457 210.283 56
210.329 211.71 73
210.388 211.71 32
210.623 211.085 44
211.762 213.317 72
212.82 213.315 56
213.313 214.479 73
213.315 215.613 56
213.315 215.617 61
213.317 215.617 53
213.825 214.079 77
214.079 214.479 77
214.591 214.846 80
214.976 215.617 82
215.613 217.88 60
216.478 216.729 85
216.731 217.88 54
216.848 217.1 84
217.227 217.88 82
217.73 217.88 75
217.878 220.162 61
217.878 220.162 52
217.993 218.252 75
218.766 219.018 78
219.148 219.403 80
219.526 220.162 82
220.159 222.364 60
221.245 222.364 54
221.363 221.609 83
221.854 222.364 80
222.361 222.724 52
224.067 224.189 64
225.656 226.393 81
226.268 226.394 64
227.612 227.738 81
228.473 228.596 67
228.84 228.974 66
229.092 229.211 66
229.215 229.333 68
229.705 230.077 71
230.807 231.049 64
231.179 231.357 90
231.301 231.42 64
233.013 233.262 62
233.388 233.604 69
234.115 234.497 73
235.347 235.599 69
235.718 235.837 66
235.838 235.963 68
236.331 237.069 74
237.559 237.811 69
237.926 238.048 66
238.54 239.281 74
239.643 240.377 86
239.768 240.016 69
240.135 240.254 66
240.254 240.38 68
240.738 240.86 68
241.822 242.182 76
242.897 243.267 76
245.798 245.92 71
248.36 248.475 59
249.446 249.56 59
250.765 250.891 50
252.449 253.264 46
252.572 253.264 41
252.694 253.264 38
252.815 253.264 34
252.936 253.264 29
255.756 256.123 74
256.841 257.211 74
259.375 259.952 38
259.498 259.952 34
259.624 259.952 29
261.766 262.273 38
261.888 262.273 34
262.016 262.273 29
262.538 262.741 74
263.337 263.53 31
263.725 263.92 72
264.124 264.319 74
264.528 264.722 45
264.53 264.722 33
264.915 265.111 74
266.152 266.357 52
266.354 266.56 73
266.357 266.564 52
266.557 266.767 70
266.56 266.77 73
266.564 266.774 55
266.564 266.774 52
266.767 266.969 70
266.77 266.97 73
266.774 266.977 55
266.774 266.974 52
266.969 267.18 70
266.97 267.181 73
266.973 267.18 76
266.974 267.183 52
266.977 267.187 55
267.18 268.226 70
267.181 267.383 73
267.183 267.386 46
267.183 267.387 52
267.184 267.387 49
267.187 268.226 55
267.383 267.586 73
267.387 267.59 49
267.586 268.226 73
267.59 267.803 43
267.59 267.803 49
267.799 268.002 82
267.799 268.006 40
267.8 268.009 46
267.803 268.01 43
268.002 268.226 82
268.005 268.226 85
268.006 268.226 79
268.006 268.226 40
268.009 268.226 46
268.01 268.226 43
268.01 268.226 49
268.22 268.576 74
268.222 268.576 86
268.223 268.576 45
269.531 269.888 86
269.536 269.888 38
269.538 269.888 45
273.722 274.151 52
273.935 274.788 57
274.68 274.788 73
274.785 276.049 71
274.988 275.405 52
275.618 276.049 62
276.046 277.299 64
276.048 277.299 76
276.252 276.665 52
276.876 277.308 73
277.505 277.918 52
278.124 278.565 74
278.558 279.7 73
278.766 279.188 52
279.188 279.815 52
279.801 281.057 71
280.207 281.057 74
281.044 282.279 76
281.247 281.649 52
282.279 283.542 76
282.489 282.899 52
282.899 283.542 52
285.611 286.038 74
287.319 288.6 69
287.533 287.949 57
287.743 288.6 62
287.949 288.6 57
290.699 291.13 62
291.12 292.367 64
291.323 291.737 52
291.533 292.38 62
291.737 292.38 52
292.367 293.626 64
292.576 292.982 52
292.982 293.626 52
293.622 294.896 62
293.829 294.253 52
294.249 294.896 74
294.673 294.896 71
294.89 296.191 69
295.103 295.54 52
295.537 296.191 71
297.661 298.078 57
297.872 298.728 62
298.078 298.728 57
298.722 300.007 42
300.829 301.267 62
301.463 301.872 52
301.668 302.516 62
301.872 302.516 52
302.509 303.769 76
302.713 303.125 52
303.125 303.769 52
303.328 303.769 73
303.759 305.067 62
303.972 304.403 52
304.189 305.067 76
304.403 305.067 74
304.403 305.067 52
304.833 305.067 71
305.051 306.388 69
305.271 305.708 52
305.488 306.391 57
305.708 306.391 52
306.388 307.566 45
308.814 309.994 55
311.233 312.117 45
311.234 312.116 48
312.564 313.015 46
313.006 313.459 59
313.453 313.915 52
313.453 313.915 48
313.905 314.373 59
314.359 314.818 52
314.817 315.3 59
314.818 315.3 52
316.509 316.638 42
316.771 316.9 45
317.98 318.108 45
318.92 319.049 42
319.187 319.316 45
320.134 320.333 45
322.602 322.805 33
322.602 322.805 45
322.868 323.004 36
323.141 323.273 36
323.274 323.41 38
323.845 324.239 33
323.845 324.239 45
325.115 325.532 36
325.118 325.528 40
325.119 325.531 45
325.524 325.948 60
325.528 325.952 40
325.531 325.955 45
325.532 325.955 36
325.951 326.416 64
325.951 326.417 33
325.952 326.417 40
325.955 326.42 45
325.955 326.421 36
326.414 326.872 60
326.416 326.872 64
326.417 326.872 40
326.42 326.872 45
326.421 326.872 36
