0.516996 4.64398 51
0.520993 4.64398 55
0.521985 4.64799 36
0.524989 4.65199 48
9.88397 11.376 55
34.4959 34.8669 74
40.5969 42.0179 74
42.0249 43.6699 72
46.5749 49.7319 34
51.2359 53.8549 75
55.7799 56.5259 60
56.5319 57.2789 60
57.2809 58.0238 77
58.7788 59.8578 59
58.7798 59.8608 65
58.7798 59.4968 38
59.8638 60.2218 59
60.2288 60.9428 36
61.7018 63.1968 65
61.7028 62.4438 35
62.4448 63.1978 47
62.4468 63.1998 53
63.9498 64.6938 47
64.6978 65.4398 46
65.4468 66.1918 46
66.1968 67.3188 79
66.1988 66.9448 46
66.1998 66.9458 53
66.9478 67.7358 46
67.7428 69.2348 80
67.7428 68.4848 46
68.4888 69.2348 46
69.2378 69.9827 79
69.2407 69.9827 46
69.9877 70.7348 46
70.7467 71.4557 33
70.7487 71.4568 45
71.4597 72.1807 33
71.4607 72.1807 45
72.1887 73.2627 61
72.1887 73.2627 63
72.1907 72.9017 31
72.1947 72.9017 43
72.9017 73.6257 31
73.6367 74.3657 30
73.6397 74.3677 42
75.1137 77.6997 81
79.6077 81.0987 84
81.1027 81.8266 83
84.0006 85.0826 83
89.7236 90.4336 44
92.6276 95.4096 89
95.4146 96.9856 89
95.4146 96.1276 44
96.9926 98.7746 89
96.9956 98.4136 47
113.205 113.601 60
113.997 114.437 60
117.794 118.524 43
121.223 121.412 36
121.315 121.415 48
121.416 121.486 65
121.419 121.605 36
121.507 121.605 48
121.703 121.805 48
121.808 121.993 36
121.895 121.994 48
121.997 122.064 71
122.001 122.186 36
122.095 122.186 48
122.189 122.27 72
122.399 122.791 72
122.494 122.686 48
122.788 122.858 70
122.789 122.861 76
122.789 122.981 36
122.882 122.983 48
122.987 123.173 36
123.177 123.368 36
123.376 123.562 36
123.565 123.754 36
123.755 124.16 72
123.852 124.048 48
123.954 124.16 36
124.156 124.559 71
124.16 124.346 38
124.557 124.952 72
124.948 125.347 65
125.143 125.347 41
125.444 125.64 55
126.445 126.554 54
126.552 126.957 65
126.641 126.848 55
126.848 126.957 55
126.955 127.155 36
127.355 127.552 36
127.449 127.552 48
127.555 127.746 36
127.649 127.746 48
127.751 127.939 36
127.842 127.941 48
127.944 128.133 36
128.135 128.328 36
128.332 128.399 71
128.332 128.517 36
128.42 128.521 48
128.523 128.594 72
128.524 128.734 36
128.622 128.821 48
129.122 129.184 70
129.122 129.189 76
129.209 129.308 48
129.312 129.506 36
129.511 129.696 36
129.7 129.888 36
129.79 129.889 48
129.893 130.085 36
130.088 130.491 72
130.182 130.382 48
130.285 130.491 36
130.382 130.491 48
130.487 130.886 71
130.491 130.673 38
130.883 131.281 72
131.275 131.681 65
131.471 131.681 41
131.771 131.971 55
132.875 133.07 42
133.07 133.284 42
133.284 133.48 55
136.039 136.136 32
136.238 136.332 32
136.336 136.434 44
136.437 137.246 43
136.637 136.848 62
136.848 137.042 59
139.189 139.387 32
139.29 139.388 44
139.391 139.583 32
139.588 139.78 31
139.681 139.783 43
139.784 139.979 31
139.982 140.167 31
140.077 140.172 43
140.175 140.36 31
140.365 140.556 31
140.563 140.749 31
140.756 140.941 31
140.946 141.131 31
141.138 141.326 31
141.233 141.327 43
141.327 141.522 31
141.523 141.719 31
141.722 141.911 31
141.817 141.912 43
141.916 142.107 31
142.009 142.107 43
142.111 142.306 31
142.208 142.306 43
142.307 142.502 31
142.405 142.503 43
142.506 142.702 31
142.6 142.703 43
142.707 142.906 32
142.804 142.908 44
142.909 143.101 32
143.105 143.293 32
143.298 143.49 32
143.494 143.682 32
143.686 143.874 32
143.966 144.064 44
144.067 144.256 32
144.355 144.456 44
145.044 145.236 33
145.138 145.239 45
145.24 145.428 33
145.334 145.429 45
145.432 145.625 33
145.628 145.825 33
145.831 146.034 34
146.04 146.223 34
146.228 146.415 34
146.42 146.605 34
146.613 146.8 34
146.804 146.99 34
146.993 147.182 34
147.185 147.375 34
147.273 147.375 46
147.379 147.571 34
147.473 147.571 46
147.574 147.763 34
147.767 147.959 34
147.963 148.152 34
148.25 148.347 46
148.348 148.54 34
148.544 148.732 34
148.638 148.733 46
148.733 148.926 34
149.023 149.124 46
149.125 149.317 34
149.321 149.51 34
149.418 149.51 46
149.511 149.703 34
149.706 149.902 34
149.8 149.902 46
149.902 150.09 34
150.095 150.286 34
150.189 150.287 46
150.291 150.487 34
150.491 150.683 46
150.493 150.685 34
152.303 152.506 63
153.653 153.704 70
155.527 155.722 65
155.527 155.722 68
155.726 155.918 68
155.922 156.115 65
155.922 156.118 68
157.942 158.144 65
158.761 158.956 63
159.155 159.349 63
162.174 162.368 63
162.373 162.561 66
162.565 163.366 56
163.57 163.776 75
163.98 164.178 73
164.389 164.591 72
165.204 165.403 61
165.407 165.596 65
165.599 165.795 61
165.6 165.795 65
168.421 168.62 63
168.623 168.813 63
169.013 169.813 56
170.43 170.63 73
170.832 171.035 72
171.655 171.85 68
172.048 172.253 65
174.906 175.102 70
175.298 175.504 65
175.298 175.504 70
175.921 176.113 82
176.523 176.722 79
178.147 178.351 68
178.151 178.351 72
178.354 178.553 72
178.96 179.166 65
179.772 179.975 63
180.587 180.786 72
180.587 180.79 65
180.793 180.997 65
181.258 181.311 74
181.416 181.629 70
182.113 182.161 74
182.273 182.493 70
182.277 182.494 62
182.277 182.497 65
182.498 182.715 62
183.044 183.261 63
183.159 183.576 67
183.366 184.192 75
183.471 183.681 63
183.471 183.682 58
183.682 183.786 58
183.989 184.402 67
184.094 184.297 58
184.192 184.605 75
184.297 184.506 58
184.504 184.605 63
184.506 184.605 58
184.717 184.934 63
184.717 184.934 58
184.934 185.144 58
185.039 185.865 75
185.451 185.661 67
185.661 186.072 67
185.865 186.288 75
186.172 186.292 58
186.59 186.691 56
186.894 186.994 48
187.191 187.289 56
187.391 187.482 56
187.974 188.067 53
188.07 188.165 48
188.941 189.035 70
189.04 189.106 36
189.326 189.42 48
189.424 189.491 34
189.519 189.61 46
189.813 189.879 32
189.9 189.998 74
190.096 190.194 44
190.195 190.261 31
190.293 190.384 43
190.486 190.576 43
190.579 190.657 31
190.989 191.787 32
191.776 192.598 46
191.78 192.598 34
192.693 192.904 63
192.694 192.906 58
193.114 193.324 58
193.218 193.421 67
193.323 193.432 63
193.324 193.432 58
193.421 193.63 67
193.63 194.041 67
193.934 194.14 58
194.14 194.247 58
194.355 194.576 58
194.785 194.989 58
194.989 195.093 58
195.401 195.607 58
195.814 195.926 58
196.027 196.132 56
196.23 196.329 56
196.532 196.63 48
196.833 196.932 56
197.617 197.711 53
197.712 197.81 48
198.58 198.676 70
198.681 198.755 36
198.776 198.87 48
198.971 199.069 48
199.07 199.136 34
199.161 199.258 46
199.36 199.45 73
199.454 199.528 32
199.549 199.643 44
199.843 199.909 31
199.934 200.032 43
200.231 200.305 31
200.435 200.532 31
200.637 201.435 44
201.428 202.23 46
201.431 202.23 34
202.437 202.633 63
202.437 202.634 67
202.832 203.038 86
203.035 203.84 60
203.136 203.84 87
203.238 203.638 86
203.434 203.84 83
203.532 203.735 84
203.64 203.84 63
204.036 204.239 65
204.834 205.236 72
204.834 205.038 62
205.038 205.237 62
205.236 205.436 72
205.237 205.436 62
205.237 205.436 65
205.642 205.839 63
205.839 206.045 63
206.448 206.65 60
206.65 206.847 60
207.242 207.441 53
207.243 207.445 56
207.646 207.844 53
207.648 207.844 56
208.047 208.246 58
208.439 208.652 53
208.443 208.652 50
208.541 208.652 70
209.273 209.464 39
209.468 209.66 39
209.665 209.866 39
209.87 210.059 39
210.067 210.259 39
210.875 211.063 39
211.071 211.27 39
211.274 211.466 39
211.47 211.661 39
211.666 211.872 39
211.877 212.075 39
213.07 213.272 38
213.493 213.681 36
214.182 214.29 48
214.295 214.483 34
214.487 214.682 34
214.683 214.879 34
214.781 214.879 46
214.88 215.097 34
215.1 215.291 32
215.194 215.292 44
215.292 215.488 32
215.393 215.488 44
215.491 215.694 32
215.695 215.891 32
215.895 216.086 31
216.09 216.289 31
216.184 216.292 43
216.293 216.485 31
216.489 216.7 31
216.59 216.7 43
216.703 217.662 30
216.706 217.665 42
219.964 220.16 48
220.272 220.457 36
220.658 220.846 36
220.85 221.039 36
220.941 221.039 48
221.042 221.235 36
221.239 221.312 72
221.336 221.535 48
221.442 221.835 72
221.535 221.735 48
221.833 221.903 70
221.834 221.904 76
222.031 222.222 36
222.418 222.607 36
222.61 222.795 36
222.799 223.205 72
222.897 223.093 48
222.996 223.205 36
223.199 223.604 71
223.203 223.391 38
223.601 223.997 72
223.793 223.997 39
223.993 224.399 65
224.186 224.399 41
224.486 224.69 55
225.091 225.194 56
225.603 226.006 65
225.693 225.89 55
226.205 226.398 36
226.299 226.499 48
226.6 226.789 36
226.691 226.793 48
226.797 226.988 36
227.185 227.37 36
227.272 227.371 48
227.377 227.563 36
227.667 227.871 48
228.166 228.234 70
228.166 228.239 76
228.168 228.357 36
228.364 228.55 36
228.554 228.742 36
228.746 228.931 36
228.939 229.131 36
229.132 229.537 72
229.229 229.425 48
229.331 229.537 36
229.537 229.723 38
230.223 230.329 51
230.325 230.727 65
231.918 232.12 42
232.12 232.327 42
232.326 232.525 55
232.736 232.929 59
235.081 235.18 32
235.281 235.379 32
235.38 235.477 44
235.48 236.296 31
235.481 236.296 43
236.088 236.296 59
238.235 238.43 32
238.336 238.431 44
238.435 238.627 32
238.634 238.829 31
238.731 238.833 43
238.836 239.028 31
239.032 239.222 31
239.12 239.222 43
239.225 239.41 31
239.416 239.603 31
239.607 239.795 31
239.799 239.984 31
239.992 240.177 31
240.182 240.376 31
240.377 240.573 31
240.573 240.765 31
240.766 240.96 31
240.863 240.964 43
240.967 241.157 31
241.059 241.161 43
241.161 241.356 31
241.357 241.553 31
241.556 241.752 31
241.756 241.956 32
241.85 241.958 44
241.959 242.151 32
242.155 242.343 32
242.348 242.532 32
242.54 242.725 32
242.732 242.917 32
242.921 243.11 32
243.114 243.299 32
243.207 243.3 44
243.401 243.499 44
243.596 243.698 44
244.09 244.282 33
244.184 244.283 45
244.283 244.479 33
244.381 244.481 45
244.482 244.678 33
244.576 244.679 45
244.679 244.877 33
244.882 245.081 34
245.084 245.269 34
245.174 245.27 46
245.274 245.459 34
245.466 245.651 34
245.655 245.843 34
245.848 246.033 34
246.04 246.225 34
246.133 246.226 46
246.233 246.418 34
246.421 246.617 34
246.52 246.618 46
246.618 246.813 34
246.817 247.002 34
246.904 247.006 46
247.006 247.199 34
247.296 247.398 46
247.398 247.586 34
247.59 247.782 34
247.685 247.783 46
247.783 247.976 34
248.171 248.36 34
248.367 248.552 34
248.461 248.556 46
248.556 248.753 34
248.759 248.945 34
248.843 248.945 46
248.948 249.14 34
249.145 249.332 34
249.239 249.333 46
249.333 249.532 34
249.537 249.736 34
251.353 251.556 63
252.7 252.753 70
253.505 253.558 70
254.776 254.964 65
254.966 255.161 65
256.985 257.188 65
257.804 258.006 63
258.007 258.195 63
261.223 261.412 63
261.615 262.416 56
262.619 262.822 75
263.03 263.231 73
263.434 263.633 72
264.247 264.448 61
264.449 264.644 61
264.452 264.645 65
264.649 264.844 65
267.469 267.661 63
267.666 267.861 63
267.865 268.054 63
268.058 268.859 56
269.318 269.37 77
269.478 269.678 73
269.885 270.084 72
270.696 270.9 65
270.697 270.9 68
273.129 273.328 65
273.948 274.151 70
274.347 274.55 65
274.347 274.55 70
274.963 275.159 82
275.565 275.767 79
277.192 277.392 68
277.193 277.395 72
277.398 277.599 72
278.823 279.026 63
278.823 279.027 67
279.03 279.223 67
279.636 279.835 72
279.636 279.838 65
279.843 280.042 65
280.466 280.679 67
280.683 280.889 67
281.155 281.21 74
281.323 281.543 70
281.326 281.543 62
281.327 281.547 65
281.548 281.763 62
282.092 282.31 63
282.209 282.418 55
282.31 282.52 63
282.415 283.241 75
282.418 282.626 55
282.726 282.831 58
282.933 283.136 63
282.934 283.138 58
283.034 283.444 67
283.138 283.345 58
283.241 283.654 75
283.342 283.548 63
283.345 283.549 58
283.444 283.654 67
283.549 283.654 58
284.291 284.501 67
284.501 284.703 67
284.703 285.117 67
285.222 285.334 58
285.432 285.534 56
285.641 285.735 56
285.942 286.037 48
286.234 286.335 56
287.115 287.21 48
287.984 288.08 70
288.084 288.158 36
288.179 288.274 48
288.374 288.466 48
288.467 288.539 34
288.564 288.661 46
288.757 288.851 46
288.854 288.928 32
288.953 289.043 74
288.953 289.044 44
289.145 289.236 44
289.239 289.313 31
289.334 289.433 43
289.436 289.526 39
289.527 289.625 43
289.628 289.702 31
290.031 290.832 32
290.822 291.643 34
291.738 291.952 63
291.739 291.955 58
292.054 292.263 55
292.155 292.366 63
292.158 292.368 58
292.26 292.471 67
292.263 292.473 55
292.473 292.676 55
292.676 293.087 55
292.779 292.982 58
293.191 293.296 58
293.726 294.549 75
293.933 294.137 67
294.137 294.346 67
294.451 294.651 58
294.651 294.864 58
294.864 294.977 58
295.07 295.176 56
295.382 295.452 46
295.582 295.68 48
295.876 295.974 56
296.373 296.464 48
296.659 296.754 53
296.755 296.852 48
297.63 297.72 70
297.725 297.797 36
297.822 297.919 48
298.015 298.112 48
298.113 298.186 34
298.211 298.304 46
298.404 298.5 73
298.406 298.501 46
298.504 298.571 32
298.591 298.69 74
298.886 298.955 31
298.984 299.082 43
299.275 299.348 31
299.379 299.478 43
299.479 299.579 31
299.681 300.485 44
300.475 301.273 46
300.475 301.273 34
301.675 301.878 63
301.679 301.878 67
302.085 302.89 60
302.179 302.89 87
302.281 302.682 86
302.282 302.487 63
302.386 302.582 84
302.484 302.89 83
303.082 303.282 65
303.481 303.685 65
303.685 304.48 58
303.779 304.48 74
303.884 304.084 62
304.279 304.48 72
304.279 304.48 62
304.693 304.888 63
304.888 305.088 63
305.088 305.294 63
305.494 305.694 60
305.694 305.893 60
305.893 306.099 60
306.289 306.492 53
306.289 306.495 56
306.495 306.694 56
306.694 306.89 56
307.09 307.29 58
307.289 307.696 69
307.29 307.485 53
307.489 307.696 58
307.587 307.696 70
308.318 308.513 39
308.518 308.71 39
308.715 308.909 39
309.109 309.308 39
309.924 310.114 39
310.121 310.312 39
310.316 310.509 39
310.516 310.705 39
310.711 310.921 39
310.925 311.117 39
312.119 312.314 38
312.318 312.532 38
312.535 312.73 36
312.832 312.931 48
313.028 313.13 48
313.231 313.333 48
313.337 313.528 34
313.529 313.724 34
313.729 313.921 34
313.924 314.138 34
314.145 314.337 32
314.236 314.337 44
314.338 314.537 32
314.54 314.736 32
314.737 314.939 32
314.944 315.135 31
315.138 315.334 31
315.233 315.335 43
315.335 315.531 31
315.534 315.741 31
315.747 316.711 30
315.748 316.713 42
316.718 318.708 42
318.712 322.831 55
318.713 322.836 62
318.715 322.839 31
318.719 322.839 34
318.719 322.839 38
335.565 336.686 74
364.01 367.696 35
367.696 371.125 35
371.721 371.916 40
372.112 372.304 40
372.5 372.686 40
373.884 374.076 59
376.082 376.274 38
376.277 376.466 38
376.47 376.662 38
376.669 376.861 38
376.866 377.051 38
377.058 377.243 38
377.248 377.435 38
377.442 377.635 38
377.842 378.036 60
380.628 380.82 36
381.709 381.804 82
390.413 390.61 46
390.803 390.995 43
392.364 392.552 29
393.144 393.337 30
393.925 394.114 30
393.925 394.114 42
394.705 394.799 31
394.9 394.995 31
395.098 395.188 31
395.192 395.286 43
395.289 395.387 31
395.388 395.485 43
395.486 395.577 31
395.58 395.674 56
395.58 395.678 43
395.679 395.772 53
395.679 395.772 31
395.877 395.972 31
396.067 396.165 31
396.166 396.263 43
396.265 396.36 31
396.361 396.451 55
396.364 396.455 43
396.456 396.553 31
396.553 396.654 47
396.557 396.655 43
396.661 396.756 31
396.757 396.847 56
396.759 396.847 43
396.851 396.945 31
396.949 397.046 43
397.05 397.145 31
397.146 397.242 56
397.148 397.243 43
397.245 397.337 53
397.246 397.338 31
397.34 397.435 43
397.438 397.532 48
397.438 397.533 31
397.537 397.632 43
397.634 397.729 51
397.635 397.729 31
397.732 397.831 48
397.831 398.026 47
397.834 398.03 55
397.834 398.03 31
398.033 398.222 31
398.226 398.415 31
398.419 398.492 73
398.42 398.611 31
398.512 398.612 43
398.618 398.804 31
398.807 398.88 73
398.81 398.999 31
399.004 399.07 74
399.006 399.191 31
399.199 399.385 31
399.389 399.78 31
399.784 400.175 35
400.568 400.963 30
400.616 400.662 87
400.662 400.715 89
400.764 400.812 89
400.862 400.91 86
400.911 400.966 87
400.97 401.163 86
400.97 401.065 31
401.164 401.26 31
401.362 401.457 31
401.46 401.547 56
401.554 401.649 31
401.751 401.842 31
401.846 401.939 43
401.943 402.038 31
402.041 402.139 43
402.14 402.233 48
402.14 402.237 31
402.238 402.335 43
402.338 402.429 31
402.527 402.622 47
402.528 402.626 31
402.626 402.723 55
402.726 402.815 31
402.818 402.919 47
402.923 403.021 31
403.021 403.112 56
403.022 403.113 43
403.115 403.21 31
403.213 403.312 43
403.312 403.409 31
403.41 403.504 56
403.507 403.599 53
403.511 403.602 31
403.699 403.794 48
403.703 403.798 31
403.801 403.896 56
403.802 403.896 43
403.899 403.994 31
403.995 404.092 48
404.096 404.288 47
404.096 404.292 55
404.099 404.292 31
404.299 404.487 31
404.491 404.68 31
404.586 404.68 43
404.684 404.758 73
404.684 404.876 31
404.88 405.072 31
405.076 405.142 73
405.079 405.265 31
405.268 405.335 74
405.269 405.457 31
405.461 405.65 31
405.653 406.041 31
406.048 406.437 35
406.832 407.228 30
406.882 406.924 87
406.927 406.976 89
406.979 407.033 87
407.033 407.074 89
407.176 407.232 87
407.233 407.298 86
407.233 407.623 31
407.625 408.012 35
408.412 408.803 30
408.453 408.506 87
408.506 408.55 89
408.604 408.656 89
408.706 408.754 86
408.755 408.804 87
408.807 408.877 86
408.808 409.202 31
409.206 409.586 35
409.986 410.379 30
410.186 410.227 89
410.281 410.325 86
410.48 410.577 89
410.77 410.867 83
416.633 416.836 36
417.242 417.434 36
417.438 417.629 36
417.532 417.63 48
417.634 417.822 36
417.721 417.822 48
417.827 418.011 36
417.917 418.015 48
418.016 418.085 71
418.018 418.204 36
418.208 418.285 72
418.308 418.512 48
418.417 418.81 72
418.418 418.614 36
418.807 418.88 70
418.809 418.88 76
418.809 418.998 36
419.005 419.191 36
419.196 419.387 36
419.394 419.58 36
419.584 419.772 36
419.775 420.178 72
419.779 419.971 36
420.172 420.574 67
420.176 420.368 38
420.864 420.972 51
420.966 421.368 65
421.459 421.658 55
422.065 422.17 56
422.974 423.17 36
423.272 423.468 48
423.374 423.57 36
423.574 423.766 36
423.77 423.961 36
423.968 424.154 36
424.056 424.154 48
424.158 424.347 36
424.245 424.347 48
424.35 424.535 36
424.441 424.536 48
424.542 424.613 72
424.543 424.753 36
424.644 424.836 48
424.749 425.144 72
425.141 425.204 70
425.142 425.205 76
425.142 425.327 36
425.235 425.33 48
425.334 425.522 36
425.425 425.527 48
425.53 425.715 36
425.722 425.907 36
425.912 426.104 36
426.107 426.51 72
426.112 426.304 36
426.597 426.796 48
426.901 427.301 73
427.095 427.301 37
427.297 427.7 72
427.298 427.487 39
427.487 427.7 39
427.696 428.106 65
428.392 428.505 54
428.504 428.697 44
428.9 429.09 44
429.304 429.709 65
429.306 429.505 44
429.397 429.604 56
429.702 430.098 70
429.706 430.104 82
429.707 429.892 38
429.995 430.104 50
430.098 430.497 70
430.494 430.899 74
430.587 430.79 53
431.697 431.894 46
431.894 432.096 46
432.096 432.289 46
432.289 432.499 46
432.499 432.695 46
432.597 432.792 58
434.286 434.497 44
434.686 434.896 46
435.183 435.294 60
437.514 437.71 68
437.713 437.909 68
440.73 440.932 67
441.125 441.321 67
441.73 441.93 82
443.964 444.163 65
443.964 444.163 68
444.17 444.356 68
444.359 444.555 68
447.185 447.379 62
447.386 447.572 65
447.575 447.768 62
447.576 447.771 65
448.783 448.986 65
449.188 449.388 72
450.407 450.606 60
450.407 450.606 63
450.809 451.002 60
450.81 451.005 63
453.628 453.823 62
453.63 453.824 65
453.827 454.016 65
454.019 454.211 62
454.019 454.215 65
455.632 455.832 84
456.854 457.057 84
456.857 457.058 63
456.857 457.058 67
457.061 457.26 63
457.264 457.463 82
457.67 457.873 65
458.485 458.688 82
458.895 459.094 80
459.297 459.5 79
459.301 459.504 63
460.124 460.33 60
460.336 460.533 60
460.957 461.159 78
461.589 461.635 80
461.638 461.687 82
461.8 462.016 79
461.803 462.017 60
462.514 462.562 82
462.678 462.895 79
462.679 462.899 62
462.903 463.126 62
463.647 464.061 63
463.753 463.96 60
463.855 464.684 72
463.96 464.162 60
464.061 464.268 63
464.062 464.27 51
464.268 464.47 63
464.578 464.785 55
464.685 465.097 48
464.785 464.992 55
464.884 465.097 63
464.989 465.097 60
464.992 465.097 55
465.202 465.419 55
465.419 465.626 55
465.521 466.354 73
465.936 466.146 52
466.146 466.557 52
466.249 466.447 61
466.354 466.775 73
466.557 466.775 64
466.874 466.973 56
467.48 467.578 58
467.676 467.775 56
467.875 467.97 56
468.555 468.652 48
468.943 469.038 48
469.139 469.206 38
469.524 469.591 36
469.619 469.714 48
469.907 469.979 35
470.297 470.364 34
470.392 470.486 46
470.487 470.585 36
470.586 470.676 46
470.68 470.752 32
470.872 470.966 36
470.97 471.065 44
471.067 471.141 29
471.272 471.369 36
471.471 472.271 31
472.262 473.076 43
473.178 473.395 60
473.285 473.493 51
473.396 473.599 55
473.599 473.806 60
473.806 473.914 60
474.114 474.527 63
474.218 474.421 60
474.327 474.733 48
474.527 474.733 63
474.63 474.733 60
475.163 475.992 73
475.993 476.419 46
476.303 476.419 55
476.51 476.615 60
476.511 476.616 56
476.714 476.818 60
476.917 477.014 58
477.315 477.413 56
478.198 478.293 48
478.585 478.68 48
478.783 478.852 38
479.166 479.24 36
479.261 479.359 48
479.555 479.625 35
479.944 480.01 34
480.035 480.133 46
480.136 480.228 36
480.228 480.325 46
480.326 480.396 32
480.525 480.616 36
480.619 480.714 44
480.717 480.788 29
480.92 481.022 36
481.12 481.921 31
482.919 483.119 60
482.922 483.119 63
483.119 483.318 63
483.723 483.92 60
483.92 484.126 60
484.522 484.724 62
484.722 484.92 60
484.92 485.125 60
485.218 485.92 71
485.524 485.722 62
485.719 485.92 68
485.813 485.92 65
486.328 486.531 60
486.531 486.734 60
486.934 487.134 56
487.134 487.332 56
487.329 487.535 48
487.731 487.934 48
487.934 488.13 48
487.934 488.133 53
488.33 489.138 43
488.427 489.138 71
488.731 488.927 55
488.924 489.138 50
488.927 489.138 55
489.025 489.138 67
489.754 489.953 36
489.957 490.148 36
490.054 490.153 48
490.155 490.348 36
490.353 490.544 36
490.447 490.545 48
490.548 490.744 36
490.748 490.95 36
491.36 491.556 36
491.56 491.751 36
491.759 491.951 36
491.955 492.147 36
492.151 492.361 36
492.368 492.557 36
492.458 492.56 48
493.057 493.162 48
493.167 493.354 34
493.257 493.355 46
493.355 493.558 34
493.561 493.753 34
493.758 493.972 34
494.177 494.369 32
494.373 494.569 32
494.57 494.776 32
494.78 494.976 31
494.877 494.976 43
494.976 495.182 31
495.185 495.384 31
495.389 495.616 31
495.504 495.616 43
495.62 496.579 84
495.621 496.582 87
495.623 496.582 30
495.623 496.582 42
496.583 498.58 60
496.586 498.584 63
496.587 498.584 45
496.589 498.585 42
503.085 504.206 74
520.284 521.782 72
520.285 521.783 75
527.41 527.782 82
527.411 527.784 61
528.947 529.43 85
529.437 532.66 85
529.438 532.66 79
532.636 534.256 84
534.233 535.842 82
535.832 537.438 80
535.836 537.438 65
537.434 539.058 79
539.028 540.644 77
539.031 540.633 55
540.631 542.25 75
540.633 542.25 48
540.634 542.25 60
545.766 551.074 31
551.677 551.868 36
551.876 552.061 36
552.064 552.253 36
552.158 552.254 48
552.257 552.443 36
552.351 552.443 48
552.45 552.642 36
552.543 552.642 48
552.646 552.856 36
552.743 552.943 48
552.855 553.248 72
552.943 553.138 48
553.244 553.307 70
553.244 553.31 76
553.247 553.43 36
553.437 553.629 36
553.633 553.817 36
553.825 554.017 36
554.022 554.209 36
554.214 554.41 36
554.308 554.503 48
554.612 554.795 34
554.795 555.008 34
554.903 555.008 46
555.008 555.198 32
555.198 555.404 32
555.401 555.599 31
555.49 555.693 43
555.599 555.806 31
555.802 555.999 84
555.803 556.002 87
555.803 556.002 30
555.805 556.002 42
556.611 556.825 66
556.614 556.825 69
557.42 557.661 67
558.256 558.511 55
558.257 558.511 59
558.259 558.511 53
558.26 558.511 38
558.263 558.511 35
559.141 559.558 55
559.145 559.558 51
559.146 559.558 48
559.148 559.558 36
559.148 559.558 39
