1.175 1.41599 72
1.826 1.90299 74
2.14098 2.22198 74
6.25297 6.32696 60
12.0559 12.1299 74
12.3669 12.4519 74
22.3849 22.5529 62
27.3278 27.4808 60
37.3958 37.6348 72
38.0438 38.1208 74
38.3558 38.4388 74
42.4718 42.5418 60
43.7467 43.8267 55
59.3487 59.6497 64
63.0757 63.2337 69
68.4907 68.8057 59
68.8107 69.1137 60
73.2047 73.3807 59
74.3427 74.6787 62
74.4977 74.6787 59
75.6357 75.9737 62
75.7927 75.9737 59
79.0366 79.1106 57
79.6766 79.7606 74
79.9986 80.0726 74
85.3886 85.4666 55
92.7326 92.8866 62
94.8506 95.0346 60
99.7636 100.124 72
100.42 100.496 76
102.312 102.68 72
103.131 103.222 71
