13.336 15.765 73
29.303 31.227 60
35.419 35.809 75
35.421 38.732 70
36.241 39.166 75
39.167 39.576 73
39.167 40.048 68
39.58 40.051 75
40.055 41.316 73
40.056 41.318 80
40.056 41.319 65
41.322 42.991 77
42.9919 43.3829 75
42.9959 46.351 70
43.821 45.0879 75
46.793 47.678 59
47.203 47.679 75
47.682 48.371 82
47.686 49.453 59
48.375 49.663 80
50.707 54.7339 65
50.709 51.083 75
50.709 53.585 70
52.212 53.5859 73
55.3779 56.4179 82
55.3789 57.1879 77
55.3809 57.1879 89
55.3849 57.1879 65
56.4219 56.7989 87
56.4219 56.8029 82
56.4249 56.8029 75
56.8069 57.1889 82
56.8099 57.1559 87
56.8099 57.1559 75
57.1909 57.5789 75
57.1919 57.5799 87
57.1949 57.5799 82
57.5839 57.9609 82
57.5869 57.9639 73
57.5869 57.9649 85
57.9689 58.3109 73
57.9689 58.3119 85
57.9709 58.3119 82
58.3459 58.7419 85
58.3459 58.7419 73
58.3469 58.7429 82
58.7459 59.1219 82
58.7459 59.1229 78
58.7489 59.1259 84
58.7519 59.1279 70
59.1299 59.4729 82
59.1339 59.4729 84
59.1339 59.4729 78
59.1369 59.4769 70
59.5019 60.1029 84
59.5019 60.1069 82
59.5029 60.1069 78
59.5049 60.1099 70
60.1099 60.7819 82
60.1139 60.7829 73
60.1139 60.7859 85
60.7899 62.1749 70
60.7929 62.1789 82
60.7929 62.1789 78
62.1829 64.6079 46
62.1849 64.6079 27
62.8189 63.8659 82
62.8229 64.2369 89
62.8269 64.2379 65
63.8699 64.2399 90
63.8699 64.2409 82
63.8729 64.2439 75
64.2469 64.6109 82
64.2479 64.6119 89
64.2509 64.6159 66
64.6179 64.9579 87
64.6189 64.9579 75
64.6219 64.9589 82
64.9849 65.3559 77
64.9859 65.3569 89
64.9899 65.3599 82
65.3639 65.7269 82
65.3639 65.7279 87
65.3679 65.7309 75
65.7349 66.0809 85
65.7349 66.0839 82
65.7379 66.0849 73
66.1189 66.5009 82
66.1199 66.5009 75
66.1199 66.5019 87
66.5079 66.8479 73
66.5089 66.8479 82
66.5089 66.8509 85
66.8789 67.4289 82
66.8799 67.4329 84
66.8839 67.4849 70
67.4329 67.4859 87
67.4859 68.1639 85
67.4879 68.1639 73
67.4889 68.1649 82
68.1679 70.0358 70
68.1679 70.0368 78
68.1709 70.0368 82
70.5578 71.0688 75
70.5578 71.0718 80
71.0768 71.6078 84
71.6108 72.1508 82
72.1568 72.6998 78
72.7008 74.7158 33
72.7008 74.7158 45
73.0598 73.4068 75
73.0598 73.4038 66
73.0638 73.4068 72
73.4068 73.7258 72
73.4068 73.7218 75
73.7218 74.0618 75
73.7258 74.0618 72
74.0618 74.3518 72
74.0618 74.3518 75
74.3728 74.7168 80
74.3728 74.7198 72
74.3758 74.7208 75
74.7278 75.7488 72
74.7278 75.7508 75
75.7558 77.8028 34
76.2778 77.2848 73
76.7858 77.2918 80
77.2928 77.8058 85
77.8098 78.3388 70
77.8108 78.3388 82
79.2198 79.5528 70
79.2208 79.5538 75
79.5528 79.8638 70
79.5538 79.8678 75
79.8638 80.1978 70
79.8678 80.1978 75
80.1978 80.4807 70
80.1978 80.4807 75
80.1998 80.4807 78
80.5077 80.8417 72
80.5087 80.8437 80
80.5117 80.8437 77
80.8477 81.8457 70
80.8487 81.8457 75
82.3737 83.3817 73
82.3747 83.3827 70
83.3917 83.8897 87
83.8927 84.4207 73
83.8927 84.9567 78
83.8937 84.4207 82
83.8957 84.4247 85
85.3027 85.6287 82
85.6357 85.9367 82
85.9467 86.2727 82
86.2807 86.5707 82
86.9387 87.2497 82
87.2767 87.6057 82
87.2767 87.6097 73
87.2807 87.6107 85
87.6137 87.7807 87
87.6167 87.7837 82
89.9757 90.9836 73
91.1126 93.0796 73
91.1616 93.0796 75
91.2466 93.0836 85
97.6476 98.0506 73
101.691 102.006 75
102.009 102.933 73
105.593 105.761 46
105.755 106.693 39
111.789 112.113 60
115.417 116.265 82
115.979 116.356 70
116.265 116.408 82
118.061 118.211 73
122.467 123.24 59
122.86 123.24 71
132.737 132.876 73
135.697 135.836 42
135.98 136.12 42
136.571 138.173 61
136.736 137.072 51
137.072 137.404 51
137.569 137.869 44
138.472 138.769 44
139.067 139.392 66
139.07 139.392 70
139.389 140.96 61
141.258 141.555 44
141.852 142.164 63
141.856 142.76 70
141.857 142.161 44
142.161 142.469 44
142.468 143.003 72
142.76 143.049 70
142.763 143.003 44
143.058 143.935 70
143.939 144.813 58
143.939 144.813 68
144.23 144.813 60
144.81 145.392 70
145.104 145.646 72
145.392 145.678 70
145.394 145.646 44
145.681 146.564 70
146.567 147.482 58
146.567 147.482 68
149.773 150.267 70
149.935 150.267 72
152.699 153.274 70
152.871 153.274 72
154.057 154.25 82
154.988 155.143 84
155.926 156.087 82
157.056 158.05 85
157.386 157.987 73
161.886 164.005 89
163.623 164.4 87
163.812 164.456 75
164.005 164.456 89
164.008 164.456 85
164.4 167.697 84
167.322 168.109 70
167.509 168.109 73
167.893 168.109 80
168.086 168.759 85
168.088 170.066 82
171.106 171.855 84
171.107 171.855 80
171.47 173.951 82
171.471 173.951 85
171.473 173.951 75
171.855 174.389 80
174.774 175.443 82
175.149 175.443 73
175.334 175.527 75
176.311 177.836 60
176.692 178.879 72
178.212 178.879 75
178.212 178.879 58
178.386 178.879 60
178.578 178.946 77
178.949 180.122 75
181.49 182.351 58
181.687 182.351 73
182.065 182.442 75
182.067 182.351 68
182.254 182.447 70
182.45 183.622 73
183.626 184.759 73
183.626 183.989 75
185.128 185.774 73
185.13 185.774 70
185.68 185.873 68
187.08 188.84 72
187.08 188.844 68
189.313 192.742 56
193.653 197.167 70
193.653 194.066 75
193.657 197.171 54
194.524 197.629 75
197.633 198.067 73
198.067 198.567 75
198.571 199.914 80
198.572 199.915 77
199.919 201.259 73
201.693 205.347 65
201.696 205.347 70
201.696 202.113 75
202.571 203.919 75
203.919 205.35 73
211.255 212.666 70
211.255 212.668 73
212.672 214.083 70
214.577 215.468 70
215.651 217.209 80
217.211 218.843 68
222.339 222.735 56
224.439 226.532 56
225.346 226.739 73
227.88 228.111 73
229.563 230.572 56
230.372 230.572 73
231.842 234.576 80
234.579 238.526 83
238.738 244.404 89
241.436 243.497 73
243.801 248.303 73
