4.70397 5.70097 65
9.83694 10.0999 45
10.9129 11.9559 46
26.1848 26.6268 51
31.3808 31.8898 70
50.0707 50.6057 60
51.1287 52.2787 65
52.7427 53.2147 74
66.6086 67.1336 77
67.6796 69.2406 75
72.3696 72.9086 74
76.1246 76.6526 65
78.3376 78.8906 74
79.4266 79.9655 77
85.2185 85.7565 74
86.3035 86.8775 74
98.6485 99.2704 65
99.8554 100.488 65
104.655 105.65 65
109.792 110.058 45
110.867 111.912 46
131.842 132.371 58
134.191 134.501 53
152.664 153.139 74
166.548 167.08 77
167.616 169.18 75
172.298 172.837 74
178.264 178.82 74
179.362 179.894 77
185.133 185.679 74
186.218 186.799 74
198.57 199.193 65
199.775 200.404 65
235.782 236.817 63
240.942 241.454 60
241.978 242.922 60
244.588 244.84 51
246.143 247.158 56
247.157 247.665 72
250.787 252.365 46
252.372 252.902 46
252.908 253.437 46
253.44 253.976 46
253.98 255.043 46
258.161 258.235 80
258.235 258.385 82
270.066 270.327 45
271.122 272.155 46
283.1 284.044 58
285.181 285.721 58
287.306 287.764 56
288.573 288.838 74
289.095 289.615 75
291.425 291.951 70
291.429 291.951 58
322.758 323.288 46
323.296 323.835 46
325.956 326.485 70
344.562 345.098 82
345.644 346.225 70
357.992 358.615 65
359.199 359.829 65
395.124 396.153 63
396.153 397.178 63
396.916 397.44 60
398.998 399.254 58
400.279 400.79 60
401.316 402.263 60
403.384 403.923 60
407.006 409.54 73
410.122 411.704 46
411.707 412.238 46
412.243 412.779 46
412.782 413.31 46
413.317 414.385 46
417.884 418.146 82
429.39 429.651 45
430.446 431.478 46
442.423 443.368 58
443.995 444.505 70
444.506 445.046 58
446.623 447.088 56
447.645 448.157 56
448.416 448.933 75
450.74 451.265 58
451.265 451.513 51
469.797 470.903 70
471.4 471.788 82
482.023 482.546 46
482.551 483.079 46
485.204 485.739 70
503.795 504.334 82
504.881 505.461 70
519.077 522.653 39
519.08 522.653 51
