7.47998 8.23297 55
9.00296 9.78597 43
9.78597 10.55 43
10.551 11.2959 55
12.8679 13.6609 42
15.2819 16.0899 46
16.0899 16.8989 39
16.0899 16.8989 46
16.8979 17.7189 34
16.8989 17.7179 46
17.7179 18.5189 46
18.5189 19.2959 34
18.5189 19.2959 46
20.0839 20.9589 46
21.5119 21.8129 55
21.5129 21.8129 45
24.9739 25.7189 74
24.9769 25.7339 67
27.2869 27.6579 74
28.0509 28.7838 74
28.8119 29.5829 82
30.8858 31.1618 74
39.3088 42.5368 74
39.3098 42.5368 69
42.5368 44.0728 43
44.0728 44.8458 55
45.6308 47.1608 43
47.1608 47.8738 43
47.9378 48.7288 74
49.2358 49.4978 72
49.9958 50.2508 72
50.6148 50.7338 74
50.6158 50.7368 60
50.7338 50.9188 74
50.7368 50.9228 60
51.3698 51.4968 74
51.4968 51.7558 74
51.4998 51.7558 60
52.1238 52.2528 60
52.2528 52.5047 60
53.2597 53.6287 60
53.6277 53.7477 74
53.6287 53.7508 60
53.7477 53.9357 74
53.7508 53.9368 60
54.3817 54.5098 74
54.3838 54.5107 60
54.5098 54.7588 74
54.5107 54.7617 60
56.2568 57.7608 57
56.9388 57.6988 84
57.0128 57.6988 72
63.9297 64.7267 74
65.4757 65.9837 74
65.9837 66.2797 74
66.7647 67.0437 75
68.6437 69.4506 57
69.4276 70.2006 74
72.5396 73.3646 60
73.0706 73.3646 58
74.9646 75.7586 62
74.9676 75.7586 43
75.7476 76.5356 63
76.3916 76.5356 54
76.7946 77.0286 55
79.5215 79.6675 54
79.7945 79.9375 54
79.9345 80.1995 55
80.4735 81.2825 42
82.3735 82.6705 51
82.9295 83.7485 46
83.7525 84.5724 39
84.0085 84.5724 46
85.3904 86.2094 39
85.6534 86.2094 46
86.4644 86.8634 46
86.8634 87.0044 46
87.0044 87.8684 57
87.6724 87.8684 41
87.8094 88.7084 53
88.6744 89.5834 39
89.1154 89.5834 48
89.2674 89.5834 60
90.9984 91.3414 32
91.1624 91.3414 33
92.8774 94.4104 43
94.4104 95.9714 43
97.5014 98.2143 43
98.2843 99.0653 74
99.0653 101.378 36
103.863 105.004 81
105.772 106.575 74
107.367 108.22 57
108.953 109.816 74
113.089 113.453 60
113.849 114.609 55
114.615 115.379 43
115.379 116.159 43
116.159 116.919 43
116.919 117.667 43
116.921 117.668 55
117.674 118.444 43
118.444 119.274 43
119.232 120.031 42
121.654 122.462 46
122.459 123.265 39
122.462 123.265 46
123.264 124.09 34
123.265 124.09 46
124.09 124.884 46
124.884 125.657 34
124.884 125.658 46
127.296 128.178 39
127.296 128.178 51
127.874 128.178 55
127.877 128.178 45
131.339 132.08 74
132.105 132.871 82
133.647 134.023 74
134.145 134.408 74
134.408 135.143 74
134.412 135.165 67
135.169 135.942 82
135.941 136.724 55
145.371 145.678 72
145.675 148.898 69
145.675 148.898 74
153.525 154.239 43
154.306 155.093 74
154.81 155.09 79
155.597 155.871 72
156.979 157.1 74
157.1 157.291 74
157.102 157.294 60
157.855 158.121 74
157.855 158.121 71
157.858 158.118 60
159.367 159.626 72
159.368 159.626 67
160.113 160.301 74
160.116 160.302 60
160.743 160.871 60
160.868 161.127 74
160.871 161.124 60
162.622 164.13 57
163.372 164.06 74
164.135 164.635 74
170.287 171.085 74
170.288 171.085 72
171.827 172.342 74
172.342 172.611 74
175.781 176.562 74
177.059 177.416 69
178.491 178.897 60
178.621 178.901 50
178.897 179.719 60
179.429 179.719 58
181.175 181.315 50
181.312 182.148 62
181.315 182.148 43
182.093 182.88 63
183.143 183.426 55
184.182 184.456 60
186.15 186.285 54
186.282 186.548 55
186.828 187.644 42
187.641 188.463 41
188.725 188.974 51
189.282 190.1 46
190.107 190.927 39
190.237 190.927 45
190.371 190.927 46
190.924 191.75 58
191.606 191.819 46
191.75 192.571 39
192.012 192.568 46
193.226 193.394 46
193.36 194.223 57
194.168 195.114 53
195.027 195.938 39
195.168 195.771 45
195.468 195.938 48
195.621 195.938 60
195.935 199.241 57
195.936 196.236 38
197.359 197.779 32
197.514 197.779 33
199.232 200.766 43
200.766 202.329 43
202.329 203.858 43
204.643 205.419 74
205.419 207.726 36
208.335 208.618 67
208.335 208.619 72
208.621 209.436 57
210.217 211.338 81
212.126 212.923 74
215.3 216.136 74
219.93 220.2 62
220.2 221.012 62
220.725 221.012 69
220.987 221.757 63
224.11 225.002 63
224.11 225.002 70
225.649 226.055 46
225.909 226.055 62
226.426 226.811 62
226.924 227.55 62
229.129 229.748 74
230.077 230.423 82
231.691 232.457 74
232.457 233.211 74
233.21 233.977 69
233.211 233.973 74
233.973 236.853 74
233.973 235.488 79
235.488 236.997 70
