13.9429 14.0329 75
13.9849 14.0499 74
14.0329 14.079 75
19.809 19.896 75
19.851 19.913 74
19.896 19.942 75
38.8041 38.9912 60
44.4462 44.8092 65
45.7162 45.9042 70
48.4363 48.7993 34
48.4363 48.8003 46
72.9074 72.9953 75
72.9533 72.9983 74
72.9953 73.0413 75
77.8144 77.8984 70
78.8154 78.8604 74
78.8614 78.9104 75
103.445 103.54 79
105.031 105.125 81
107.946 108.013 75
108.016 109.43 74
111.79 112.182 46
112.182 112.574 46
139.208 139.386 74
143.601 143.779 72
151.473 151.651 84
158.253 158.665 65
179.064 179.109 74
179.11 179.158 75
183.924 184.012 70
184.926 184.978 74
184.971 185.02 75
195.664 195.867 38
196.06 196.259 65
196.063 196.262 38
196.466 196.679 36
196.893 197.284 35
200.652 200.847 36
201.051 201.264 34
201.051 201.267 46
201.484 201.867 45
201.485 201.869 33
219.042 219.227 72
225.821 226.023 65
233.637 233.819 53
233.641 235.089 29
235.094 235.45 41
235.096 235.451 46
235.177 235.267 69
235.811 236.174 46
235.814 236.175 41
236.535 236.713 77
236.629 236.807 74
236.807 236.899 74
240.777 240.865 70
240.991 241.109 74
241.109 241.236 74
241.173 241.295 72
241.236 241.351 74
241.295 241.418 72
241.351 241.474 74
241.474 241.597 74
241.536 241.656 72
241.597 241.719 74
241.719 241.841 74
241.778 241.897 72
241.897 242.048 72
241.964 242.331 74
242.328 242.514 70
243.959 244.256 72
248.326 248.546 46
249.776 249.961 43
250.493 250.643 58
250.857 251.04 86
251.037 251.354 74
251.127 251.316 82
251.593 251.805 86
251.595 251.805 38
251.988 252.211 39
251.988 252.211 51
252.681 254.115 82
258.008 258.053 74
258.054 258.102 75
260.892 260.972 75
260.934 260.979 74
260.98 261.024 75
266.505 266.87 53
279.845 280.024 74
280.024 280.141 74
280.376 280.569 74
282.2 282.353 74
282.564 282.746 74
282.75 282.933 75
282.75 283.106 55
282.933 283.089 75
284.388 284.549 72
284.391 284.549 69
285.119 285.237 74
285.668 285.854 70
285.854 286.032 67
292.295 293.095 85
292.298 293.099 42
301.176 303.379 60
302.948 303.039 84
312.437 312.482 75
317.982 318.071 36
318.299 318.345 75
324.98 325.253 74
325.292 325.38 70
346.781 346.976 77
347.175 347.378 77
347.582 347.785 74
