2.63299 3.22797 69
2.92798 3.22797 74
4.00497 4.15497 55
4.15897 4.46298 55
8.10395 8.41196 74
8.41895 8.87995 72
12.5389 13.1289 69
12.832 13.1299 74
13.9069 14.0559 55
14.0609 14.3679 55
18.0129 18.3209 74
18.3239 18.8029 72
20.5569 20.6859 64
20.5569 20.6859 67
20.8119 20.9349 64
21.0609 21.1829 66
21.0609 21.1829 64
21.0619 21.1869 60
21.3159 21.4459 66
21.5709 21.7049 59
21.5719 21.7079 66
21.7079 21.9669 35
21.8309 21.9669 59
22.6289 22.7579 64
23.1209 23.2509 57
23.1219 23.2519 62
23.3809 23.5139 62
23.6369 23.7659 55
23.6399 23.7689 62
23.7699 24.0179 31
24.1609 24.5679 60
24.6939 24.8309 64
24.6939 24.8329 67
25.2009 25.3269 66
25.2019 25.3309 60
25.7149 25.8459 59
25.8479 26.1039 35
26.7689 26.8949 55
26.7699 26.8959 60
26.7699 26.8989 64
27.0249 27.1439 60
27.2659 27.3889 57
27.2659 27.3919 62
27.5219 27.6579 60
27.7839 27.9169 55
27.7839 27.9169 59
27.9209 28.1759 31
28.0509 28.1799 59
30.9799 31.5669 69
31.2769 31.5679 74
32.3449 32.4989 55
32.5019 32.8029 55
34.0529 34.3619 74
36.4608 36.7658 74
40.7368 40.9438 72
41.8507 42.0637 73
41.8517 42.0647 78
42.4257 42.6547 78
42.4277 42.6557 74
42.7327 43.0617 74
42.7327 43.0627 69
43.7197 44.0097 64
45.4877 45.7947 64
45.4907 45.7987 52
45.7987 46.3797 74
46.0867 46.3827 62
46.6697 46.9687 60
47.2827 47.5947 64
47.9197 48.2977 66
50.4507 51.0377 69
50.7437 51.0387 74
51.8147 51.9697 55
51.9727 52.2737 55
53.8207 54.1177 74
55.9246 56.2246 74
56.2326 56.6976 72
58.3666 58.4966 67
58.3706 58.4976 64
58.6296 58.7556 64
58.8746 59.0036 60
58.8746 59.0046 66
58.8746 59.0046 64
59.1256 59.2636 66
59.3926 59.5216 59
59.5226 59.7776 35
60.1806 60.3236 55
60.4466 60.5766 64
60.9466 61.0696 57
60.9476 61.0726 62
61.1956 61.3326 62
61.4566 61.5846 62
61.4576 61.5866 55
61.5876 61.8456 31
61.7166 61.8466 59
61.9896 62.3926 60
62.5226 62.6516 67
62.7776 62.9036 59
63.0256 63.1526 60
63.0256 63.1546 66
63.5436 63.6696 59
63.6736 63.9356 35
63.8026 63.9356 59
64.0656 64.1986 59
64.8486 64.9756 60
65.0976 65.2196 57
65.1006 65.2236 62
65.3536 65.4866 60
65.3536 65.4896 62
65.6156 65.7496 55
65.6156 65.7506 59
65.7516 66.0066 31
66.2985 66.6445 35
68.8145 69.4025 69
69.1045 69.4055 74
70.1765 70.3305 55
70.3345 70.6375 55
74.3135 74.6275 74
74.6325 74.9715 72
75.1385 75.3245 60
75.1395 75.3285 66
