1.53897 1.85797 55
1.64397 1.95796 46
1.85797 2.57394 55
1.95796 2.26395 46
2.46695 3.27093 63
2.87494 3.16993 58
3.07194 3.27093 70
3.67692 3.90093 72
3.77891 3.90093 60
4.08692 4.20191 62
4.6119 4.92289 67
4.7129 5.13689 75
5.03289 5.14089 55
5.23789 5.44788 60
5.34288 5.44788 53
5.44487 5.74987 48
5.65087 5.74987 53
5.85387 6.04986 60
5.95187 6.04986 53
6.24986 6.35685 53
6.54785 6.66586 53
7.05384 7.26483 60
7.15883 7.26483 53
7.26483 7.57582 48
7.36683 7.57582 59
7.67382 7.90283 60
7.77982 7.90283 53
8.11082 8.22681 56
8.41879 8.5418 53
8.7308 8.84978 65
9.36377 9.66576 46
9.76976 10.6707 39
9.86976 10.6707 63
10.2758 10.5717 58
10.4738 10.6707 70
10.7757 10.9787 71
11.0757 11.3027 72
11.4897 11.6017 62
12.1127 12.4337 75
12.4337 12.5397 75
12.4347 12.5397 55
12.5387 12.8507 47
12.7417 12.8507 57
12.9457 13.1517 63
13.1487 13.4597 47
13.2537 13.4597 63
13.7607 14.0547 45
15.7966 15.9366 53
15.9166 16.2276 46
16.1206 16.2276 53
16.2246 16.5396 44
16.3296 16.5396 59
16.6376 16.8406 59
16.8406 17.1516 37
16.9456 17.1516 59
17.7506 18.0556 42
18.0556 18.3626 37
18.1536 18.3626 59
18.2576 18.3626 53
18.3626 18.6676 44
18.4606 18.6676 59
18.5666 18.6676 53
18.6636 18.9686 37
18.7686 18.9686 59
18.8665 18.9686 53
18.9686 19.2516 42
19.4655 19.5846 54
19.8655 20.1865 42
20.1865 20.4905 42
21.6005 21.7015 59
22.3265 22.6405 53
23.1484 23.2934 74
23.2724 23.5785 46
23.4765 23.5785 53
23.6784 23.9864 59
23.9864 24.1914 59
24.0854 24.1914 53
24.1904 24.4914 37
24.2894 24.4914 59
24.4914 25.0894 42
24.9854 25.1034 54
25.0894 25.3914 42
25.3904 26.0014 37
25.4954 25.7964 59
25.6984 26.0034 44
25.7964 26.0034 59
25.9034 26.0034 53
26.0014 26.3084 37
26.1054 26.3084 59
26.3084 26.9024 42
26.7044 26.9194 58
26.9024 27.2074 42
27.2014 27.8084 43
27.3084 27.8084 58
27.7054 27.8084 73
27.8064 28.4053 45
28.0084 28.4053 51
28.1084 28.4053 48
28.2074 28.4053 63
28.2994 28.4053 75
28.4044 28.9924 47
28.7933 28.9924 65
29.7683 30.1783 57
29.9653 30.1783 69
30.0643 30.1783 60
30.9413 31.2543 55
31.0463 31.3583 46
31.2543 31.9683 55
31.3573 31.8703 70
31.3583 31.6663 46
31.4623 31.7643 39
31.6663 32.1713 75
31.6663 32.0753 46
31.7643 32.6713 39
32.0753 32.6713 46
32.4753 32.6713 70
32.8733 32.9753 59
33.0763 33.2973 72
33.1823 33.2973 60
33.4893 33.6023 62
34.0113 34.3233 67
34.4283 34.5402 70
34.6382 34.8442 60
34.7422 34.8442 53
34.8412 35.1522 48
34.9472 35.1522 60
35.2482 35.4472 60
35.9392 36.0582 53
36.1422 36.3392 58
36.4502 36.6602 60
36.6572 36.9692 48
37.0702 37.2912 60
38.1382 38.2452 65
38.2372 38.5512 39
38.5512 38.8652 39
38.7602 39.0682 46
38.8652 39.1742 39
38.9632 39.6712 58
39.0662 39.5692 75
39.1742 40.0732 39
39.2722 40.0732 63
39.6712 39.9732 58
39.8692 40.0732 70
40.8682 40.9662 58
41.1691 41.2911 60
41.7741 41.8791 64
43.1961 43.3951 75
43.4971 43.6961 75
44.8201 44.9271 56
45.1281 45.2281 56
45.3311 45.54 58
45.4361 45.54 56
45.6451 45.8761 55
45.7511 45.8761 46
45.8481 46.1731 39
45.9461 46.1871 58
46.1731 46.4751 39
46.882 47.104 58
47.084 47.398 39
47.398 47.706 39
47.6021 47.7241 46
47.706 48.014 39
47.904 48.025 46
48.014 48.316 39
48.316 48.624 39
48.931 49.243 39
49.03 49.246 58
49.243 49.548 39
49.446 49.548 46
49.548 49.862 39
49.645 49.862 58
49.75 49.862 46
50.364 50.465 59
50.667 50.79 59
51.078 51.3809 45
51.9949 52.2979 46
52.0959 52.2979 62
52.1979 52.2979 56
52.5089 52.6239 56
52.9249 53.2259 39
53.1259 53.4289 75
53.2259 53.5339 39
53.4289 53.5439 46
53.5339 53.8349 39
53.7309 53.8359 46
53.8349 54.1389 39
54.1389 54.4449 39
54.2419 54.4639 58
54.3429 54.4639 46
54.4449 54.7588 39
54.7588 55.0669 39
54.9619 55.2628 46
55.0669 55.3679 39
55.2628 55.3818 46
55.3679 55.6688 39
55.5648 55.6698 46
55.6688 55.9738 39
55.9738 56.2818 39
56.0778 56.2988 58
56.1808 56.2988 46
56.2818 56.5998 39
56.5998 56.9018 39
56.8028 57.1038 46
56.9018 57.2018 39
57.5388 57.8538 31
57.7478 57.8538 53
57.9578 58.1748 59
58.1618 58.4688 44
58.3628 58.4688 52
58.6708 58.7708 52
58.7698 59.0778 45
58.8748 59.0988 60
59.0778 59.3868 45
59.2878 59.3868 54
59.3858 59.6918 46
59.4908 59.6938 63
59.9997 60.3137 34
60.2088 60.3137 46
60.5167 60.8068 70
60.7137 61.1987 58
60.8068 61.0968 46
60.9047 61.1958 39
61.0968 61.1987 46
61.2948 61.7938 58
61.3877 61.6777 46
61.6777 61.7938 46
61.9698 62.2598 46
62.2598 62.3818 46
62.3568 62.6478 39
62.5547 62.8447 46
62.8447 62.9448 46
62.9428 63.2388 39
63.1387 63.4298 70
63.3387 63.5538 55
63.4298 63.5538 70
63.4317 63.5538 46
63.5357 63.8378 39
63.7368 64.7828 70
63.7397 65.1018 46
64.7798 65.1018 94
65.7277 67.2477 55
65.7327 67.2477 46
