9.35398 9.98596 73
11.701 11.88 28
21.204 21.832 73
22.783 22.947 66
23.606 23.85 28
28.715 28.848 66
28.719 28.848 69
28.719 28.848 73
28.957 29.215 66
28.96 29.216 69
29.215 29.352 66
29.216 29.352 69
29.219 29.352 73
29.716 29.852 69
29.717 29.852 65
29.717 29.852 73
30.209 30.351 65
30.21 30.351 69
30.21 30.351 73
30.21 30.351 59
34.88 35.365 71
36.188 36.324 73
36.681 36.814 71
36.682 36.814 74
36.923 37.187 74
37.186 37.321 71
37.68 37.815 74
37.682 37.815 70
37.682 37.815 78
38.18 38.327 74
38.712 38.849 71
38.712 38.849 75
38.715 38.849 78
39.246 39.387 71
39.777 39.922 64
40.308 40.4579 70
41.2289 41.5109 75
44.7169 45.6729 38
54.4969 55.0979 85
57.7799 57.9579 33
62.6449 62.7779 66
62.6479 62.7779 69
62.6489 62.7779 73
62.8899 63.1419 66
62.8909 63.1449 69
63.1449 63.2809 69
63.6449 63.7819 69
63.6459 63.7819 65
63.6459 63.7819 73
64.1369 64.2799 65
64.1389 64.2799 69
64.1389 64.2799 73
70.1179 70.2539 73
70.6119 70.7399 71
70.6119 70.7399 74
70.8529 71.1149 74
71.1149 71.2549 71
71.1149 71.2549 74
71.6119 71.7439 74
71.6119 71.7439 70
71.6129 71.7439 78
72.1089 72.2569 74
72.6438 72.7778 71
72.6448 72.7778 75
72.6448 72.7778 78
73.1768 73.3198 75
73.7048 73.8478 75
73.7088 73.8478 64
74.2408 74.3878 64
75.1608 75.4438 75
78.6468 79.6018 38
92.6287 93.3147 73
94.8657 95.6637 62
94.8667 95.6637 56
95.4827 95.6637 59
95.8137 98.2297 33
96.1287 98.2297 57
96.5527 98.2297 21
