3.23695 3.84594 74
4.76894 5.06694 74
8.37492 8.67191 74
8.65891 8.95491 75
9.25691 9.55491 75
9.5609 9.87291 74
15.6788 16.8798 55
17.5058 18.1118 74
23.1228 23.5748 74
24.6708 25.0298 72
24.6708 25.0308 83
26.7768 27.1908 72
26.7768 27.1918 45
33.4727 34.0437 79
35.0657 35.2057 60
35.2057 36.0177 52
35.7787 36.0657 79
39.8257 40.3987 82
40.3987 40.9667 82
41.5407 42.1107 86
43.2657 43.8477 82
43.8477 44.4107 82
44.9807 45.5487 86
50.1616 50.7426 72
51.0296 51.6146 69
53.0736 53.6826 74
53.6826 54.2596 74
54.8266 55.3976 74
55.9636 56.5376 74
57.1115 58.2535 74
63.1775 63.7935 43
77.8574 77.9964 43
77.9964 78.6064 43
90.7933 91.6213 72
91.2603 91.4083 48
91.4083 91.7053 48
95.2543 95.9383 38
97.8743 99.0812 72
99.0832 99.7203 76
99.7182 100.925 74
106.409 107.039 60
106.41 107.039 64
108.251 108.869 55
113.966 114.292 60
114.281 114.873 43
114.872 115.492 60
116.364 116.692 55
117.869 119.056 60
117.87 120.245 69
119.059 119.633 43
120.242 122.586 72
120.245 120.812 43
123.164 123.75 43
123.459 123.759 55
124.326 124.901 43
124.9 126.629 74
132.554 133.866 72
133.867 135.155 77
135.148 136.427 76
136.107 136.433 74
141.21 141.529 74
144.112 145.4 74
146.674 147.31 74
147.94 149.218 74
149.218 150.5 74
150.5 152.652 74
151.924 152.655 31
159.135 159.694 60
161.091 161.377 84
167.562 168.181 55
167.88 168.5 43
168.5 168.804 43
177.604 177.897 74
184.918 186.141 74
186.14 187.386 43
187.387 188.66 55
190.963 191.24 36
192.08 193.256 65
192.08 193.256 69
192.371 192.951 48
193.249 193.799 36
193.522 194.079 48
195.499 196.619 72
195.779 196.333 48
196.616 196.884 36
197.75 198.3 36
198.02 198.583 48
199.426 200.007 36
201.66 202.24 74
201.663 202.236 36
201.933 202.24 48
202.507 203.07 48
203.903 204.477 74
204.173 204.477 48
207.69 216.753 76
209.353 228.874 96
209.355 211.803 72
216.753 228.874 76
