0.535986 1.74696 34
0.67298 1.74696 27
1.60097 1.74696 31
2.26898 2.40897 45
2.27198 2.40897 33
2.83296 3.96997 46
3.87597 4.00097 82
3.87997 4.00497 67
3.88196 4.00598 55
4.77798 5.97198 46
4.90898 5.97798 27
5.83298 5.97798 31
5.97198 6.10198 46
8.10297 8.23196 82
8.10396 8.23696 70
8.10697 8.23696 67
9.00296 10.192 26
9.14296 10.192 27
10.06 10.192 32
12.3659 12.4889 72
13.27 14.4339 26
13.403 14.4339 27
14.4279 14.9669 48
15.5519 16.7089 42
16.5979 16.7509 93
16.6009 16.7559 90
16.6019 16.7559 84
18.1099 18.1949 60
19.7119 19.7829 69
20.3959 20.4589 74
21.0329 21.0959 72
21.8268 21.8818 93
22.0128 22.0648 95
22.1948 22.2508 96
22.3828 22.4318 88
22.8138 22.8558 100
22.8148 22.8558 85
23.0688 23.1078 102
23.0698 23.1108 93
23.0728 23.1118 87
27.1748 27.6829 62
37.6209 39.1379 46
39.1419 39.516 63
39.1439 40.643 34
45.529 45.652 55
46.743 46.845 55
47.933 48.0559 55
50.3129 50.4569 46
51.4549 51.5669 55
52.6169 52.7589 46
52.6549 52.7599 55
53.7639 53.8699 55
54.3599 54.9059 65
54.3609 54.9059 68
55.9659 56.1089 53
55.9659 56.1099 46
55.9999 56.1129 56
56.0319 56.1129 67
58.4158 58.5208 55
60.7018 60.8488 46
60.7368 60.8488 55
61.3008 61.4118 72
61.3448 61.4748 70
61.5388 61.6678 72
61.6018 61.7308 70
61.7308 61.8538 70
61.7938 61.9238 72
61.9238 62.0318 72
62.0318 62.1298 72
62.0838 62.1858 70
62.1858 62.2938 70
62.2378 62.5388 72
62.4198 62.5388 70
63.5018 63.5678 65
63.6448 64.2048 68
64.1728 64.3148 53
65.2868 65.3948 53
65.3248 65.3988 56
66.5178 66.6308 55
67.6978 67.8098 55
68.9408 69.0638 55
71.2848 71.9057 46
72.3457 72.4927 46
72.3877 72.4927 55
73.2527 74.0997 81
73.4097 74.0997 84
73.4867 73.9877 82
75.1317 75.3417 69
75.1987 75.3417 65
75.2017 75.3417 68
75.6617 75.7837 53
75.7267 75.8457 77
75.7307 75.8497 80
75.7307 75.7867 62
76.2207 76.3497 92
76.2237 76.3537 89
76.7577 76.8297 62
79.0796 79.2267 46
79.1147 79.2267 55
79.1577 79.3707 72
81.3377 81.4807 46
81.3717 81.4817 55
82.4537 83.0526 46
82.9546 83.0526 82
84.1066 84.3226 69
84.1756 84.3226 65
84.1756 84.3226 68
84.5986 84.7636 46
84.6416 84.7676 53
84.7086 84.8306 77
84.7096 84.8306 80
84.7116 84.7686 62
85.2016 85.3346 92
85.2056 85.3356 89
85.6716 85.8036 53
85.7376 85.8076 62
86.9156 87.0666 46
88.0186 88.1476 46
88.0466 88.1486 55
88.0856 88.5836 82
89.0516 89.1816 48
89.0836 89.1816 56
89.1146 89.2436 82
91.1406 91.3056 46
91.1796 91.3096 53
91.2466 91.3126 62
92.2996 92.4006 55
92.3386 92.8356 82
93.3006 93.4226 48
93.3326 93.4276 56
93.3606 93.4896 82
95.3686 95.5376 46
95.4776 95.5446 68
95.4786 95.5456 62
96.5666 97.0346 82
96.6016 97.0356 87
97.5746 97.6966 48
97.6046 97.6976 56
97.6376 97.7596 94
99.6426 99.8106 46
99.6776 99.8106 53
99.7516 99.8146 62
100.839 101.246 82
100.871 101.316 87
101.852 101.942 96
101.855 101.977 48
101.883 101.978 56
101.915 102.041 94
101.918 102.041 91
105.954 106.027 34
106.626 106.7 70
107.657 107.799 70
107.693 107.801 75
108.229 108.274 60
108.334 108.442 60
108.387 108.505 58
108.667 108.775 60
108.722 109.348 79
108.757 109.348 82
108.831 108.925 58
108.88 108.978 60
108.978 109.079 60
109.031 109.142 58
109.079 109.348 60
109.268 109.348 58
109.818 109.962 46
110.456 111.014 65
110.594 110.868 75
110.595 111.014 72
110.898 111.526 46
110.927 111.526 53
111.001 111.526 74
111.004 111.526 62
111.13 111.383 80
111.782 112.068 75
111.977 112.415 46
112.051 112.415 72
112.052 112.415 68
112.053 112.415 62
112.323 112.415 69
113.237 113.391 46
114.423 114.573 46
114.997 115.07 34
115.651 115.725 70
116.698 116.837 70
116.733 116.838 75
117.233 117.279 58
117.279 117.324 60
117.377 117.489 60
117.489 117.605 60
117.546 117.657 58
117.605 117.713 60
117.766 117.878 58
117.803 118.398 82
117.818 117.923 60
117.842 118.398 87
117.878 117.975 58
117.923 118.028 60
118.028 118.126 60
118.126 118.398 60
118.311 118.398 58
118.868 119.008 46
119.355 119.501 70
119.358 119.502 67
119.613 120.208 66
119.732 120.208 68
120.057 120.614 46
120.072 120.208 70
120.072 120.208 74
120.099 120.614 53
120.188 120.614 75
120.191 120.614 62
122.588 122.77 46
122.693 122.774 72
122.694 122.775 62
123.925 124.037 55
125.066 125.213 46
126.365 126.421 68
126.511 126.571 69
126.662 126.722 70
126.739 126.799 70
126.889 126.942 75
127.104 127.155 80
127.25 127.31 81
127.324 127.383 81
127.408 127.46 82
127.481 127.54 82
127.642 127.702 87
127.888 127.948 92
127.972 128.027 92
128.053 128.109 93
128.133 128.192 93
128.213 130.099 93
128.302 128.477 94
128.392 130.099 96
128.477 130.016 94
128.722 130.099 84
128.802 129.777 82
128.805 130.016 46
128.963 129.627 75
129.106 129.551 70
129.253 129.4 63
129.329 130.099 62
129.4 130.096 63
129.627 130.099 75
129.777 130.099 82
130.016 130.169 46
130.096 130.396 99
130.702 130.793 65
131.191 131.384 46
131.314 131.409 65
132.458 132.577 46
132.906 133.029 74
133.274 133.484 70
133.692 133.901 82
133.718 134.513 46
133.796 134.513 79
133.901 134.513 82
134.006 134.513 87
134.223 134.513 91
134.436 134.583 99
134.437 134.583 103
136.287 136.347 68
136.445 136.505 69
136.595 136.655 70
136.672 136.732 70
136.816 136.876 75
136.962 137.015 79
137.184 137.239 81
137.256 137.316 81
137.334 137.393 82
137.407 137.474 82
137.576 137.631 87
137.814 137.879 92
137.897 137.96 92
138.058 138.122 93
138.143 140.026 93
138.322 140.022 96
138.408 139.948 94
138.734 139.71 82
138.735 139.949 46
138.888 139.557 75
139.035 139.483 70
139.256 140.026 62
139.332 140.026 63
139.557 140.026 75
139.949 140.096 46
139.98 140.099 55
140.022 140.323 96
140.025 140.326 99
140.627 140.726 65
142.385 142.514 46
142.444 142.536 65
143.606 143.805 46
143.646 143.805 55
144.915 145.43 82
146.987 147.491 75
147.939 148.503 46
148.006 148.503 62
149.126 149.287 75
149.455 149.54 75
149.885 150.063 77
149.973 150.063 75
149.993 150.539 48
151.005 151.575 51
151.57 152.604 39
152.052 152.604 56
152.087 152.602 62
153.123 153.638 82
153.637 154.701 39
155.192 155.695 75
157.326 157.49 75
157.659 157.749 75
158.198 158.785 48
159.209 159.776 51
160.161 161.32 82
160.298 161.32 56
160.298 161.318 47
161.32 162.317 56
161.439 162.331 92
162.188 162.331 100
162.315 162.814 47
162.317 162.815 56
162.433 162.825 101
162.678 162.825 100
162.814 163.326 51
162.815 163.326 56
162.93 163.335 101
163.185 163.335 100
163.325 165.135 59
163.326 165.135 47
163.326 165.135 51
163.326 165.135 56
163.444 164.607 101
164.284 164.526 102
164.368 164.684 98
164.607 164.834 101
164.684 165.135 98
164.911 165.135 100
165.478 165.674 98
166.188 167.217 96
166.5 166.686 94
166.748 166.934 93
167.0 167.204 92
168.156 168.225 80
168.293 168.485 87
168.8 168.985 85
169.048 169.251 84
169.314 169.507 83
169.569 169.762 82
169.699 169.954 74
169.828 170.018 81
169.954 170.213 74
170.081 170.29 80
170.483 170.738 71
170.609 170.808 78
170.871 171.064 77
171.127 171.323 76
171.26 171.333 68
171.386 171.585 75
171.656 171.852 74
171.782 171.872 65
172.317 172.397 65
172.926 174.228 61
173.014 174.228 62
174.557 174.69 94
174.76 175.845 92
175.162 175.296 86
175.296 175.845 86
175.366 175.495 84
175.562 175.695 82
175.695 175.845 82
175.967 176.671 77
176.1 176.671 75
176.304 176.671 74
176.584 176.671 70
176.727 177.538 70
176.943 177.538 67
177.014 177.538 65
177.158 177.538 63
177.378 177.538 62
177.451 177.538 60
177.606 177.766 58
177.942 178.078 58
179.978 180.02 60
181.866 181.945 58
182.338 182.638 39
184.97 185.011 60
187.317 187.618 46
187.773 187.919 39
187.843 187.92 55
187.923 188.07 46
191.809 191.889 58
192.282 192.582 39
197.71 198.01 70
197.713 197.856 46
198.348 198.686 65
199.131 199.75 39
199.601 199.901 70
200.212 200.558 70
200.212 200.558 67
200.213 200.558 46
200.38 200.698 39
202.057 202.357 70
202.967 203.3 82
203.3 203.638 82
203.93 204.238 74
204.553 204.861 82
205.171 205.514 79
205.333 205.648 39
207.016 207.324 46
207.618 207.933 70
207.622 207.933 75
207.773 207.933 39
207.92 208.528 82
208.679 208.752 92
209.133 209.445 94
209.445 209.756 94
209.679 209.762 90
209.756 210.431 94
209.756 210.431 91
211.93 212.536 75
212.535 212.85 70
212.536 212.85 75
212.837 213.445 82
214.051 214.368 94
214.052 214.369 91
214.366 214.677 82
214.368 214.68 94
214.603 214.681 90
214.68 215.352 94
214.681 215.352 91
217.341 217.522 74
218.103 219.311 72
218.103 220.172 67
220.169 222.828 44
225.114 225.3 34
226.612 226.688 82
228.295 228.617 31
228.642 228.722 82
228.964 229.048 82
228.967 229.051 55
229.301 229.377 82
229.64 229.961 29
229.986 230.07 80
229.989 230.071 74
229.99 230.071 65
229.993 230.073 53
230.312 230.399 53
230.647 230.724 77
230.988 231.25 27
231.337 231.418 70
231.34 231.421 58
231.659 231.744 63
232.002 232.079 75
232.346 232.426 34
232.681 232.761 53
234.365 234.444 82
234.368 234.445 79
234.697 234.777 82
234.701 234.78 58
235.034 235.121 34
235.201 235.289 82
235.373 235.456 53
235.526 235.614 79
235.873 235.957 74
236.562 236.643 82
237.06 237.147 91
237.392 237.476 94
237.395 237.479 58
238.075 238.155 72
238.078 238.156 75
239.093 239.397 31
239.432 239.52 82
239.437 239.524 55
239.755 239.846 82
239.758 239.849 55
240.097 240.182 82
240.445 240.773 29
240.794 240.875 74
240.794 240.876 65
240.794 240.877 53
241.116 241.2 53
241.117 241.203 62
241.457 241.533 77
241.795 242.11 27
242.139 242.222 70
242.464 242.547 63
242.803 242.888 75
243.15 243.231 34
243.31 243.391 82
243.479 243.558 53
243.643 243.727 79
244.154 244.238 53
244.651 244.735 82
245.152 245.232 94
245.152 245.232 91
245.638 245.718 94
245.803 245.886 34
245.971 246.05 70
246.136 246.216 53
247.637 247.724 77
248.138 248.217 58
248.46 248.547 34
248.627 248.715 82
248.798 248.883 80
248.802 248.886 53
249.306 249.398 74
249.477 249.565 75
249.478 249.565 53
249.977 250.056 82
250.962 251.056 94
251.148 251.231 34
251.473 251.557 53
251.798 251.886 77
252.31 252.39 74
252.638 252.722 84
252.803 252.882 85
253.455 253.537 72
253.618 253.698 73
254.564 254.643 77
255.079 255.432 94
255.081 255.785 32
255.432 255.785 94
255.435 255.785 65
255.782 256.46 46
255.785 256.46 34
256.107 256.46 65
256.779 257.123 91
257.122 257.453 94
258.438 259.095 94
258.441 258.767 82
258.442 259.1 34
259.095 259.422 94
259.422 259.772 94
259.772 260.458 94
259.772 260.464 91
260.094 260.464 55
260.458 260.838 94
260.46 261.22 32
260.838 261.22 94
260.839 261.22 65
261.218 261.921 46
261.218 261.921 34
261.554 261.921 65
262.235 262.581 94
262.581 262.911 94
262.828 263.313 90
262.911 263.313 94
262.914 263.313 91
263.257 263.338 77
263.583 263.911 83
263.586 263.911 60
263.901 264.566 85
265.215 265.385 82
265.218 265.385 55
267.605 267.695 46
268.325 268.413 46
269.032 269.12 46
269.347 269.386 58
269.753 269.84 58
269.753 269.841 46
270.478 270.566 46
271.182 271.272 46
271.896 271.983 46
273.309 273.4 46
274.013 274.108 46
274.73 274.815 46
275.042 275.08 58
275.455 275.539 58
275.456 275.542 46
276.172 276.26 46
276.879 276.967 46
277.59 277.678 46
279.645 279.956 46
280.88 281.194 46
282.063 282.36 46
283.193 283.488 46
283.487 283.55 86
284.313 284.597 46
285.409 285.693 46
286.502 286.791 46
286.789 286.847 91
288.203 288.496 46
288.755 289.053 46
289.319 289.633 46
289.882 290.166 46
290.127 290.25 74
294.786 295.332 68
294.877 295.423 98
295.332 295.612 68
295.423 295.612 98
295.696 295.786 103
295.968 296.515 99
296.151 296.711 102
296.241 296.711 103
296.515 296.711 99
296.977 297.527 68
297.067 297.617 98
297.344 297.814 101
297.527 297.814 68
297.617 297.814 98
298.167 298.727 99
298.363 298.915 102
298.447 298.915 103
298.727 298.915 99
299.186 299.738 68
299.273 299.829 98
299.738 300.025 62
299.829 300.025 98
300.11 300.2 103
300.386 300.949 99
300.582 301.139 102
300.669 301.139 103
300.949 301.139 99
301.415 301.982 68
301.505 302.07 98
301.79 302.262 101
301.982 302.262 62
302.07 302.262 98
302.258 302.37 102
302.335 302.475 103
302.92 303.073 75
304.232 304.368 71
304.232 304.989 59
304.341 304.554 74
305.093 305.269 72
305.349 305.513 74
305.429 305.594 72
305.594 305.751 72
305.67 305.825 74
305.825 305.976 74
305.902 306.052 72
306.129 306.277 74
306.203 306.357 72
306.356 307.588 71
306.43 307.588 72
306.504 306.661 74
306.661 307.588 74
306.735 307.588 75
307.039 307.588 79
307.26 307.588 83
307.334 307.588 84
307.63 308.754 87
310.294 310.535 75
312.286 312.884 71
312.646 312.888 75
313.389 313.976 72
314.053 317.816 44
314.26 317.816 72
315.173 315.307 77
315.446 315.576 77
315.926 317.504 79
315.996 317.816 76
321.669 321.854 34
322.839 322.919 82
322.841 322.922 79
323.167 323.248 82
325.424 325.509 75
330.713 330.794 79
331.035 331.116 82
333.59 333.671 91
336.482 336.562 84
336.646 336.727 82
336.807 336.891 74
337.962 338.043 82
338.755 338.836 96
338.756 338.839 92
339.575 339.655 79
341.16 341.233 90
341.622 341.707 84
342.098 342.189 79
345.773 346.075 94
345.931 346.081 35
345.934 346.081 47
346.078 346.747 34
346.078 346.747 46
346.396 346.747 33
346.397 346.747 45
346.554 346.747 85
346.555 346.747 97
346.746 347.1 94
347.1 347.466 94
347.1 347.466 65
347.432 348.083 46
347.432 348.083 34
347.754 348.083 65
348.875 349.412 93
349.029 349.412 94
349.032 349.412 91
349.991 350.621 34
350.925 351.254 94
351.254 351.902 94
351.255 351.905 91
351.902 352.248 94
352.248 352.595 94
352.248 352.595 65
352.595 353.281 34
352.934 353.281 65
353.589 353.919 94
354.076 354.624 93
354.226 354.624 94
354.227 354.624 91
354.908 355.236 60
355.066 355.236 81
355.234 355.864 34
356.179 356.844 55
356.844 356.997 55
356.845 356.997 63
357.162 357.319 51
359.601 359.752 51
360.502 360.655 51
361.726 361.87 63
362.318 362.913 46
362.913 363.204 46
363.792 364.424 82
364.705 365.289 48
365.3 365.45 51
366.522 366.679 75
366.525 366.68 46
366.822 366.909 67
366.826 366.91 59
367.747 367.893 63
367.75 367.894 44
368.376 368.958 75
368.379 368.96 87
368.922 368.974 86
368.96 369.118 87
368.961 369.119 46
369.262 369.342 67
369.265 369.343 59
370.179 370.33 63
370.182 370.332 44
370.49 370.582 39
370.856 371.485 36
371.471 371.625 63
371.471 371.627 32
371.785 371.877 51
372.146 372.771 36
372.758 372.931 63
372.759 372.934 32
373.789 374.463 55
373.79 374.463 60
373.791 374.463 36
373.792 374.463 48
375.117 375.713 63
375.796 377.015 27
376.43 377.015 45
378.264 379.628 79
378.397 379.628 80
378.537 379.628 81
378.674 379.628 82
379.091 379.628 92
379.23 379.628 93
379.374 379.628 94
381.981 382.045 46
383.741 383.812 46
388.659 388.722 59
389.901 390.179 59
392.041 392.106 46
392.39 392.46 46
392.576 392.646 39
397.305 397.371 59
398.599 398.887 59
399.723 400.128 39
400.483 400.726 56
401.199 401.595 39
403.597 403.789 59
405.039 405.234 46
405.581 405.669 39
405.76 405.848 46
406.118 406.212 46
406.307 406.516 51
406.488 406.575 39
408.151 408.239 82
409.621 409.701 82
409.982 410.516 56
411.088 411.171 82
411.251 411.357 82
411.633 411.853 59
413.074 413.265 46
413.429 413.527 82
413.978 414.072 73
415.476 415.56 82
415.647 415.739 82
415.84 416.211 35
416.208 416.298 33
416.208 416.299 45
416.386 416.478 35
416.575 416.922 31
416.925 417.303 32
417.682 417.765 82
417.857 417.951 82
418.406 418.497 73
419.737 419.978 73
419.855 420.089 66
419.978 420.089 73
420.184 420.401 73
420.738 420.967 68
421.174 421.444 68
421.514 421.741 73
421.63 421.853 66
421.846 422.269 80
421.948 422.158 73
422.263 423.184 71
422.491 422.725 68
422.603 422.725 73
422.935 423.184 68
423.835 424.154 59
423.958 424.153 63
424.152 425.021 71
424.266 424.5 73
424.602 425.025 80
424.706 424.916 73
425.021 425.917 71
425.248 425.482 68
425.36 425.482 73
425.475 425.959 76
425.693 425.959 68
426.029 426.27 73
426.369 426.795 80
426.47 426.687 73
427.02 427.247 68
427.128 427.247 73
427.237 427.706 76
427.457 427.706 68
428.135 428.689 35
428.242 428.689 42
428.357 428.689 59
428.487 428.689 63
428.688 429.557 71
428.804 429.039 73
429.137 429.564 77
429.456 429.564 73
429.557 430.01 71
429.669 429.9 73
429.784 430.015 68
430.117 430.338 73
430.338 430.457 73
430.769 430.888 64
430.887 431.44 35
430.995 431.44 42
431.107 431.44 59
431.238 431.44 63
431.436 431.6 80
431.546 431.656 73
431.65 431.811 78
431.759 431.867 73
431.857 432.024 77
431.969 432.08 71
432.024 432.08 77
432.311 432.55 65
432.428 432.55 71
432.539 432.78 68
432.77 432.998 85
432.88 432.998 76
432.997 433.239 70
433.673 434.226 35
433.894 434.226 59
434.024 434.226 63
434.224 435.094 71
434.338 434.577 73
434.577 434.691 73
434.675 435.101 77
434.775 434.986 73
435.094 435.547 71
435.206 435.433 73
435.318 435.552 68
435.549 435.991 62
435.655 435.875 73
435.875 435.991 73
436.305 436.421 66
436.306 436.421 64
436.418 436.977 35
436.526 436.977 42
436.642 436.977 59
436.771 436.977 63
436.973 437.134 80
437.079 437.19 73
437.18 437.348 78
437.293 437.408 73
437.397 437.561 77
437.508 437.621 71
437.561 437.621 77
437.837 438.079 73
437.954 438.079 71
438.07 438.307 68
438.18 438.307 71
438.412 438.531 76
438.525 438.79 70
439.183 439.329 66
439.767 440.067 63
440.064 440.46 93
440.372 440.529 59
440.515 440.95 92
440.519 440.95 69
440.946 441.403 83
441.391 441.879 76
441.393 441.879 68
441.842 442.23 93
442.287 442.707 92
442.287 442.707 69
442.597 442.707 59
442.702 443.16 83
443.15 443.617 76
443.153 443.617 68
443.497 443.617 59
443.932 444.055 66
444.16 444.593 42
444.267 444.593 59
444.398 444.593 63
444.593 444.989 93
444.936 445.051 95
445.045 445.475 92
445.045 445.475 69
445.149 445.475 66
445.919 446.408 76
445.922 446.408 68
446.255 446.408 59
446.367 446.758 93
446.815 447.23 92
446.816 447.23 69
447.225 447.686 83
447.679 448.152 76
447.68 448.152 68
448.46 448.585 66
448.578 449.127 35
448.579 449.127 47
448.687 449.127 54
448.687 449.127 42
448.926 449.127 63
449.464 449.579 92
449.572 449.996 89
449.989 450.443 80
449.99 450.385 92
450.136 450.443 59
450.287 450.443 68
450.437 450.885 90
450.584 450.885 59
450.731 450.885 66
451.194 451.316 64
451.313 451.809 35
451.316 451.809 47
451.421 451.809 42
451.537 451.809 59
451.659 451.809 63
451.759 451.809 93
451.806 451.963 92
452.013 452.18 90
452.088 452.236 59
452.23 452.393 88
452.443 452.677 86
452.517 452.677 59
453.758 454.151 54
454.004 454.151 66
454.277 454.728 42
454.525 454.728 66
454.526 454.728 63
455.029 455.179 59
455.172 455.609 89
455.394 455.609 90
455.46 455.609 59
455.602 456.075 80
455.603 456.019 92
455.918 456.075 68
456.068 456.517 90
456.216 456.517 59
456.36 456.517 66
456.836 456.969 64
456.968 457.469 35
456.968 457.469 47
457.08 457.469 54
457.081 457.469 42
457.196 457.469 59
457.322 457.469 63
457.767 458.357 86
457.767 458.198 59
458.197 458.357 76
458.198 458.357 59
458.263 458.357 74
458.334 459.1 73
458.456 458.57 85
458.57 458.896 85
458.651 461.676 68
458.802 459.513 97
459.001 459.313 85
459.1 459.214 73
459.214 459.911 73
459.411 459.708 85
459.61 460.324 97
459.708 459.807 85
459.807 460.122 85
460.023 461.701 73
460.122 460.223 85
460.223 460.521 85
460.423 460.724 97
460.521 460.625 85
460.625 460.937 85
460.724 460.838 97
460.838 461.137 97
460.937 461.039 85
461.039 461.339 85
461.137 461.241 97
461.241 461.553 97
461.339 461.451 85
461.451 461.701 85
461.7 461.858 98
461.777 462.572 100
462.005 462.572 95
462.078 462.572 93
462.141 462.572 92
462.219 462.572 90
462.288 462.572 88
462.358 462.572 86
462.428 462.572 85
462.495 462.572 83
462.571 463.493 73
462.935 463.493 86
463.083 463.493 90
463.157 463.493 92
463.296 463.493 95
463.401 463.493 97
463.489 463.639 98
463.563 464.354 100
463.639 464.354 98
463.716 464.354 97
463.79 464.354 95
463.86 464.354 93
464.0 464.354 90
464.07 464.354 88
464.21 464.354 85
464.276 464.354 83
464.353 465.27 73
464.651 465.27 85
464.72 465.27 86
464.864 465.27 90
464.938 465.27 92
465.085 465.27 95
465.183 465.27 97
465.267 465.418 98
465.34 466.145 100
465.568 466.145 95
465.638 466.145 93
465.778 466.145 90
465.851 466.145 88
465.991 466.145 85
466.062 466.145 83
466.135 467.044 73
466.502 467.044 86
466.863 467.044 95
466.932 467.044 97
467.08 467.363 99
467.29 468.729 100
467.714 468.004 94
468.287 468.729 92
469.149 469.592 86
469.365 469.592 83
469.435 469.592 82
469.579 470.006 80
469.723 469.862 82
469.862 470.437 82
471.164 471.335 70
471.854 472.018 66
471.966 472.078 64
480.429 480.493 46
481.16 481.226 82
481.164 481.227 49
483.988 484.052 88
483.989 484.16 35
484.163 484.227 88
484.163 484.227 47
484.328 485.045 88
484.328 485.045 91
484.51 484.663 45
484.681 485.045 31
485.042 485.378 72
485.043 485.378 76
485.402 485.465 72
485.406 485.57 35
485.574 485.637 47
486.46 486.816 88
486.631 486.819 48
486.816 486.876 88
486.817 486.88 35
487.16 487.874 88
487.338 487.519 45
487.51 487.874 31
487.688 487.874 55
487.87 487.933 36
488.402 488.472 50
488.57 489.308 72
489.305 489.669 93
489.306 489.479 45
489.479 489.679 45
489.669 489.732 93
489.844 489.91 93
490.023 490.198 42
490.023 490.373 30
490.198 490.373 42
490.38 490.747 28
490.559 490.747 40
490.746 490.922 45
491.104 491.175 35
491.286 491.349 59
491.453 492.182 85
492.185 492.553 93
492.186 492.56 33
492.189 492.36 45
492.36 492.56 45
492.553 492.62 93
492.556 492.623 32
492.728 492.794 93
492.903 493.649 97
492.906 493.089 42
492.906 493.275 30
493.089 493.275 42
493.274 493.649 28
493.648 493.837 45
493.837 494.043 45
494.036 494.107 35
494.037 494.107 47
494.216 494.288 59
494.401 495.181 85
494.615 495.139 49
495.189 495.57 61
495.192 495.577 30
495.192 495.574 34
495.193 495.574 37
495.573 495.948 29
495.574 495.947 34
495.574 495.948 37
495.941 496.318 54
495.945 496.326 27
495.945 496.323 30
495.947 496.323 34
496.318 496.707 54
496.323 496.715 25
496.323 496.712 30
496.323 496.712 34
496.708 496.886 61
496.712 496.89 30
496.712 496.89 34
496.886 497.085 58
496.886 497.064 61
496.89 497.085 30
496.89 497.085 34
496.89 497.069 37
497.064 497.456 61
497.068 497.461 32
497.069 497.46 37
497.457 497.829 34
497.46 497.831 37
497.46 497.831 42
497.46 497.832 46
498.202 498.577 61
498.206 498.584 30
498.206 498.58 34
498.209 498.58 37
498.58 498.951 29
498.58 498.951 37
498.583 498.951 41
498.944 499.301 54
498.945 499.309 27
498.947 499.308 30
498.948 499.308 34
499.301 499.686 54
499.304 499.687 61
499.305 499.693 25
499.308 499.689 30
499.308 499.689 34
499.687 499.858 61
499.689 499.861 30
499.689 499.861 34
499.857 500.054 54
499.858 500.054 58
499.858 500.039 61
499.861 500.054 30
499.861 500.054 34
499.861 500.04 37
499.864 500.054 42
500.039 500.421 61
500.039 500.428 32
500.425 500.795 34
500.425 500.796 37
500.425 500.796 42
500.426 500.799 46
501.174 501.737 46
501.734 501.933 61
501.737 501.933 42
501.737 501.933 46
501.927 502.297 66
502.297 502.686 61
502.297 502.686 66
502.3 502.686 42
502.301 502.683 46
503.428 503.511 39
503.428 503.512 46
503.782 503.974 42
503.784 503.976 46
504.523 504.611 71
504.901 504.992 65
505.66 505.892 54
505.664 505.892 46
506.409 506.98 42
506.409 506.98 46
506.977 507.176 82
506.98 507.176 42
506.98 507.176 46
507.54 507.924 82
507.544 507.926 42
507.544 507.925 46
508.478 508.664 46
508.478 508.667 38
508.664 508.752 46
508.667 508.752 39
508.846 508.937 46
509.025 509.216 46
509.025 509.217 42
509.402 509.751 78
511.618 511.796 61
511.62 511.799 66
511.621 511.98 30
511.621 511.974 34
511.621 511.974 37
511.623 511.98 42
511.795 511.98 58
511.796 511.98 61
511.799 511.98 66
511.973 512.342 29
511.974 512.341 34
511.974 512.342 37
512.148 512.342 58
512.152 512.342 61
512.152 512.342 53
512.338 512.709 27
512.338 512.706 30
512.341 512.706 34
512.513 512.709 58
512.705 513.087 25
512.706 513.083 30
512.706 513.083 34
512.709 513.084 37
512.88 513.087 54
512.884 513.087 58
513.083 513.453 30
513.083 513.453 34
513.084 513.44 37
513.084 513.453 42
513.254 513.453 54
513.255 513.453 61
513.437 513.821 32
513.44 513.818 37
513.625 513.821 56
513.626 513.821 61
513.817 514.175 34
513.818 514.178 42
513.819 514.179 46
514.556 514.74 61
514.557 514.74 66
514.557 514.92 30
514.557 514.918 34
514.56 514.918 37
514.561 514.92 42
514.739 514.92 58
514.74 514.92 61
514.917 515.281 29
514.918 515.279 34
514.918 515.281 37
515.089 515.281 61
515.091 515.281 53
515.278 515.642 27
515.278 515.638 30
515.279 515.638 34
515.281 515.642 39
515.449 515.642 51
515.45 515.642 54
515.45 515.642 58
515.636 516.023 25
515.638 516.02 30
515.638 516.02 34
515.639 516.023 37
515.821 516.023 58
515.821 516.023 49
516.02 516.393 30
516.02 516.393 34
516.023 516.377 37
516.023 516.393 42
516.194 516.393 61
516.373 516.759 32
516.558 516.759 56
516.558 516.759 61
516.755 517.115 34
516.755 517.116 42
516.759 517.118 46
517.496 518.068 42
517.496 518.068 46
518.068 518.256 42
518.068 518.256 46
518.631 519.013 42
518.631 519.013 46
519.012 519.747 34
519.013 519.559 46
519.555 519.743 58
519.559 519.747 46
519.744 519.828 39
519.747 519.829 46
519.912 519.999 58
519.914 520.003 46
520.09 520.275 46
520.818 520.906 71
521.196 521.287 65
521.966 522.193 46
522.715 523.269 42
522.716 523.269 46
523.269 523.464 42
523.269 523.464 46
523.269 523.464 49
523.819 524.192 42
523.821 524.189 46
524.736 524.923 46
524.738 524.924 38
524.923 524.998 46
525.086 525.179 46
525.264 525.445 46
525.267 525.449 42
525.63 526.009 78
526.002 526.089 83
527.657 527.756 70
527.853 527.958 65
528.698 529.141 46
529.352 529.47 42
530.093 530.38 46
530.094 530.381 34
530.594 532.214 27
530.618 532.214 31
530.639 532.214 34
530.926 532.214 46
531.171 531.553 55
531.553 532.214 55
531.685 531.948 91
531.686 532.214 87
531.686 532.214 82
531.689 532.214 79
531.69 532.214 56
531.945 532.214 103
531.946 532.214 94
531.948 532.214 91
532.666 534.286 27
532.69 534.286 31
532.728 532.992 46
532.729 532.991 39
532.992 534.286 46
533.243 534.286 55
533.246 533.755 63
533.5 534.286 75
533.502 534.286 70
533.751 534.02 91
533.752 534.286 87
533.752 534.286 82
534.017 534.286 103
534.02 534.286 94
534.02 534.286 91
534.731 536.365 27
534.766 536.365 34
534.804 535.322 44
534.804 535.323 56
534.805 536.365 38
535.061 536.365 41
535.061 536.365 46
535.322 535.575 65
535.322 535.833 44
535.574 536.365 74
535.575 536.365 65
535.83 536.097 89
535.831 536.365 86
535.831 536.365 82
536.096 536.365 101
536.097 536.365 94
536.097 536.365 89
536.824 538.434 27
536.883 537.146 46
536.887 537.146 39
537.146 538.434 46
537.66 538.434 70
538.173 538.434 103
538.175 538.434 94
538.696 538.783 46
538.696 538.784 34
538.925 540.491 27
538.934 540.491 31
538.945 540.491 34
539.214 540.491 39
539.217 540.491 46
539.469 540.491 63
539.47 539.831 55
539.712 540.491 70
539.715 540.491 75
539.963 540.491 82
539.967 540.222 91
539.968 540.491 87
539.97 540.491 56
540.223 540.491 99
540.223 540.491 103
540.226 540.491 94
540.944 542.558 27
540.961 542.558 31
541.006 541.27 46
541.006 541.269 39
541.27 542.558 46
541.524 542.558 55
541.525 542.558 58
541.777 542.558 70
542.029 542.558 82
542.288 542.558 103
542.291 542.558 94
543.008 544.643 27
543.079 544.643 38
543.341 544.643 46
543.596 544.643 58
543.597 544.643 62
543.6 543.853 65
543.853 544.643 74
543.853 544.643 70
543.853 544.643 65
544.107 544.375 89
544.108 544.643 86
544.111 544.643 82
545.102 546.729 27
545.115 546.729 31
545.14 546.729 34
545.424 546.711 46
545.427 546.729 51
545.671 546.729 55
546.45 546.729 94
547.166 548.787 27
547.187 548.787 31
547.212 548.787 34
547.496 548.787 39
547.499 548.787 46
547.754 548.787 63
548.004 548.787 75
548.006 548.787 70
548.262 548.52 91
548.262 548.521 87
548.262 548.521 82
548.521 548.787 87
548.521 548.787 82
548.783 549.316 103
548.784 549.316 99
548.784 549.316 94
549.246 550.886 27
549.269 550.886 31
549.291 550.886 34
549.575 550.886 46
549.827 550.335 63
550.078 550.335 75
550.079 550.886 70
550.331 550.593 91
550.334 550.594 87
550.334 550.594 82
550.594 550.886 87
550.594 550.886 82
550.862 551.391 103
550.863 551.391 94
551.317 552.939 27
551.352 552.939 34
551.391 552.939 38
551.644 552.939 41
551.646 552.939 46
552.028 552.939 65
552.154 552.939 74
552.157 552.939 70
552.28 552.54 77
552.406 552.672 89
552.406 552.673 86
552.409 552.673 82
552.673 552.939 86
552.673 552.939 82
552.801 552.939 89
552.934 553.469 101
552.935 553.469 98
552.935 553.469 94
553.393 555.072 27
553.413 555.072 31
553.441 555.072 34
553.719 555.072 46
553.977 555.072 63
554.23 555.072 70
554.482 554.743 87
554.485 554.744 82
555.007 555.543 103
555.465 557.09 27
555.489 557.09 31
555.798 557.09 39
555.798 557.09 46
556.302 557.09 75
556.302 557.09 70
556.428 556.689 79
556.557 556.816 91
556.557 556.817 87
556.558 556.819 82
556.817 557.09 87
556.819 557.09 82
557.085 557.612 103
557.086 557.612 94
557.54 559.161 27
557.562 559.161 31
557.586 559.161 34
557.611 557.87 39
557.871 559.161 46
558.378 558.63 75
558.379 559.161 70
558.626 558.892 91
558.629 558.895 87
558.629 558.895 82
559.157 559.693 103
559.158 559.693 94
559.619 561.236 27
559.651 561.236 34
559.693 561.236 38
559.942 561.236 41
559.942 561.236 46
560.324 561.233 65
560.45 561.236 74
560.452 561.236 70
560.579 560.841 77
560.708 560.964 89
560.709 560.968 86
560.968 561.236 86
560.968 561.236 82
561.232 561.765 94
561.692 563.309 27
561.712 563.309 31
561.737 563.309 34
562.021 563.309 46
562.279 563.308 63
563.308 563.808 94
564.272 564.495 99
564.272 564.495 92
564.495 564.726 99
564.608 564.726 87
564.954 565.185 94
564.957 565.188 87
565.185 565.43 94
565.188 565.433 87
565.43 565.685 94
565.433 565.685 87
566.021 566.143 82
566.134 566.361 94
566.136 566.361 86
566.361 566.613 94
566.701 567.537 70
567.054 567.292 94
567.057 567.295 87
568.015 568.24 99
568.24 568.474 99
568.699 568.937 94
568.7 568.938 87
568.937 569.178 94
568.938 569.181 87
569.178 569.44 94
569.181 569.44 87
569.892 570.116 94
569.892 570.117 86
570.116 570.341 94
570.117 570.364 86
570.341 570.63 87
570.341 570.63 94
571.393 571.618 96
571.506 571.75 87
571.618 571.75 96
571.845 572.199 94
572.749 572.983 91
572.871 573.112 55
573.886 574.025 93
574.704 574.949 55
575.055 575.282 96
575.167 575.415 87
575.506 575.859 94
576.529 576.773 55
577.551 577.676 93
578.702 578.926 96
578.926 579.059 96
579.16 579.51 94
582.003 582.124 82
582.422 582.538 82
582.829 582.937 82
583.241 583.356 82
583.654 583.76 88
584.06 584.172 88
584.467 584.569 88
585.058 585.363 89
585.554 585.758 44
585.65 585.758 88
586.038 586.143 88
586.427 586.534 88
586.528 586.99 35
586.987 587.848 86
586.989 587.844 34
588.057 588.719 74
588.713 589.57 86
588.715 589.569 34
588.716 589.132 46
588.918 589.57 65
589.343 589.57 58
589.569 589.997 46
589.783 590.476 86
590.703 590.836 53
590.703 590.839 57
590.707 590.843 35
590.966 591.096 53
590.969 591.097 65
592.085 592.317 98
592.086 592.317 94
592.086 592.317 89
592.519 592.74 82
592.933 593.15 103
592.936 593.15 94
594.196 594.42 70
594.197 594.42 38
595.103 595.239 57
595.109 595.243 35
595.11 595.243 47
595.369 595.498 46
595.874 596.752 37
596.749 597.186 82
597.186 597.692 82
597.9 598.03 57
597.901 598.036 35
598.165 598.292 65
598.904 599.341 61
599.268 599.575 74
599.569 600.02 72
600.248 600.479 96
600.717 600.839 53
600.72 600.843 35
600.972 601.098 34
602.117 602.232 94
602.117 602.233 85
603.5 603.625 57
603.5 603.629 65
603.502 603.63 35
603.755 603.889 65
604.511 604.711 77
604.512 604.711 82
604.948 605.187 89
604.948 605.187 85
604.952 605.187 94
605.624 606.1 45
605.837 606.1 96
605.841 606.1 101
605.841 606.1 93
606.345 606.479 57
606.349 606.481 35
606.604 606.726 53
606.607 606.729 65
606.608 606.73 34
607.489 607.917 86
608.557 608.696 103
609.226 609.653 82
609.859 610.086 71
611.584 611.829 67
612.35 612.686 71
613.373 613.904 82
614.094 614.392 74
615.056 615.552 82
615.122 615.552 86
615.329 615.552 98
616.189 616.33 103
616.859 617.288 82
616.925 617.288 85
617.495 617.719 71
617.709 617.778 83
620.299 620.4 45
621.006 621.532 82
621.628 622.228 82
622.227 622.346 94
622.441 623.152 92
622.542 622.843 74
622.639 623.152 89
623.04 623.152 82
623.446 623.849 77
623.649 623.964 74
624.062 624.768 80
624.26 624.768 82
624.366 624.768 46
624.461 624.768 86
624.464 624.768 74
624.562 624.768 33
624.563 624.768 45
624.661 624.768 89
624.96 625.597 31
624.961 625.597 43
625.059 625.597 94
625.159 625.597 29
625.36 625.597 34
625.363 625.597 46
625.57 625.667 27
625.774 625.982 34
625.776 625.982 46
625.871 625.982 101
625.873 625.982 98
625.874 625.982 94
625.874 625.982 89
626.07 626.382 103
626.175 626.382 46
626.273 626.382 101
626.274 626.382 94
626.276 626.382 89
626.476 626.798 103
626.48 626.682 94
626.68 626.798 101
626.682 626.798 94
626.683 626.798 89
626.878 627.191 103
626.88 627.082 94
626.977 627.191 34
626.977 627.191 46
627.079 627.191 101
627.082 627.191 94
627.082 627.191 89
627.285 627.599 103
627.285 627.489 94
627.488 627.599 101
627.489 627.599 94
627.489 627.599 89
627.684 628.003 103
627.687 627.89 94
627.89 628.003 94
627.891 628.003 89
628.097 628.412 103
628.1 628.296 94
628.195 628.412 34
628.199 628.412 46
628.296 628.412 94
628.296 628.412 89
628.496 628.815 103
628.5 628.702 94
628.702 628.814 94
628.814 632.878 94
628.815 632.235 99
628.815 632.878 103
629.248 629.987 75
629.249 629.56 51
629.56 629.672 46
629.668 629.991 58
629.669 630.42 39
629.672 630.421 46
629.672 630.421 51
629.99 630.099 82
630.099 632.878 82
630.421 630.532 46
630.526 631.383 55
630.53 632.878 39
630.532 632.878 46
630.532 632.878 51
631.381 632.234 87
632.235 632.878 99
632.237 632.878 75
