0.519987 0.943991 69
0.523983 0.947987 45
11.3639 11.4379 79
11.4969 11.5729 79
11.5659 11.6369 78
11.9619 12.0669 73
13.0649 13.1729 66
14.6538 14.7308 79
14.7898 14.8638 79
15.1888 15.2868 74
17.8218 17.9158 54
18.0178 18.1148 54
18.2208 18.3258 54
19.4457 19.5437 55
25.1756 25.2556 76
25.1756 25.2586 45
26.6936 26.9555 75
28.5865 28.7865 66
34.0515 34.1035 78
34.0515 34.2575 62
34.1555 34.2045 75
34.2085 34.2575 76
34.4645 34.5655 64
35.3004 35.5064 66
35.8254 35.8694 73
35.9274 36.1404 76
37.2044 37.6484 62
38.0804 38.1884 68
38.1884 38.3004 68
38.2404 38.5244 69
38.5244 38.6283 69
41.7892 41.8972 76
45.8221 46.0311 69
46.0311 46.1461 69
46.5751 46.6811 57
47.3401 47.463 69
47.417 47.463 76
47.46 47.564 78
48.656 48.776 69
49.107 49.222 69
51.2949 51.4169 59
51.9439 52.1669 62
52.2789 52.4949 69
53.0559 53.1699 69
53.5938 53.7068 57
54.4448 54.4868 76
54.4838 54.5918 78
55.2438 55.3588 69
57.8757 57.9937 59
58.3227 58.4417 59
58.9147 59.0227 73
58.9667 59.0827 71
59.2257 59.3127 71
59.3067 59.5157 69
63.2506 63.3655 73
63.7135 63.8355 62
64.1885 64.3145 61
67.2965 67.7205 69
67.3005 67.7235 45
70.8075 71.2095 62
75.7315 76.1375 62
78.2334 78.3034 78
78.3634 78.4405 78
78.4264 78.5035 79
78.7665 78.8634 73
81.5274 81.5974 81
81.6534 81.7304 81
81.9934 82.0904 74
84.6184 84.7224 54
84.8224 84.9194 54
86.2433 86.3463 55
91.9852 92.0622 73
91.9922 92.0662 76
92.2032 92.2792 45
92.4062 92.4822 52
93.5282 93.7872 75
95.4222 95.6182 66
97.0881 97.2881 64
100.886 100.938 78
100.89 101.089 62
100.994 101.043 75
101.047 101.092 76
101.302 101.404 64
102.14 102.339 66
102.664 102.709 73
102.766 102.975 76
104.044 104.483 62
104.919 105.026 68
105.026 105.139 68
105.079 105.36 69
105.36 105.463 69
108.635 108.732 76
112.671 112.888 69
112.888 113.003 69
112.993 113.094 59
113.424 113.532 57
114.197 114.312 69
114.274 114.312 76
114.309 114.417 78
115.068 115.187 69
115.506 115.624 69
115.964 116.073 69
118.74 118.849 73
118.799 118.908 71
118.849 119.136 73
119.135 119.349 69
119.695 119.912 69
120.126 120.336 69
120.448 120.552 57
121.221 121.344 69
121.256 121.34 78
121.298 121.344 76
121.34 121.445 78
122.096 122.212 69
125.823 126.043 62
126.156 126.372 69
130.1 130.218 73
130.566 130.684 62
131.041 131.163 61
133.012 133.575 69
135.871 137.576 59
142.708 144.419 57
147.943 148.157 86
152.073 152.182 85
154.796 155.24 71
154.898 155.114 62
155.664 156.115 86
156.098 156.533 85
157.498 157.719 62
158.149 158.264 62
158.481 158.59 66
159.147 159.377 73
159.37 159.49 62
161.118 161.617 62
166.854 167.064 67
168.453 168.495 74
168.492 168.6 76
169.254 169.37 67
170.684 170.784 57
171.113 171.218 55
171.67 171.886 57
172.002 172.45 48
172.923 173.031 71
172.975 173.084 69
173.031 173.322 71
173.238 173.322 69
173.318 173.78 67
173.644 173.78 62
175.478 175.52 74
175.52 175.624 76
176.272 176.387 67
177.7 177.808 57
178.686 178.904 57
179.025 179.473 48
179.94 180.055 71
180.055 180.339 71
180.108 180.258 69
180.184 180.335 67
180.258 180.339 69
180.335 180.439 67
180.338 180.751 59
194.35 194.447 64
194.951 195.052 56
198.626 198.83 45
200.484 200.558 76
200.894 200.971 76
202.018 202.276 80
202.234 202.441 66
203.068 203.27 85
203.071 203.271 69
203.911 204.107 71
205.577 205.78 69
206.809 207.019 62
207.236 207.656 62
207.446 207.876 66
207.656 207.876 62
208.968 209.169 65
209.39 209.591 67
209.802 209.899 69
210.638 210.841 70
211.062 211.107 81
211.108 211.163 79
211.164 211.208 78
211.266 211.478 81
212.317 212.517 69
212.739 212.945 69
213.154 213.351 65
213.564 213.777 62
213.998 214.432 62
214.212 214.68 65
214.652 214.87 57
215.517 215.628 78
217.106 217.207 81
218.898 219.313 74
219.111 219.208 68
219.317 219.419 71
219.524 219.625 68
219.628 219.73 69
222.797 223.01 74
223.219 223.437 74
223.332 223.555 64
223.548 223.657 62
224.357 224.442 83
224.4 224.444 81
224.442 224.543 83
225.195 225.308 74
225.631 225.748 74
225.747 225.859 66
226.089 226.205 74
227.055 227.161 62
227.609 227.827 64
227.827 227.95 64
228.491 228.707 66
228.862 228.974 78
228.924 229.034 76
228.925 229.142 67
228.974 229.261 78
229.103 229.26 74
229.26 229.471 74
229.363 229.474 69
229.716 230.153 69
229.719 229.93 54
229.821 230.037 62
229.93 230.153 54
230.143 230.251 52
230.252 230.458 62
230.356 230.58 52
230.797 231.021 50
231.344 231.469 73
231.344 231.469 62
231.424 231.469 69
231.466 231.567 71
231.466 231.568 55
231.679 231.787 73
232.117 232.334 74
232.656 232.775 62
233.436 233.657 42
234.633 234.851 52
234.851 234.974 52
235.407 235.837 45
235.837 236.289 45
236.283 236.705 69
236.285 236.706 74
236.289 236.71 45
239.782 240.188 62
240.188 240.39 62
242.019 242.12 62
242.424 242.525 64
244.675 245.077 62
245.077 245.284 62
246.201 246.295 62
246.912 247.734 86
247.829 248.025 66
248.025 248.228 66
248.637 248.837 67
248.837 249.036 67
249.242 249.348 67
249.452 249.551 62
251.104 251.199 66
251.918 252.021 67
252.638 252.851 74
256.355 256.585 71
256.575 256.69 69
256.579 256.69 78
257.044 257.162 76
257.044 257.163 67
257.286 257.526 76
257.519 257.642 74
257.52 257.642 66
258.024 258.167 64
258.024 258.168 73
259.483 260.053 66
