0.998976 1.06198 58
2.47995 2.54294 58
2.48094 2.54394 34
2.48094 2.54394 46
2.74693 2.98694 36
3.23292 3.47091 38
3.30894 3.47091 48
3.38292 3.47091 55
3.72292 3.96389 55
3.72391 3.96389 31
4.70291 4.93988 55
4.7039 6.18284 31
4.9269 4.98989 58
5.84086 5.91985 60
6.41083 6.46983 58
6.41184 6.47283 46
6.41184 6.47384 34
6.66983 6.91482 48
6.67083 6.91482 36
7.23984 7.40182 50
7.31383 7.40182 60
7.8808 7.93979 63
8.33679 8.46081 38
9.08178 9.31577 36
10.5798 11.0758 46
10.8078 10.8768 70
11.3077 11.3768 72
11.8148 11.8778 74
12.3047 12.3717 46
13.0637 13.2977 66
13.1337 13.2977 60
13.5537 14.0227 55
13.5547 14.0277 46
14.1977 14.2567 66
14.5097 15.0027 46
14.5827 14.7477 62
14.7367 14.8067 70
15.0797 15.2407 62
15.2377 15.3067 72
16.5857 16.7527 60
16.9807 17.2107 34
17.6977 17.7577 70
18.1637 18.2257 75
18.1637 18.4257 45
18.1667 18.4267 33
18.5027 18.6677 57
18.5777 18.6677 67
19.1436 19.2096 75
20.1276 20.1866 75
20.4636 20.6236 57
21.1146 21.1836 63
21.5476 21.6396 55
22.4026 23.8966 31
22.6336 22.7026 58
23.5536 23.6386 60
24.1246 24.1936 58
24.1276 24.1936 46
24.1276 24.1976 34
24.3945 24.8805 36
24.3945 24.8805 48
25.0305 25.1175 60
25.4505 25.8385 51
25.5975 25.6565 63
26.7945 27.2945 38
28.3875 28.9375 74
29.5705 29.7305 55
30.5924 31.1734 74
31.1734 31.9424 69
33.4544 34.2074 53
36.3744 38.5164 47
36.3784 38.5164 31
39.4324 39.9964 36
42.3374 42.9043 53
44.8653 45.1103 48
45.1063 45.8583 34
45.2773 45.8583 62
47.6683 48.0683 74
50.2973 51.1963 47
50.6303 51.1963 73
50.7273 51.1963 76
52.8773 54.5373 64
56.1813 57.1533 65
60.1823 60.9093 32
60.9063 63.0503 31
60.9093 63.0503 47
63.9673 64.5283 36
66.6952 69.6422 65
66.8733 67.4363 53
69.4002 69.6422 48
69.8092 70.3982 62
74.8292 75.7322 47
75.1642 75.7322 73
75.2562 75.7322 76
77.4092 79.0702 64
79.0682 80.8032 67
80.8032 81.9092 65
88.4922 89.2031 65
88.5042 89.1861 69
89.1861 89.9071 69
89.9031 90.6162 72
93.5361 94.2601 72
93.6231 94.2601 70
93.6241 94.2601 60
94.2081 96.3291 73
99.9171 102.566 42
102.566 105.776 42
102.804 105.783 74
105.776 108.657 42
108.656 111.694 36
111.828 112.576 58
111.83 112.576 53
111.831 114.021 34
111.831 114.021 46
114.015 114.74 32
114.739 116.881 31
114.74 116.881 47
117.798 118.358 36
120.71 121.267 53
123.234 123.472 48
123.472 124.228 34
123.643 124.228 62
128.659 129.565 47
128.994 129.565 73
129.103 129.565 76
129.562 131.242 60
134.631 135.739 65
136.625 137.329 65
142.309 143.026 69
142.32 143.033 65
143.026 143.737 69
146.568 147.282 73
147.363 148.09 72
147.454 148.09 70
147.454 148.09 60
148.032 150.156 73
156.397 159.606 42
156.634 159.613 74
159.603 160.338 61
159.606 162.487 42
162.484 165.525 36
162.493 165.525 73
165.543 165.657 58
165.658 166.406 53
165.662 166.406 58
167.842 168.574 32
168.573 170.712 47
168.574 170.712 31
174.537 175.097 53
177.058 177.303 48
177.47 178.058 62
178.212 178.749 62
179.477 180.204 69
179.855 180.204 70
183.273 183.854 62
184.201 184.565 34
185.317 186.119 33
185.317 187.554 45
187.289 187.733 52
189.055 189.301 55
189.29 189.352 58
190.2 190.281 60
190.77 190.833 58
190.774 190.833 34
190.774 190.834 46
191.032 191.274 36
191.183 191.274 58
191.6 191.761 48
191.674 191.761 55
192.014 192.254 31
192.242 192.303 58
192.986 194.467 31
193.214 193.283 58
193.638 193.717 58
194.131 194.21 60
194.695 194.764 58
194.697 194.764 34
194.698 194.765 46
194.961 195.204 36
195.605 195.688 60
196.171 196.227 63
197.373 197.609 36
198.867 199.367 46
198.873 199.37 55
199.101 199.163 70
199.444 199.622 62
200.098 200.168 74
200.592 200.658 70
200.596 200.659 46
201.349 201.589 66
201.429 201.589 60
201.915 202.082 62
202.073 202.135 70
202.8 203.297 46
202.8 203.297 55
203.028 203.094 70
203.375 203.535 62
204.876 205.05 60
205.31 205.536 34
206.027 206.082 70
206.492 206.555 75
206.492 206.744 33
206.821 206.992 57
206.897 206.992 67
207.465 207.534 75
208.448 208.515 75
208.788 208.955 57
209.446 209.508 63
210.727 212.203 31
210.954 211.017 58
211.865 211.945 60
212.435 212.497 58
212.435 212.498 46
212.438 212.498 34
212.701 213.187 48
212.701 213.187 36
213.188 213.425 59
213.341 213.425 60
213.754 214.146 51
213.901 213.964 63
215.102 215.602 38
216.698 217.247 74
217.87 218.041 55
218.562 218.899 37
218.902 219.481 74
218.907 219.484 38
219.481 219.868 69
220.245 220.659 43
220.246 220.659 31
220.377 220.443 80
221.638 221.707 51
222.126 222.241 72
222.354 223.586 31
222.357 223.45 43
223.002 223.586 36
223.005 223.586 48
223.45 223.586 43
223.451 223.586 55
223.708 224.132 43
224.761 224.867 66
228.172 228.278 72
228.174 228.282 63
228.938 229.01 69
229.365 229.431 53
229.428 229.536 55
230.965 231.1 51
231.385 231.518 48
231.518 231.619 51
231.793 231.933 48
232.147 232.35 31
232.21 232.35 46
232.347 232.552 38
232.616 232.756 48
232.756 232.958 38
232.962 233.162 31
233.022 233.162 46
233.092 233.162 57
233.162 233.361 38
233.424 233.561 48
233.826 233.96 46
235.126 235.226 69
235.332 236.486 31
235.395 235.524 67
236.907 239.67 31
241.215 242.412 45
242.206 242.412 36
242.41 242.749 31
245.153 246.22 48
245.154 248.034 56
245.157 246.393 36
246.045 248.034 39
246.22 248.034 48
246.393 246.57 36
246.567 248.034 51
246.57 248.034 36
246.738 248.034 33
247.096 248.034 30
247.449 248.034 27
247.806 248.034 24
248.031 249.164 55
248.033 251.079 31
251.079 254.429 31
