2.54798 4.50398 46
6.45398 7.49997 46
8.47297 9.51196 46
12.554 14.5879 46
12.554 14.5879 34
14.553 16.53 36
14.553 16.53 48
16.2479 16.495 38
16.4919 18.536 53
16.495 18.536 50
16.495 18.536 38
18.497 19.523 51
18.501 19.523 36
18.501 19.523 48
19.4979 20.5619 46
19.502 20.5619 34
21.5669 22.1019 43
21.5669 22.1019 31
22.0819 22.2669 44
22.0819 22.2669 32
22.2249 22.4099 31
22.3679 22.5569 30
22.3719 22.5569 42
22.5149 22.7009 31
22.5159 22.7009 43
22.6589 23.8549 48
22.6599 23.5039 44
23.5049 23.7969 41
23.5059 23.7969 29
23.7959 26.9289 44
23.7969 26.9289 29
23.7969 26.9289 41
24.8999 26.9289 53
27.8599 28.8639 48
32.8239 34.8869 55
47.8619 48.1149 34
48.0939 50.9279 33
50.9349 51.8909 33
51.8989 53.8119 34
55.6219 57.7748 48
57.7408 59.7028 58
57.7428 59.7028 46
58.5798 59.6649 63
61.6498 62.6958 58
61.6538 62.6958 46
63.6688 64.7078 46
67.7488 69.7898 42
79.1598 81.2878 34
92.7507 93.8917 62
96.8387 98.3747 34
98.3327 99.8407 36
101.298 102.788 48
108.676 110.19 34
109.046 110.19 62
112.666 113.089 62
118.532 118.962 75
127.079 127.845 62
128.196 129.319 62
144.243 147.235 36
146.115 147.235 63
147.595 148.702 60
148.299 148.702 57
150.165 151.674 42
150.533 151.674 60
154.795 156.563 62
156.528 159.614 48
159.583 161.543 46
163.496 164.542 46
165.512 166.554 58
165.516 166.554 46
169.596 171.629 46
169.597 171.629 34
171.595 173.566 36
171.595 173.566 48
173.292 173.54 50
173.293 173.541 38
173.541 175.577 38
175.54 176.564 36
175.542 176.564 48
176.541 177.604 55
177.572 178.644 48
177.573 178.644 44
178.603 179.144 46
178.605 179.144 43
178.606 179.144 31
179.12 179.33 48
179.121 179.331 44
179.123 179.333 32
179.284 179.497 46
179.285 179.501 43
179.288 179.501 31
179.448 179.662 44
179.449 179.663 29
179.613 179.778 46
179.617 179.824 31
179.617 179.824 43
179.782 181.223 46
180.797 181.276 44
180.799 181.276 41
180.8 181.276 29
181.223 184.146 46
181.223 184.146 51
181.224 184.146 31
181.227 184.146 43
184.055 188.02 52
184.058 187.895 33
184.059 188.02 45
187.892 207.26 54
187.895 207.26 26
187.895 207.26 33
187.898 207.26 38
