2.784 2.88 57
10.272 10.56 57
18.048 18.112 80
23.456 23.584 66
23.584 23.648 66
26.368 26.464 64
27.776 28.256 52
28.48 28.576 57
49.28 49.344 66
51.36 51.424 52
57.824 58.464 59
64.864 65.632 41
66.048 66.976 81
67.008 67.52 54
67.968 68.0 52
69.056 69.984 64
83.296 83.36 73
85.376 85.568 68
86.528 86.784 64
88.704 88.896 56
90.592 90.72 64
100.672 101.216 59
107.68 108.448 41
108.896 109.696 81
111.872 112.8 64
121.888 122.24 52
122.048 122.304 61
126.112 126.176 73
128.416 128.448 42
130.048 130.112 76
130.272 130.4 76
131.648 132.128 57
140.032 140.544 50
140.032 141.344 62
140.544 141.44 50
140.576 140.768 69
142.848 143.072 62
143.872 144.384 62
150.048 150.272 64
150.976 151.104 64
154.08 154.368 64
156.064 156.224 57
164.448 165.92 50
174.464 174.688 64
178.464 179.552 64
180.48 180.736 57
189.088 189.312 59
192.096 192.32 59
194.432 194.528 52
195.168 195.68 52
195.68 196.128 59
197.504 197.568 52
198.208 198.72 52
198.72 199.04 59
207.616 207.904 64
215.264 215.552 69
219.104 219.584 50
219.584 220.416 50
225.44 225.472 79
228.0 228.16 54
228.48 228.896 50
233.248 234.016 62
246.688 246.912 59
249.024 249.12 52
249.76 250.272 52
250.272 250.624 59
252.096 252.16 52
252.8 253.184 80
252.8 253.312 52
253.312 253.632 59
269.856 270.144 69
273.664 274.176 50
274.176 275.008 50
283.072 283.552 50
287.84 288.608 62
288.352 288.64 69
297.632 298.56 64
312.224 312.672 52
313.408 313.6 52
320.544 320.608 66
324.064 324.672 67
325.184 325.568 70
329.088 329.76 59
337.312 338.24 81
342.432 342.496 57
354.528 354.592 73
356.256 356.512 57
360.064 360.544 57
363.424 364.48 52
