2.976 3.264 59
3.904 4.224 59
6.048 6.24 69
6.176 6.24 64
8.992 9.504 76
11.712 11.744 37
11.712 11.776 32
11.712 11.776 44
14.848 15.104 59
15.744 16.032 59
17.888 18.048 69
18.144 18.432 69
18.656 18.912 63
23.616 23.936 40
28.352 28.864 61
29.184 29.344 61
30.336 31.648 61
31.136 31.2 42
36.8 37.312 67
38.72 38.816 66
41.216 41.472 63
42.016 42.272 63
42.272 42.56 63
45.44 45.6 56
47.2 47.456 59
48.096 48.416 59
50.528 50.752 69
51.008 51.264 63
52.256 52.288 71
56.512 56.544 56
57.76 57.824 31
59.072 59.456 67
60.128 60.384 66
62.784 63.2 62
63.648 63.808 53
63.904 64.16 54
65.088 65.568 61
74.912 75.168 63
75.168 75.424 63
76.192 76.48 63
79.36 79.52 56
80.416 80.544 69
81.12 81.408 59
82.048 82.336 59
86.176 86.272 71
86.784 87.104 62
88.544 89.024 52
90.976 91.264 62
92.224 93.248 76
