10.56 10.624 60
11.648 11.744 59
11.744 11.904 50
12.0 12.16 59
12.128 12.32 50
12.384 12.512 59
12.736 12.896 59
13.12 13.28 59
13.248 13.408 53
13.504 13.536 59
13.888 14.016 55
25.664 25.824 77
25.888 26.272 62
25.92 25.952 41
26.144 26.176 34
26.752 26.912 38
26.752 26.976 26
27.776 27.872 52
30.4 30.56 60
30.88 31.2 69
31.264 31.424 77
31.488 31.872 62
31.744 31.776 34
31.968 32.0 26
32.352 32.416 38
33.184 33.472 32
33.664 33.696 31
37.536 37.632 60
38.144 38.24 62
38.784 38.976 59
40.544 40.768 53
40.96 41.216 60
41.408 41.632 62
42.528 42.624 52
43.968 44.096 64
46.784 46.88 60
47.168 47.328 60
47.616 47.744 59
47.744 48.416 44
51.744 52.16 69
59.712 60.704 41
60.896 62.08 40
61.408 61.824 60
62.944 63.392 41
64.352 64.416 55
65.152 65.952 41
66.432 66.752 60
67.616 67.936 41
67.616 68.32 60
67.936 68.384 41
68.384 68.768 52
68.864 69.632 60
70.464 70.496 43
73.984 74.592 41
75.52 75.968 62
79.264 79.712 41
80.544 80.608 40
81.824 82.24 41
82.688 83.552 63
83.744 84.704 41
85.664 86.048 54
85.664 86.272 50
86.944 87.36 50
87.36 87.872 52
89.408 89.856 41
90.72 90.944 64
90.72 91.072 40
91.168 91.2 53
94.144 94.368 60
94.368 95.232 60
95.872 96.384 52
96.896 97.216 57
100.704 100.864 76
106.72 106.784 57
106.944 107.04 60
107.296 107.392 59
107.424 107.68 60
108.0 108.16 59
108.256 108.416 53
108.384 108.48 59
108.512 108.64 50
108.768 108.832 59
108.864 109.216 50
109.12 109.28 59
109.632 109.888 53
109.888 110.048 59
122.432 122.688 62
122.912 123.072 59
123.04 123.168 58
123.168 123.232 57
123.168 123.52 72
123.296 123.456 57
123.52 123.904 69
123.52 123.968 60
123.904 124.064 33
123.904 124.192 77
124.128 124.288 81
124.256 124.32 84
129.504 129.632 33
129.728 129.888 81
129.856 130.048 84
130.272 130.464 43
132.448 132.608 71
132.832 132.992 71
133.696 133.856 54
135.008 135.168 69
135.392 135.552 69
135.808 135.968 69
137.152 137.344 64
139.584 139.712 59
140.032 140.128 47
141.152 141.408 66
141.472 141.6 59
141.856 141.984 59
141.856 141.984 75
142.24 142.368 78
142.24 142.4 59
142.24 142.432 75
143.808 143.904 64
144.672 144.832 57
145.184 145.728 52
146.688 146.912 41
147.936 148.32 57
147.936 148.32 60
149.248 149.312 59
149.248 149.344 76
149.824 150.144 55
150.528 150.624 55
150.624 152.064 55
157.12 157.824 60
170.048 170.912 76
182.72 183.136 64
195.232 195.648 53
202.88 203.584 69
205.472 206.176 44
206.816 207.552 56
207.552 207.776 56
207.84 209.056 44
208.224 208.992 56
213.216 213.408 44
215.84 216.256 51
216.064 216.704 61
227.776 227.808 55
229.056 229.152 86
235.872 235.904 56
237.888 237.952 64
239.008 239.072 64
240.256 240.352 56
240.896 240.928 56
251.264 251.392 62
251.36 251.584 60
251.488 251.616 59
251.584 251.872 60
251.968 252.256 77
252.192 252.928 62
252.448 252.48 34
252.832 252.864 43
253.056 253.28 26
253.888 254.112 44
258.016 258.304 69
258.656 258.784 77
258.88 259.392 62
259.008 259.776 50
259.488 259.712 43
259.744 260.0 26
260.192 260.416 40
260.576 260.8 44
261.024 261.184 74
261.28 261.632 62
261.376 262.144 50
262.144 262.176 41
263.872 263.968 63
264.512 264.672 57
264.512 264.832 69
266.112 266.56 64
266.56 266.752 64
266.752 266.88 79
266.752 267.424 64
267.2 267.584 58
270.848 271.072 40
273.472 273.664 57
286.048 286.464 64
289.952 291.136 47
290.72 291.104 54
292.032 292.416 59
302.176 302.56 59
307.552 307.68 64
307.936 308.064 64
308.8 309.216 59
309.984 310.112 62
310.368 310.496 62
310.56 310.624 79
312.544 312.928 70
312.544 312.96 62
313.664 313.92 60
314.144 314.72 62
321.504 321.568 53
322.848 322.976 60
323.136 323.168 60
323.84 323.968 57
