0.512 0.704 58
1.6 1.632 67
2.24 2.496 69
3.872 3.936 44
4.768 4.928 58
5.536 6.08 51
8.992 9.152 24
8.992 9.28 60
12.352 12.512 51
13.248 14.144 60
14.656 14.976 60
16.608 16.8 42
16.608 16.8 54
18.944 19.072 56
22.368 22.464 63
23.04 23.168 68
31.744 32.832 60
36.16 36.896 58
39.52 40.224 47
39.872 39.936 58
39.872 40.32 34
43.2 44.672 58
45.472 45.6 34
45.504 45.6 39
47.872 48.0 34
49.184 49.28 58
49.728 50.368 58
50.368 50.496 58
51.488 51.584 39
52.064 52.608 51
53.792 53.92 58
57.248 57.376 58
61.344 61.76 51
61.504 61.568 39
61.568 62.496 39
63.04 63.136 58
65.312 65.408 58
66.496 66.656 58
68.896 69.024 34
72.416 72.544 57
73.888 74.112 63
74.624 74.752 58
75.648 75.744 34
75.744 75.776 44
77.76 77.952 63
77.952 78.08 58
82.88 83.008 63
83.008 83.136 63
83.584 83.648 58
84.608 84.704 34
85.632 85.728 44
86.336 86.4 58
86.944 87.008 34
86.944 87.072 39
88.064 88.192 51
88.576 88.608 58
97.056 97.12 92
97.504 97.536 70
101.76 101.792 70
101.92 102.016 60
102.4 102.464 75
103.488 103.552 58
106.016 106.784 39
106.976 107.104 56
107.168 107.264 57
107.616 107.68 51
112.352 112.448 57
112.576 112.704 56
113.312 113.408 58
115.072 115.104 67
115.072 115.84 39
116.0 116.128 56
116.192 116.288 57
118.368 118.528 79
119.488 119.616 51
122.688 122.752 44
123.936 124.0 34
123.936 124.032 43
126.272 126.336 34
127.488 127.584 58
128.384 130.112 39
131.232 131.264 34
133.152 133.472 51
136.192 136.256 34
137.408 137.536 58
138.336 140.032 39
138.848 139.776 55
143.616 143.776 39
143.648 143.68 43
143.648 143.776 58
145.248 145.28 70
145.664 145.728 65
146.08 146.336 63
146.08 146.464 60
146.336 146.464 63
151.584 151.68 53
153.12 153.472 63
154.304 154.656 60
154.56 154.72 63
156.16 156.192 34
159.552 159.712 64
159.776 159.808 51
160.576 160.96 67
160.576 161.312 68
162.528 162.784 51
162.816 163.168 63
163.84 164.0 86
164.608 164.672 31
172.768 172.96 65
187.776 187.84 42
188.384 188.416 34
191.04 191.104 51
191.648 191.712 41
193.536 193.568 51
196.032 196.128 51
197.856 198.56 39
199.04 199.328 46
199.904 200.192 39
200.192 200.736 39
200.704 200.8 62
201.728 202.176 39
202.336 202.528 58
202.336 202.784 39
203.296 203.392 58
205.504 205.888 58
206.688 207.136 39
209.12 209.152 63
214.016 214.08 63
214.4 214.656 63
217.344 217.44 53
218.112 219.616 60
219.296 219.968 63
219.616 220.192 60
225.12 225.152 50
229.632 229.696 50
230.016 230.08 50
230.304 230.432 41
230.976 231.136 63
233.696 233.824 58
234.368 234.432 58
235.008 235.104 32
235.68 235.808 58
238.4 238.496 44
240.8 240.896 50
241.12 241.184 50
241.792 241.856 70
241.792 241.952 63
243.808 243.936 58
248.448 248.48 32
249.12 249.248 58
251.136 251.168 32
253.28 253.376 88
253.76 253.824 79
254.24 254.368 89
254.528 254.656 89
254.56 254.656 92
255.776 255.808 58
255.776 255.84 32
256.448 256.768 63
256.768 256.8 58
257.088 257.376 63
257.44 257.792 63
258.432 258.56 58
259.072 259.392 63
259.68 259.712 66
259.744 260.096 63
261.184 261.216 58
261.184 261.248 32
261.888 262.176 63
262.56 262.816 63
262.912 263.04 67
262.912 263.264 63
263.584 263.776 65
263.744 263.84 53
263.776 263.872 65
264.544 264.608 63
273.664 273.76 58
277.568 277.696 58
280.448 280.608 67
280.576 280.608 51
280.896 281.088 58
282.624 282.944 67
282.784 282.944 55
283.168 283.2 58
284.064 284.16 51
284.192 284.256 89
284.448 284.64 56
284.864 285.12 67
286.624 286.784 56
289.6 289.632 51
289.888 290.08 58
291.616 291.744 58
293.248 293.472 56
293.696 293.792 67
294.304 294.464 70
295.424 295.552 70
295.616 295.68 68
296.224 296.384 91
296.224 296.704 39
296.416 296.608 63
296.608 296.736 63
297.056 297.536 62
298.816 298.944 63
299.2 299.232 44
299.808 299.904 70
299.904 300.032 70
300.672 300.864 91
301.024 301.152 63
301.472 302.304 62
302.848 302.88 46
302.944 303.488 39
303.552 304.256 56
303.552 304.288 41
304.352 306.016 43
304.992 306.24 60
308.64 308.768 91
313.76 314.048 62
316.0 316.416 60
316.288 316.672 53
316.832 316.96 65
322.176 322.304 58
324.768 324.864 67
328.672 328.768 58
331.04 331.136 75
331.968 332.0 68
333.248 333.312 75
333.44 333.472 71
333.92 334.016 77
334.72 334.752 100
336.128 336.224 99
337.792 337.888 63
340.352 340.48 63
344.352 344.416 69
346.56 346.752 31
347.424 347.456 58
347.424 347.52 32
347.744 347.936 50
348.384 348.416 58
348.704 349.024 63
349.024 349.088 79
349.024 349.376 51
349.344 349.376 65
349.984 350.016 58
350.592 350.816 63
350.912 351.136 79
351.168 351.232 66
351.232 351.552 63
352.576 352.64 58
352.576 352.704 32
353.248 353.536 63
353.888 354.048 63
354.048 354.208 63
354.912 354.976 64
355.232 355.264 58
355.52 355.744 62
355.84 355.936 63
356.16 356.448 51
356.16 356.864 39
356.448 356.832 51
356.448 356.832 58
356.448 356.992 63
356.832 356.96 51
357.472 357.664 39
357.472 357.888 51
362.336 362.464 44
362.464 362.784 56
363.2 363.264 58
363.776 364.032 58
364.384 364.48 51
364.864 365.088 79
364.864 365.248 51
365.952 366.016 34
371.776 371.808 35
371.776 371.904 34
377.024 377.056 44
377.76 377.792 56
378.048 378.08 42
388.48 388.64 63
389.152 389.28 55
391.52 391.648 51
397.12 397.28 63
397.824 397.888 55
398.88 398.912 56
398.88 398.944 59
399.744 399.776 58
399.744 399.872 51
402.848 402.976 67
402.848 403.008 51
403.04 403.136 61
403.616 403.744 47
404.48 404.544 58
404.864 405.184 51
405.952 405.984 55
405.952 406.048 39
406.656 406.688 31
406.656 406.72 44
408.512 408.896 44
409.952 410.464 44
410.944 411.104 51
411.456 411.776 59
411.616 411.84 47
411.808 411.904 54
412.384 412.416 63
412.736 412.8 44
413.248 413.344 63
413.984 414.112 63
415.808 416.0 59
416.928 416.992 49
417.088 417.632 44
417.312 417.632 51
417.664 417.728 63
422.08 422.208 66
431.168 431.36 47
432.224 432.288 43
432.8 432.928 66
433.344 433.632 54
433.856 434.304 47
434.144 434.272 59
434.368 434.656 62
434.88 435.008 66
437.76 437.792 43
440.416 440.448 62
440.992 441.088 64
442.176 442.208 62
442.176 442.24 59
445.504 445.6 64
449.984 450.4 59
451.712 451.744 44
453.12 453.152 66
458.496 460.448 59
458.752 460.512 78
460.512 461.376 52
461.504 461.536 78
463.296 463.968 76
463.776 464.256 64
465.536 466.112 64
467.968 468.0 36
468.288 468.512 64
476.864 476.96 63
477.568 477.664 44
480.064 480.16 63
481.152 481.216 51
482.912 483.104 63
483.616 483.744 60
483.616 483.808 48
485.024 485.248 48
485.024 485.28 60
485.728 485.76 48
485.728 485.888 52
485.92 486.816 40
486.432 486.624 60
486.784 486.912 59
487.488 487.552 55
488.224 488.32 43
488.544 488.736 64
488.736 489.248 60
488.736 489.312 40
489.28 489.312 31
489.472 489.632 69
489.984 490.176 54
490.72 490.752 50
490.912 491.104 69
491.616 492.16 85
491.616 492.192 73
491.616 492.224 37
492.352 492.384 69
492.896 493.056 54
492.896 493.152 33
494.016 494.24 78
495.552 495.744 50
497.184 497.536 44
497.824 497.856 58
498.208 498.336 49
499.84 500.032 49
500.032 500.352 49
500.416 500.544 49
500.736 500.896 37
501.152 501.312 37
501.152 501.728 58
501.728 501.952 58
502.272 502.656 58
503.232 503.392 49
503.584 503.712 53
504.512 504.608 44
505.664 505.888 75
507.168 507.424 71
511.04 511.136 51
511.616 511.712 50
512.32 512.512 51
512.512 513.248 42
512.608 512.992 51
512.608 513.632 39
512.864 513.376 37
513.248 513.984 42
513.6 513.824 37
513.984 514.208 42
514.144 514.272 37
515.808 516.352 37
516.544 516.768 37
516.768 516.928 58
517.472 518.048 58
518.048 518.24 58
518.624 518.944 37
518.624 519.008 58
519.552 519.584 44
519.552 519.712 49
519.904 520.032 53
520.064 520.288 54
521.952 521.984 44
523.456 523.584 71
523.808 523.904 66
523.84 523.936 37
525.856 526.016 66
526.912 526.976 58
526.912 526.976 65
528.672 528.96 49
528.96 529.056 69
529.824 529.952 63
530.08 530.176 62
530.368 530.432 41
530.912 531.872 39
531.168 531.424 43
531.424 531.904 58
531.52 532.16 43
531.68 531.712 37
531.68 531.744 32
531.68 532.16 68
531.936 531.968 32
531.936 532.16 75
531.936 532.224 44
532.192 532.704 69
533.504 533.728 39
533.728 533.984 39
533.984 534.336 39
535.072 536.224 38
535.328 535.712 50
535.584 535.84 62
536.064 536.352 44
536.096 536.384 70
536.352 536.864 69
537.888 538.144 39
538.144 538.4 75
538.144 538.816 39
538.784 538.88 52
538.784 539.136 60
539.808 540.512 43
539.968 540.0 32
539.968 540.0 37
540.192 540.512 44
540.224 540.352 63
540.48 540.992 69
541.408 541.76 39
541.76 542.016 39
542.016 542.272 39
542.272 542.56 63
542.272 542.592 87
542.272 542.656 39
543.072 543.104 50
543.072 543.296 51
543.584 544.352 50
544.352 544.608 44
545.92 546.176 39
546.176 546.432 39
546.176 546.624 75
546.432 546.656 63
546.432 546.72 79
546.432 547.136 87
546.432 547.168 39
547.232 547.68 75
547.744 548.288 39
548.0 548.416 58
548.384 548.608 67
548.512 548.64 63
548.608 549.312 67
548.64 548.864 79
548.64 549.28 63
549.888 550.08 58
550.08 550.304 58
550.08 550.56 39
550.304 550.88 58
550.56 550.688 39
550.56 550.688 63
550.56 550.72 79
550.688 550.848 39
550.688 550.848 63
550.72 550.88 79
550.848 551.168 75
550.848 551.36 63
550.848 551.648 39
551.392 551.648 50
551.648 551.968 38
551.776 552.16 53
552.128 552.416 50
552.256 552.416 43
552.384 552.672 44
552.384 552.928 58
552.64 552.928 55
552.928 552.992 41
553.728 554.496 63
554.208 554.72 39
554.24 554.656 58
554.496 554.72 63
554.592 555.008 67
554.72 554.848 39
554.72 555.008 79
554.72 555.072 63
554.848 554.976 39
554.976 555.328 27
554.976 555.424 91
554.976 555.52 39
556.16 557.024 58
556.288 556.832 51
556.544 556.8 63
556.672 557.088 67
556.8 556.928 63
556.928 557.536 63
557.856 558.112 63
558.112 558.624 51
558.208 558.368 67
558.208 558.624 63
558.368 558.624 58
558.368 558.816 67
558.368 558.88 39
558.624 558.88 58
558.624 559.2 51
558.88 558.976 39
558.88 559.008 63
558.976 559.456 39
559.008 559.552 63
559.136 559.424 75
559.68 559.808 44
559.936 559.968 62
559.936 560.352 38
560.064 560.64 53
560.192 560.576 46
560.704 560.96 58
560.96 561.216 58
561.856 562.016 39
562.016 562.656 51
562.4 562.528 39
562.528 563.168 39
562.656 563.872 51
562.88 563.328 79
563.008 563.168 63
563.168 564.064 39
563.296 564.16 63
564.032 564.288 68
564.16 564.288 75
564.352 564.576 70
564.48 564.736 68
565.408 565.632 75
567.04 567.584 75
567.264 567.52 63
567.392 567.552 82
567.52 567.808 63
567.776 567.872 68
568.0 568.256 67
568.096 568.384 70
568.448 569.024 67
569.184 569.376 75
569.28 569.472 63
569.76 569.92 79
570.208 570.368 58
570.208 570.4 82
570.336 570.624 75
570.784 571.072 63
571.264 571.36 44
571.264 571.52 68
571.36 571.744 44
571.584 571.744 48
571.84 572.16 60
572.064 572.192 56
572.064 572.224 51
572.064 572.224 68
572.064 572.224 80
572.288 572.576 58
572.64 572.896 63
572.864 573.12 67
572.96 573.248 43
574.112 574.496 70
574.464 574.72 63
574.688 574.944 91
574.784 575.008 43
575.04 575.264 44
575.264 575.424 44
575.392 575.648 75
575.488 575.648 63
575.488 575.808 51
575.488 575.808 60
575.616 575.872 44
575.712 575.872 68
575.712 575.872 80
575.936 576.256 58
576.288 576.544 63
576.512 576.768 67
576.608 576.8 43
576.864 576.992 46
577.088 577.152 57
577.76 578.144 70
578.112 578.24 63
578.24 578.432 63
578.464 578.592 51
578.688 579.072 44
579.136 579.456 51
579.136 579.488 63
579.136 579.52 60
579.488 579.968 63
579.584 579.936 58
579.936 580.256 58
580.384 580.736 62
580.704 580.832 63
581.568 581.696 91
582.208 582.496 68
583.04 583.264 64
583.232 583.296 58
583.328 583.52 63
583.456 583.584 64
584.064 584.192 64
586.016 586.144 41
586.208 586.464 37
586.976 587.136 58
587.168 587.296 38
588.256 588.416 34
588.256 588.48 63
588.48 588.704 58
588.704 589.12 58
589.312 589.536 34
589.984 590.144 34
590.208 590.496 58
590.464 590.656 60
590.688 590.72 32
590.688 590.816 44
592.704 593.024 75
593.536 593.728 67
593.76 593.792 50
593.76 593.792 62
594.176 594.4 58
594.4 594.592 63
594.592 594.88 63
596.512 596.736 49
596.736 596.96 63
597.664 597.824 60
597.888 597.92 32
597.888 598.08 44
599.552 599.808 60
600.448 600.736 60
601.472 601.696 73
601.696 601.92 61
602.112 602.24 77
602.56 602.784 58
602.56 602.784 67
602.56 602.816 63
602.784 603.008 46
602.976 603.264 58
603.232 603.488 60
603.488 603.52 32
603.488 603.584 44
604.576 604.704 70
605.024 605.184 49
605.184 605.408 72
605.408 605.792 60
605.824 605.856 33
605.824 606.112 41
605.824 606.144 77
606.112 606.304 60
606.336 606.528 51
606.592 606.752 46
606.624 606.72 50
607.488 607.84 79
608.0 608.32 70
608.544 608.608 91
608.544 608.672 63
608.8 609.6 66
610.4 610.496 88
611.168 611.328 78
611.808 612.16 67
612.352 612.672 44
612.672 612.768 69
613.184 613.376 58
613.376 613.568 58
613.568 613.856 63
613.664 613.92 58
614.368 614.592 58
614.592 614.72 70
614.592 614.752 58
614.912 615.488 68
615.456 615.52 67
615.968 616.288 87
616.0 616.224 82
616.192 616.32 51
616.416 616.864 52
617.088 617.216 52
617.92 618.176 47
618.24 618.816 60
619.424 619.808 67
619.968 620.288 44
620.288 620.448 69
621.024 621.216 58
621.312 621.408 58
621.408 621.504 58
621.408 621.536 63
621.92 622.016 63
622.016 622.112 63
622.016 622.304 58
622.112 622.368 63
623.04 623.264 58
624.16 624.384 62
624.448 624.576 38
624.96 624.992 40
625.44 625.696 40
625.568 625.664 39
625.664 625.856 39
625.856 625.984 70
625.952 626.048 39
626.048 626.304 79
626.048 626.368 39
626.048 626.464 87
626.176 626.272 70
626.272 626.336 27
626.272 626.336 70
626.368 626.464 39
626.464 626.656 39
626.464 626.688 87
626.656 626.784 70
626.784 626.976 39
626.976 627.072 39
627.072 627.296 70
627.168 627.264 39
627.264 627.84 39
627.456 627.552 70
627.68 627.872 87
628.0 628.288 39
628.384 628.48 39
628.416 628.48 63
628.48 628.8 39
628.704 628.768 70
628.8 628.96 75
628.8 629.12 39
629.12 629.568 39
629.568 629.984 75
630.08 630.304 79
630.08 630.528 51
630.816 631.36 63
631.808 632.224 58
631.808 632.224 63
632.224 632.512 58
632.224 632.928 63
632.512 632.768 58
632.768 632.96 58
