5.888 8.96 68
9.792 10.656 60
9.952 11.264 51
11.264 11.328 41
16.544 16.576 42
17.344 17.408 42
20.416 20.672 63
20.672 20.96 63
20.96 21.6 75
21.376 21.6 58
21.952 21.984 99
26.176 26.464 56
26.496 27.2 85
27.808 27.904 73
28.96 29.28 51
29.536 29.824 51
31.616 31.872 63
33.248 33.632 44
36.64 36.896 51
37.216 37.376 55
43.072 43.328 51
45.344 45.664 51
46.88 47.168 60
50.144 50.464 51
50.464 50.72 55
50.72 51.008 51
51.008 51.072 58
51.328 51.936 63
56.48 56.704 73
61.92 62.24 68
62.656 64.64 56
64.064 64.544 66
65.472 65.6 63
65.6 66.144 63
65.6 67.04 68
66.144 66.368 63
66.368 67.04 63
73.12 73.536 56
73.536 74.144 56
75.936 76.256 68
78.304 78.624 66
81.344 81.376 75
81.472 81.6 66
81.6 81.76 66
81.76 82.048 66
81.888 82.048 56
82.048 82.176 66
82.048 82.304 56
82.176 82.816 66
82.304 82.752 56
85.76 85.824 60
93.216 94.944 56
96.736 98.048 56
102.144 102.272 44
104.384 104.608 68
106.144 106.176 43
107.936 108.128 56
114.496 114.528 43
125.216 125.28 66
125.856 126.08 66
136.864 138.144 56
144.96 145.856 56
147.648 148.992 56
150.368 150.72 56
150.944 152.192 56
153.344 154.304 56
154.528 155.2 56
157.472 157.856 63
158.688 160.352 60
164.096 164.672 58
164.672 165.024 58
165.248 166.816 58
167.072 167.52 58
167.712 168.608 56
168.832 169.44 56
169.44 171.04 53
171.808 172.16 58
172.384 173.952 58
172.768 172.864 54
174.208 174.656 58
174.848 175.744 56
175.968 176.576 56
176.576 178.176 53
178.944 179.296 63
179.552 180.8 63
180.192 181.088 60
181.344 181.824 60
181.376 181.728 63
192.672 192.736 58
193.568 193.824 58
195.264 195.584 57
196.128 196.96 41
196.96 197.824 41
199.52 199.744 58
201.504 201.824 58
207.168 207.424 58
209.152 209.184 58
211.136 211.456 66
211.68 211.936 60
211.68 212.032 63
215.072 216.0 42
216.288 216.576 42
217.12 217.696 41
217.696 218.272 41
220.96 221.216 58
226.304 227.712 41
227.744 228.0 58
228.032 228.608 61
256.608 256.896 51
256.896 257.216 51
258.656 259.808 56
270.048 271.36 56
277.568 278.016 56
286.368 286.688 56
292.288 292.736 58
293.728 293.952 58
294.88 296.064 49
296.352 296.992 56
296.672 297.152 61
296.864 297.536 68
303.264 303.456 56
303.456 304.64 49
304.16 304.448 56
304.16 305.12 65
306.08 306.176 60
307.456 307.68 66
311.328 311.552 61
311.328 311.968 56
314.496 316.096 60
323.872 324.192 60
324.48 324.736 60
325.44 326.048 60
329.664 330.72 49
332.576 333.184 66
333.184 333.44 66
333.472 333.696 60
333.76 335.264 60
346.144 346.464 63
346.432 346.752 90
346.432 346.944 68
346.464 346.784 63
350.208 350.816 56
351.328 351.392 68
351.968 352.064 68
355.328 355.84 56
355.968 357.152 73
357.152 357.728 73
358.976 359.424 56
359.584 360.672 73
360.8 361.408 73
361.408 362.432 73
363.584 364.064 44
365.568 367.744 44
375.488 375.552 41
