7.36 7.84 53
7.52 7.872 58
11.744 11.84 71
15.136 15.2 78
17.312 17.44 63
22.88 23.04 63
23.136 23.488 62
30.368 30.464 63
30.464 30.592 63
31.04 31.232 68
31.136 31.52 58
33.504 33.728 63
35.328 35.456 58
36.928 36.992 55
44.384 44.736 58
45.952 46.08 58
47.552 47.744 58
49.856 50.016 77
51.84 51.872 49
52.928 53.056 77
52.928 53.184 58
53.76 54.08 51
54.08 54.208 59
54.496 54.784 55
54.784 54.912 63
55.072 55.2 53
55.104 55.136 68
56.384 56.672 58
57.344 57.92 53
57.44 57.696 77
60.704 60.8 60
61.44 61.6 60
63.68 63.776 60
64.416 64.64 60
66.368 66.432 59
67.584 67.616 58
69.984 70.176 44
70.08 70.112 87
70.784 70.976 60
70.848 71.04 70
70.944 71.168 58
71.296 71.744 50
72.0 72.256 62
72.0 72.352 50
73.344 73.856 58
73.504 73.6 65
73.664 73.888 78
73.984 74.08 68
74.304 74.56 63
74.592 75.04 47
75.04 75.2 66
75.104 75.264 63
75.2 75.36 75
75.36 75.52 57
76.16 76.256 71
77.024 77.12 64
82.432 82.56 68
82.976 83.072 86
83.168 83.264 61
83.968 84.032 56
84.256 84.384 49
84.64 84.768 56
85.28 85.376 58
85.92 86.048 59
87.744 87.872 49
87.968 88.064 53
89.024 89.28 50
89.6 89.728 47
89.984 90.144 37
91.712 92.128 43
91.776 91.904 62
92.096 92.16 68
92.096 92.192 50
92.096 92.192 53
92.096 92.192 74
92.256 92.384 73
93.024 93.152 73
97.12 97.152 64
98.112 98.176 70
98.464 98.496 70
99.168 99.264 67
107.424 107.52 56
107.52 107.776 56
110.432 110.688 56
112.96 113.056 57
113.056 113.312 57
115.872 116.288 57
118.496 118.752 80
119.52 119.584 54
120.352 120.448 56
125.728 125.76 66
126.72 126.816 44
127.456 127.584 73
129.92 130.144 62
130.368 130.496 73
132.096 132.128 33
132.832 133.056 62
134.016 134.432 41
134.528 134.656 77
135.584 135.968 41
136.512 136.608 58
136.608 136.704 58
137.056 137.184 78
137.44 137.792 58
137.536 137.792 70
137.952 138.08 53
137.952 138.144 58
139.872 140.16 59
140.16 140.288 99
140.736 140.96 51
141.536 141.664 49
141.536 141.856 58
141.632 141.76 57
141.824 142.016 67
145.792 145.984 41
145.984 146.208 41
147.712 148.032 38
147.808 148.16 50
150.528 150.848 44
152.096 152.128 68
152.864 152.896 42
153.664 153.76 40
155.328 155.392 31
156.608 156.736 62
156.896 156.928 31
156.896 157.28 44
158.944 159.072 61
159.232 159.36 68
159.232 159.488 59
159.264 159.328 66
160.192 160.32 65
161.024 161.152 69
172.96 172.992 26
173.952 174.048 56
174.208 174.336 60
174.336 174.432 59
179.008 179.04 60
181.216 181.28 44
181.216 181.28 56
182.016 182.112 60
182.752 182.912 60
184.672 184.768 57
186.24 186.272 65
186.368 186.624 86
187.136 187.232 71
193.792 193.952 70
193.952 194.432 70
