9.408 9.824 44
21.184 21.664 37
32.192 32.352 56
33.472 33.504 37
38.976 39.168 49
39.808 40.0 49
39.808 40.288 56
40.0 40.224 37
40.672 41.952 63
41.088 41.28 49
41.536 41.728 69
41.952 42.368 37
42.784 43.232 49
42.784 43.232 56
45.76 46.496 37
46.624 48.288 53
47.04 47.136 56
48.704 49.056 56
48.704 49.088 49
49.152 49.568 49
49.984 50.176 49
49.984 50.176 56
50.176 50.88 56
50.848 52.128 63
51.712 52.16 69
52.128 52.544 37
54.24 54.656 49
56.768 57.088 61
60.256 61.44 44
73.248 73.568 66
90.048 90.112 73
90.048 90.336 56
91.072 91.296 62
91.296 91.328 56
91.68 92.16 62
92.544 93.44 58
92.928 93.376 56
110.048 114.592 44
