1.856 1.92 45
2.88 2.944 59
13.088 13.152 59
23.488 23.712 59
24.896 24.992 69
25.216 25.312 69
28.768 28.864 62
33.312 33.376 59
39.104 39.136 59
53.632 53.728 64
53.792 53.984 64
55.232 55.776 65
57.44 57.6 76
58.848 59.168 60
59.968 60.128 76
61.408 61.696 60
62.048 62.112 52
64.352 64.384 56
65.632 65.792 69
69.088 69.44 64
70.528 70.72 64
74.176 74.336 40
80.704 80.768 59
97.536 97.728 67
99.264 99.456 55
101.184 101.344 64
102.144 102.56 64
102.304 102.688 67
103.296 103.648 60
103.648 104.0 72
104.0 104.352 60
104.352 104.576 55
104.352 104.736 60
104.736 104.864 55
104.736 105.696 60
