5.824 5.856 44
6.368 6.976 60
16.384 16.832 51
20.512 21.76 53
39.84 40.992 76
49.184 49.664 64
49.696 51.296 57
61.28 61.792 52
69.12 69.216 66
70.976 71.36 62
75.872 76.736 53
95.36 95.456 66
100.16 100.48 62
108.224 108.672 63
111.872 112.736 60
115.648 116.32 58
118.048 118.752 58
120.0 120.768 62
121.888 123.008 53
124.768 125.152 57
147.872 148.352 51
149.696 150.144 57
152.064 153.216 53
162.688 163.04 60
162.688 163.136 56
166.848 167.104 59
167.648 168.384 58
183.808 183.84 63
200.704 200.8 59
204.416 205.024 79
221.792 221.856 77
224.448 224.672 67
226.912 227.168 59
230.752 231.008 62
231.008 231.296 62
231.776 232.128 63
235.392 236.672 63
237.824 238.624 50
239.456 240.32 50
253.376 253.408 62
