0.512 0.8 57
0.512 0.96 62
2.592 2.72 81
5.856 5.92 62
7.488 7.584 81
23.296 23.52 69
24.16 24.288 69
25.184 25.248 69
25.376 25.472 69
25.568 25.664 69
25.76 26.08 69
31.104 31.168 76
34.048 34.112 59
35.328 35.392 59
36.224 36.352 59
40.928 41.024 57
41.152 41.248 59
42.016 42.08 57
44.448 44.576 59
44.64 44.672 57
44.864 44.928 56
45.28 45.376 57
50.4 50.56 57
55.456 55.488 42
59.136 59.808 52
61.504 61.792 68
63.008 63.36 62
64.992 65.504 52
67.296 67.328 57
67.296 67.68 62
69.376 69.504 81
72.64 72.672 62
86.752 86.848 59
90.976 91.136 69
92.0 92.064 69
92.192 92.288 69
92.384 92.48 69
92.608 92.928 69
100.896 100.96 59
103.072 103.136 59
108.0 108.096 59
111.488 111.552 57
111.712 111.744 56
112.128 112.224 57
122.656 122.688 42
124.256 124.416 57
128.608 128.672 41
129.888 130.24 62
131.84 132.384 52
140.352 140.448 54
140.544 140.832 54
145.728 145.76 73
146.112 146.368 57
146.752 146.848 54
146.976 147.232 54
147.424 147.552 52
147.616 147.648 50
148.8 148.928 59
149.568 150.4 56
150.752 150.976 58
150.976 151.456 58
151.744 151.84 69
154.368 154.56 73
157.248 157.44 58
159.84 160.064 42
163.616 163.744 57
164.128 164.928 62
164.128 165.184 67
167.36 167.52 69
168.128 168.448 60
168.128 168.608 76
170.56 170.688 59
172.992 173.216 60
174.4 174.56 69
175.168 175.456 60
176.928 177.024 59
190.048 190.144 79
191.776 191.84 62
192.288 192.416 58
192.704 192.832 69
200.48 200.576 69
200.672 200.768 69
200.864 200.96 69
201.088 201.568 69
216.864 216.928 73
229.088 229.12 55
233.664 233.696 52
233.856 233.952 52
234.4 234.592 62
235.2 235.296 59
235.968 236.0 67
236.288 236.704 62
236.288 236.768 66
238.368 238.464 81
243.264 243.328 81
245.76 245.824 57
247.2 247.424 74
248.928 249.248 69
249.76 249.888 54
253.6 254.176 69
254.848 255.008 88
256.352 256.96 67
258.848 259.52 64
