1.408 1.44 51
2.368 2.496 51
2.592 2.784 67
3.584 3.712 63
4.064 4.224 68
6.848 6.976 53
7.424 7.52 41
9.76 9.952 79
9.76 10.08 46
9.856 10.208 58
10.368 10.624 63
10.56 10.688 79
10.976 11.136 63
12.448 12.512 63
13.152 13.344 59
15.36 15.52 63
17.152 17.248 42
19.36 19.392 73
20.992 21.088 58
23.168 23.232 62
23.264 23.392 58
28.0 28.288 60
28.416 28.512 59
28.608 28.928 53
28.8 28.864 49
28.896 28.992 56
30.432 30.688 58
30.464 30.528 70
30.816 31.04 51
31.68 32.0 51
31.776 31.968 79
32.064 32.288 58
32.192 32.384 75
32.352 32.544 58
32.352 32.704 63
32.448 32.672 79
34.336 34.56 51
36.224 36.384 53
37.792 37.952 56
39.168 39.36 79
39.36 39.488 67
39.584 39.776 63
39.584 39.84 75
39.776 40.096 63
40.352 40.512 59
41.152 41.248 66
41.504 41.536 89
41.568 41.6 43
42.272 42.496 60
42.56 42.752 68
42.976 43.072 56
43.776 43.904 44
45.056 45.184 77
47.904 48.032 67
50.048 50.144 63
50.56 50.72 53
57.312 57.472 75
57.952 58.112 43
60.448 60.608 43
60.704 60.896 63
60.992 61.152 63
62.816 62.944 58
63.424 63.552 51
63.808 63.872 51
63.808 64.992 63
64.768 65.184 39
65.728 67.2 79
67.168 67.264 58
