3.488 4.416 53
9.472 10.208 53
10.496 10.848 60
14.592 14.88 41
20.704 21.6 44
22.368 22.528 33
22.496 22.56 32
22.912 23.104 32
23.104 23.296 32
23.296 24.928 32
23.488 23.552 56
42.08 42.528 40
42.528 43.52 40
43.488 44.48 42
47.872 47.904 31
48.096 48.16 37
54.304 54.816 36
55.712 57.696 53
55.744 57.728 41
55.744 57.792 57
59.68 60.128 51
62.656 63.616 53
65.696 66.24 60
67.52 69.216 41
71.648 71.712 57
79.168 79.2 32
99.84 99.904 50
105.344 105.76 63
108.672 108.736 31
110.976 111.648 63
111.616 111.68 50
134.848 135.232 51
134.848 135.264 48
137.504 138.272 39
140.512 140.896 58
143.52 144.288 67
143.52 144.32 43
144.256 145.792 50
146.272 147.264 63
160.544 161.504 58
161.536 163.36 51
164.512 165.44 53
166.528 167.424 53
167.552 168.224 60
171.648 171.712 41
177.568 178.688 34
178.624 179.392 58
179.456 179.584 34
179.456 179.616 38
179.584 179.808 39
179.616 179.648 34
179.776 180.864 43
181.216 181.408 34
187.936 207.264 50
