11.648 12.448 50
12.928 13.6 67
14.944 15.36 69
17.152 17.536 67
20.416 20.576 67
23.104 23.168 62
23.552 24.0 67
23.712 24.032 43
32.32 32.608 67
34.272 34.464 43
41.248 41.856 51
43.584 43.84 63
44.704 45.216 51
47.584 48.48 62
49.312 49.792 62
50.144 50.208 55
50.464 51.168 60
52.48 53.632 50
53.056 53.632 57
53.088 53.632 62
53.632 54.272 62
55.936 56.544 62
57.088 57.696 62
60.096 60.16 59
61.184 61.664 62
64.704 64.768 59
73.312 73.856 50
76.0 76.48 62
76.768 76.832 67
78.592 78.688 71
79.2 79.424 60
79.2 79.84 52
90.784 91.744 60
91.264 91.712 67
93.6 93.696 58
110.08 110.368 50
111.392 111.616 43
111.616 111.776 43
114.88 115.488 43
133.184 133.856 60
135.744 136.384 60
138.304 138.368 55
138.304 138.592 60
140.864 140.992 55
140.864 141.504 60
143.424 143.52 60
143.456 143.488 55
144.736 144.768 43
144.736 144.8 33
145.984 146.752 50
149.824 149.984 66
158.56 159.584 60
164.512 164.8 60
175.584 176.192 67
181.92 182.56 76
185.504 186.144 41
188.672 189.28 60
189.76 189.92 60
189.76 190.016 48
192.832 193.312 60
192.864 193.728 36
193.216 193.344 43
194.304 194.528 60
194.4 194.88 36
195.104 195.488 36
196.256 197.088 36
197.376 198.24 36
198.528 198.816 36
199.104 200.0 36
200.224 200.512 36
200.768 201.056 36
200.8 200.832 60
201.312 202.208 36
202.24 202.304 60
202.944 203.264 36
203.52 203.872 36
204.672 204.96 60
209.312 211.808 60
211.808 212.992 60
212.992 214.272 60
214.272 216.736 60
216.736 219.168 60
219.168 222.752 48
