7.744 8.768 67
9.664 11.072 63
10.272 11.424 67
14.56 14.592 34
14.56 15.616 50
15.584 16.608 67
16.672 16.736 37
21.472 22.4 91
22.464 23.424 67
23.328 23.52 51
24.352 24.512 56
27.648 27.712 43
37.408 37.792 67
38.976 39.392 41
42.464 43.264 63
43.264 44.192 51
43.264 44.192 63
49.344 49.632 59
49.888 50.08 59
50.08 50.656 60
50.752 50.976 67
51.264 51.488 67
58.176 58.336 58
58.656 59.04 58
58.848 59.04 56
60.0 60.32 56
61.184 61.504 56
62.016 62.08 89
62.176 62.208 91
62.528 62.848 89
62.688 63.456 56
62.688 63.968 62
63.232 63.744 58
66.08 66.432 56
66.432 66.496 56
69.76 70.944 58
69.76 71.2 68
70.944 71.328 58
76.832 76.928 50
81.92 83.104 51
87.872 89.088 58
91.168 91.744 56
95.04 95.36 56
95.52 95.968 56
109.824 110.72 72
109.824 111.584 44
115.136 115.712 58
118.016 118.336 56
123.264 123.776 63
123.904 124.448 58
124.768 125.024 56
125.024 125.376 56
128.8 129.408 51
129.408 129.984 58
130.816 132.064 62
133.024 134.24 58
139.488 139.552 43
141.504 141.888 62
143.648 144.224 58
145.44 147.104 70
148.128 148.448 83
152.0 152.256 50
153.472 153.728 79
153.472 153.728 85
153.728 154.4 69
154.368 155.072 74
155.136 155.264 50
155.264 155.776 50
155.776 156.192 50
156.896 157.6 50
157.888 158.912 74
160.352 160.864 50
161.472 161.664 58
161.472 163.904 56
164.352 164.384 57
165.248 165.824 80
171.04 172.192 44
171.68 172.192 56
175.328 175.84 58
175.488 175.648 63
175.648 176.256 63
175.936 176.896 44
176.448 177.088 68
176.576 177.12 60
176.736 177.664 63
176.896 177.056 44
179.968 180.096 79
180.416 180.768 75
180.544 180.8 63
180.736 180.896 62
180.896 181.344 62
181.216 181.344 38
181.344 181.984 38
181.984 182.368 60
182.752 183.264 63
182.88 183.232 53
183.552 183.68 58
183.68 183.968 58
184.32 184.672 79
185.6 185.792 58
186.24 187.04 63
186.912 188.192 41
187.072 187.36 58
188.032 188.224 58
188.224 188.768 58
189.888 190.144 58
189.888 190.144 62
192.32 193.152 64
193.12 193.504 80
196.416 196.672 58
198.976 199.2 79
199.776 200.032 44
200.032 200.192 44
201.152 201.344 79
201.44 201.856 44
203.264 203.52 58
203.808 204.128 58
203.936 204.096 63
204.768 205.376 56
205.184 205.76 63
206.304 206.56 63
206.304 206.592 75
206.56 206.656 58
206.56 206.688 63
207.392 207.712 58
207.392 207.968 77
207.968 208.416 77
209.6 210.144 64
210.144 210.4 65
210.496 210.656 58
211.744 212.288 58
212.544 212.704 63
212.544 212.832 58
212.704 212.832 63
213.376 213.568 63
214.592 214.752 63
214.848 214.944 63
215.04 215.264 63
215.968 216.128 63
216.256 216.512 75
216.512 216.704 60
216.8 217.184 46
217.056 217.248 62
217.344 217.76 44
217.6 217.792 63
219.84 220.032 63
220.128 220.576 44
220.416 221.024 68
220.864 220.992 58
221.12 221.248 58
221.248 221.408 58
221.408 221.504 58
221.408 221.696 55
221.504 221.696 58
221.504 221.696 63
223.776 224.416 63
234.784 235.104 80
235.2 235.232 57
236.032 236.416 50
239.424 239.68 63
241.952 242.208 58
244.064 244.256 63
244.224 244.832 58
246.464 246.912 63
246.912 247.52 63
247.04 247.52 55
251.52 251.776 62
258.304 258.752 42
262.816 263.104 62
265.664 265.76 77
268.224 268.736 59
270.848 271.424 62
271.584 272.352 50
273.824 274.048 58
275.488 275.744 58
276.064 276.928 58
277.6 278.848 63
278.016 278.592 58
279.456 279.744 63
279.456 280.192 58
281.408 282.272 64
281.696 281.984 58
282.848 283.136 58
282.848 283.168 64
283.392 283.68 58
283.68 283.968 58
284.256 284.512 58
284.512 284.8 58
285.92 286.208 58
286.208 286.496 58
286.784 287.36 68
287.616 288.256 56
287.904 288.832 79
288.192 288.48 58
288.448 289.056 67
288.48 288.928 77
288.736 289.344 75
289.28 289.824 50
289.312 289.856 51
290.112 290.72 58
290.912 291.52 58
290.944 291.232 44
291.776 292.096 41
293.792 294.08 58
294.368 294.656 58
294.656 294.944 58
294.944 295.04 51
295.808 296.032 54
295.808 296.64 69
296.064 296.352 63
296.352 296.384 32
296.352 296.576 75
296.352 296.672 63
296.352 296.704 66
296.928 297.088 60
297.216 297.632 44
297.76 297.888 60
297.76 298.336 44
298.048 298.4 66
299.168 300.064 41
299.168 300.096 68
302.528 304.64 58
310.144 310.4 63
310.688 311.2 58
311.2 311.296 80
311.2 311.488 58
311.488 311.68 58
312.48 312.8 62
312.512 312.8 89
314.368 314.816 58
314.624 314.816 89
315.648 316.0 62
316.992 317.216 58
317.216 317.6 58
317.216 317.632 63
318.816 319.456 63
320.16 320.736 58
322.976 324.64 63
323.168 324.672 75
324.96 325.44 60
325.216 326.208 75
325.984 326.304 63
327.264 327.84 60
327.296 327.84 56
328.864 329.44 63
328.864 329.888 58
330.208 330.976 46
331.264 332.128 79
331.296 331.52 39
331.52 332.608 39
332.032 332.288 58
332.288 332.64 58
333.12 333.6 40
333.6 334.176 40
333.6 334.176 52
333.6 334.176 58
334.432 335.232 41
335.2 336.384 60
335.456 336.064 58
337.504 339.232 60
338.208 339.232 91
338.24 339.264 96
340.0 340.224 60
340.0 340.704 79
340.224 340.512 60
340.768 340.992 60
340.768 341.088 67
340.992 341.344 60
340.992 341.344 63
341.856 342.08 56
342.592 342.816 56
343.904 344.48 58
344.16 344.48 62
345.504 345.728 63
345.504 346.048 58
345.728 346.048 63
347.328 347.616 62
347.616 347.904 60
348.128 349.472 75
348.896 349.248 60
348.896 349.504 63
349.472 349.984 53
350.24 350.496 53
350.24 351.136 63
350.496 350.848 53
352.192 352.864 70
352.192 353.664 58
352.576 353.632 62
358.72 359.008 79
359.776 360.704 58
360.864 361.088 52
361.344 361.92 58
362.944 363.584 67
363.488 363.744 70
364.0 364.288 58
364.288 364.512 75
364.512 364.768 58
364.768 366.784 58
365.088 367.296 53
366.752 366.784 70
367.808 368.064 58
367.936 368.064 55
368.064 368.576 63
368.576 369.12 63
369.12 369.408 63
369.408 369.664 63
369.952 370.208 39
370.208 370.464 39
370.464 370.72 39
370.464 370.752 63
370.784 370.816 46
370.784 370.88 39
370.88 370.944 39
371.264 371.552 39
371.264 371.552 55
371.296 371.36 46
371.424 371.488 46
371.424 372.096 79
371.552 371.808 39
371.808 372.384 39
372.064 372.32 63
372.32 372.8 63
372.992 373.184 51
373.152 373.44 56
373.184 373.44 51
374.08 374.496 56
374.08 376.0 68
374.496 374.624 51
374.624 374.752 51
374.624 374.752 56
374.752 375.232 75
376.416 376.448 56
376.928 377.216 32
376.928 377.6 44
377.216 377.28 39
377.248 377.44 63
377.44 378.08 63
377.696 379.552 44
377.984 378.208 59
377.984 378.56 77
378.496 378.848 63
379.616 379.872 51
380.16 380.416 39
380.416 380.736 39
380.544 380.672 55
380.544 380.864 70
380.8 381.056 51
380.8 381.504 58
380.928 381.088 79
381.088 381.216 79
381.216 381.472 79
381.216 381.504 63
381.216 382.272 55
381.344 381.472 82
381.6 381.984 79
381.6 381.984 91
381.728 382.272 39
381.984 382.4 79
382.112 382.272 70
382.144 382.272 99
382.272 382.528 70
382.272 382.816 39
382.4 382.848 46
382.528 382.944 70
382.528 383.616 79
382.816 382.976 63
384.16 385.248 82
384.416 384.8 91
385.184 385.568 91
386.016 386.048 87
387.52 387.552 44
387.52 387.584 39
387.584 389.216 39
