5.312 8.672 66
9.504 9.696 56
13.312 13.344 42
16.064 16.352 56
17.12 18.656 61
20.992 22.272 58
22.208 22.24 41
22.208 22.272 53
24.192 25.824 58
24.608 25.792 56
28.128 29.376 58
31.808 34.944 56
36.256 38.752 54
39.168 39.584 41
39.168 40.064 49
39.584 40.064 41
40.064 41.344 41
40.064 41.344 49
49.472 49.664 44
65.152 65.248 66
72.672 72.736 30
75.744 75.968 58
78.88 79.264 60
84.96 85.312 63
85.312 85.632 51
85.632 85.92 51
85.92 86.72 51
86.592 86.976 68
86.944 87.264 66
86.944 87.296 75
87.616 87.808 78
94.88 95.584 56
114.976 115.136 62
115.136 115.584 62
115.904 116.224 63
116.224 116.448 63
116.416 116.704 68
119.648 119.936 56
124.0 124.16 83
126.208 126.688 66
126.688 126.816 66
126.816 127.008 66
128.544 128.96 69
128.704 129.216 61
128.928 129.216 64
131.296 131.424 69
131.456 131.744 66
135.808 136.0 49
136.832 136.896 37
137.312 137.728 44
139.392 139.456 44
139.456 139.648 44
140.256 140.512 51
141.984 142.624 51
149.952 150.304 63
151.296 151.808 58
151.808 152.192 58
153.088 153.344 63
156.608 156.928 66
157.024 157.568 66
157.568 157.952 66
158.656 159.2 66
164.384 165.6 65
171.328 171.36 44
171.488 172.96 66
171.488 173.024 63
177.856 178.816 60
178.848 178.912 54
182.112 183.52 56
185.728 185.952 56
206.944 209.728 41
210.176 211.264 39
211.264 214.112 39
215.072 215.648 44
215.648 218.848 44
222.112 222.72 44
222.496 222.688 56
234.528 234.72 68
235.392 235.68 56
235.68 238.112 56
