1.952 2.944 52
3.104 4.16 54
6.464 7.488 67
6.464 7.552 62
10.336 10.816 50
12.16 12.864 69
15.232 16.256 55
21.088 21.44 79
22.528 22.944 66
23.616 24.032 67
24.704 25.088 66
26.144 27.744 66
35.68 35.712 65
37.92 38.976 53
38.976 40.064 53
43.136 43.2 54
58.752 59.36 57
63.232 63.68 43
68.096 68.256 59
69.536 70.048 59
72.736 72.992 59
79.136 79.232 55
83.936 84.064 55
88.544 88.672 55
97.92 98.016 37
104.736 104.96 66
109.344 109.536 59
115.488 115.52 43
123.392 124.096 69
126.336 126.752 66
130.656 131.104 50
132.48 133.216 69
135.552 136.576 55
136.672 137.344 69
137.824 138.912 55
139.616 140.0 66
143.232 143.392 79
146.464 147.68 66
149.792 150.496 86
155.968 156.0 65
159.264 160.384 53
162.176 162.24 53
163.424 163.52 54
164.16 164.64 50
166.688 167.776 50
170.24 171.04 58
176.256 176.384 59
179.072 179.616 57
188.704 192.896 50
