5.184 5.824 53
37.28 37.696 50
44.8 45.28 60
46.464 46.88 60
46.848 47.616 57
47.584 48.064 60
67.424 67.52 52
72.448 72.768 55
75.04 75.2 48
75.424 75.744 69
75.712 75.776 41
78.944 79.2 84
88.544 88.768 60
88.64 88.992 48
112.8 112.832 67
113.92 114.08 62
114.304 114.368 57
115.456 115.744 51
115.744 116.224 51
120.064 120.288 63
124.64 124.832 60
131.104 131.168 60
134.592 135.072 60
136.256 136.672 60
137.408 137.856 60
157.248 157.344 52
157.728 157.856 60
158.656 158.784 60
162.208 162.56 55
166.624 166.848 60
178.432 178.784 48
180.576 181.056 66
181.056 181.12 56
190.304 190.592 58
193.344 193.568 63
195.232 195.392 79
198.496 198.72 70
202.912 203.072 66
205.408 205.44 59
226.912 226.976 56
236.32 236.48 60
236.832 236.928 77
262.496 262.528 58
268.512 268.672 58
276.704 276.896 67
282.56 282.816 57
290.368 290.784 60
294.688 294.816 63
296.16 296.192 53
296.928 297.12 63
299.136 299.328 62
301.12 301.216 51
301.28 301.792 62
302.016 302.336 58
302.752 302.912 48
303.968 304.192 57
306.4 306.752 58
308.416 308.48 55
310.24 310.432 53
310.592 310.816 58
321.472 321.664 63
325.6 325.952 57
327.552 328.0 58
328.96 329.44 66
331.072 331.136 42
338.656 338.944 58
340.992 341.184 62
341.344 341.536 60
353.792 353.856 59
380.288 380.384 77
394.048 394.624 53
416.896 417.056 58
423.232 423.424 58
425.088 425.312 67
431.136 431.2 65
450.4 450.72 58
451.456 451.616 57
451.68 451.904 57
452.384 452.576 57
453.472 453.568 70
454.784 455.104 58
455.392 455.488 65
456.704 456.832 67
469.856 470.048 63
471.776 471.904 62
473.984 474.336 57
476.032 476.064 31
