0.512 0.576 27
11.36 11.424 44
12.48 12.864 56
18.72 18.912 62
22.24 23.744 51
30.688 30.848 66
31.136 31.264 66
34.848 34.912 43
37.408 37.568 66
46.56 47.424 58
50.976 51.072 51
57.024 57.28 51
57.792 57.984 51
59.488 59.84 53
59.84 60.224 38
59.84 60.224 50
60.928 61.28 60
61.696 62.016 50
69.248 69.92 49
72.416 73.248 58
73.248 73.632 51
73.632 73.664 54
73.632 73.856 50
73.856 74.368 62
73.856 74.624 50
74.88 74.976 69
88.32 88.352 35
89.024 89.568 56
90.464 90.784 56
91.2 91.264 31
91.2 91.264 59
91.936 92.48 59
93.344 93.376 59
96.96 98.464 59
96.992 97.024 65
101.344 101.44 55
103.04 104.48 56
120.896 120.992 60
121.408 121.504 53
121.792 121.856 53
122.176 122.272 60
123.456 123.744 48
123.552 123.68 55
124.032 124.192 60
124.256 124.416 50
124.544 124.64 39
126.24 126.56 54
127.744 127.808 53
127.936 128.064 60
128.32 128.416 43
128.512 128.608 60
128.8 128.96 60
129.088 130.016 36
129.888 129.952 55
129.888 130.016 64
130.592 130.752 50
132.352 132.832 44
134.656 134.976 79
136.128 136.288 60
137.216 137.472 62
140.352 140.448 59
140.544 140.64 50
140.928 141.024 50
141.888 142.624 51
143.68 143.776 51
144.032 144.16 51
144.736 144.768 56
144.8 144.992 32
145.024 145.536 75
145.024 145.568 78
145.024 145.664 51
145.824 145.952 53
146.208 146.336 51
146.688 146.752 46
146.784 146.88 53
146.976 147.072 79
147.936 148.064 85
156.32 156.544 58
156.896 157.024 66
157.536 157.632 56
172.448 172.672 58
172.672 172.736 58
172.832 172.96 56
175.712 175.968 60
183.36 183.552 55
186.784 186.848 64
186.88 187.104 60
186.976 187.04 67
187.584 187.68 67
187.68 187.808 60
187.968 188.064 68
187.968 188.256 41
188.256 188.352 57
188.736 188.896 50
189.312 189.408 72
190.112 190.176 56
190.272 190.4 75
190.592 190.624 52
190.816 190.912 51
191.072 191.264 44
191.264 191.648 44
191.456 191.648 72
191.648 191.808 44
191.776 191.936 32
194.656 194.848 55
195.808 195.904 67
196.416 196.512 64
196.544 196.704 60
196.928 197.056 60
197.024 197.088 53
197.216 197.312 67
197.312 197.44 60
197.6 197.728 41
197.696 197.824 60
197.792 197.92 41
198.368 198.56 50
199.744 199.808 56
199.936 200.064 75
200.32 200.416 76
201.12 201.44 92
204.032 204.544 67
205.312 205.472 56
206.304 206.496 48
206.944 207.232 51
207.232 207.456 63
207.648 207.872 63
212.672 212.768 43
212.672 212.896 79
214.272 215.008 79
214.88 215.104 51
215.584 215.616 56
217.664 219.712 50
217.664 219.712 55
220.448 220.576 53
220.64 220.736 55
220.736 220.8 60
220.832 220.928 53
220.832 220.96 41
221.216 221.344 60
221.44 221.536 55
222.016 222.112 41
222.4 222.432 53
222.4 222.432 68
222.592 222.72 55
222.592 222.72 64
223.296 223.488 50
223.456 223.52 62
223.68 223.872 51
225.28 225.472 54
226.784 226.88 53
226.976 227.072 55
227.168 227.264 53
227.552 227.68 60
227.872 227.968 60
228.352 228.416 41
228.736 228.768 53
228.832 228.896 60
228.928 229.024 55
229.632 229.792 50
229.728 229.824 81
229.824 229.856 62
230.592 230.816 41
231.104 231.872 66
231.616 231.776 54
233.792 233.984 60
236.288 236.512 62
239.2 239.328 60
240.16 240.288 55
240.576 240.64 50
240.96 241.408 51
242.816 242.912 44
243.008 243.424 44
243.104 243.232 51
244.064 244.512 75
244.064 244.704 51
244.064 244.832 54
244.672 244.896 60
244.864 245.12 53
245.248 245.376 50
245.536 245.632 46
245.728 245.856 46
245.824 245.888 53
246.016 246.112 79
246.208 246.304 75
248.736 248.832 74
248.928 248.992 74
249.12 249.536 69
255.552 255.648 58
255.744 255.84 56
255.968 256.064 66
266.048 266.112 56
271.488 271.744 58
279.52 279.776 56
280.352 280.512 58
284.16 284.256 58
284.256 284.48 55
284.384 284.48 58
285.824 285.92 64
285.952 286.144 60
286.336 286.464 60
286.432 286.528 53
286.624 286.752 67
286.72 286.848 60
287.008 287.104 68
287.008 287.296 41
287.296 287.392 57
287.424 287.52 69
287.776 287.968 50
289.152 289.216 56
289.344 289.472 75
289.824 289.952 51
290.144 290.304 44
290.304 290.496 44
290.496 290.688 44
290.688 290.88 44
290.816 290.88 58
290.816 290.944 32
291.008 291.072 56
293.888 294.112 55
295.36 295.456 58
295.584 295.744 60
295.968 296.096 60
296.064 296.192 53
296.288 296.352 67
296.384 296.512 60
296.64 296.928 41
297.056 297.184 69
297.344 297.472 62
297.44 297.6 50
298.016 298.112 72
298.976 299.104 75
299.392 299.456 76
299.392 299.712 88
300.48 300.512 58
305.76 305.888 79
305.856 305.984 51
305.888 306.048 55
305.984 306.112 51
306.656 307.104 51
310.112 310.272 84
311.712 311.808 43
312.544 312.576 91
313.92 314.08 51
314.304 314.336 46
314.432 314.464 56
315.744 315.808 50
340.448 341.824 58
347.712 347.904 66
349.28 349.472 66
359.168 362.368 67
360.608 361.984 59
365.888 371.424 54
371.232 371.392 52
371.328 371.36 57
372.0 372.064 52
372.192 372.384 52
374.496 374.528 69
374.848 375.008 69
377.088 377.184 62
377.12 377.312 50
377.472 377.664 62
378.048 378.112 69
380.608 380.736 60
381.088 381.248 48
384.544 384.64 69
384.544 384.704 60
384.64 384.8 48
387.104 387.232 60
387.264 387.36 47
387.264 387.36 59
387.36 387.52 47
389.312 389.408 59
389.92 390.112 77
390.496 390.624 58
391.648 391.776 58
391.648 391.808 41
392.16 392.288 55
392.256 392.448 67
392.448 392.608 41
393.024 393.152 63
393.12 393.376 39
393.92 394.08 39
394.368 394.528 50
394.688 394.784 35
394.688 394.88 47
394.688 394.912 59
395.104 395.136 37
395.552 395.712 48
396.224 396.352 50
396.256 396.352 59
397.216 397.408 62
397.824 397.952 59
397.824 397.984 62
398.016 398.176 55
398.208 398.304 50
398.208 398.336 53
398.4 398.624 55
398.592 398.72 53
399.296 399.552 43
399.36 399.584 50
399.552 399.648 76
399.552 399.872 55
400.16 400.288 60
400.576 400.64 77
400.768 400.896 55
401.152 401.216 40
401.44 401.632 43
402.528 402.592 50
404.064 404.096 38
404.096 404.256 59
404.288 404.896 55
404.48 404.608 53
404.864 404.992 53
405.344 405.44 43
405.632 405.696 38
405.632 405.76 50
405.824 405.92 76
405.824 406.112 55
406.048 406.08 40
406.432 406.496 60
406.816 406.88 80
406.816 406.976 77
407.04 407.296 55
407.232 407.264 50
407.232 407.424 74
407.392 407.456 76
408.416 408.448 77
408.416 408.48 50
408.416 408.48 80
408.608 408.832 55
408.8 409.024 50
408.8 409.024 74
408.832 408.864 52
408.992 409.024 76
408.992 409.632 31
409.792 409.952 55
409.984 410.016 29
415.744 415.808 60
415.936 416.032 60
417.632 417.76 60
417.824 417.888 53
418.208 418.272 60
418.4 418.496 60
418.4 418.528 55
418.496 418.656 60
418.784 418.912 58
418.976 419.04 53
418.976 419.072 41
419.264 419.456 48
419.392 419.424 89
420.032 420.192 60
420.256 420.448 50
421.76 421.792 32
423.424 423.584 60
424.16 424.192 53
424.512 424.64 60
425.024 425.152 60
425.408 425.504 60
425.792 425.856 60
425.888 426.016 64
426.112 426.304 60
428.384 428.512 42
428.512 428.544 32
429.568 429.824 44
429.696 429.92 58
430.976 431.104 54
431.68 431.808 78
431.808 431.968 58
432.512 432.608 60
432.992 433.152 52
433.056 433.376 40
433.536 433.824 41
435.296 435.552 37
435.68 435.776 36
440.736 440.832 60
441.504 441.792 60
445.76 445.952 56
446.56 446.72 56
449.184 449.248 53
452.416 452.608 87
452.608 452.672 79
452.992 453.12 79
454.624 454.72 77
456.736 457.056 60
459.104 459.2 63
460.0 460.16 56
465.696 466.368 52
467.392 467.52 60
467.776 467.904 60
468.096 468.16 67
468.16 468.288 60
468.448 468.544 68
468.448 468.736 41
468.864 468.96 69
468.992 469.088 60
469.216 469.344 50
469.248 469.344 71
470.112 470.144 89
470.4 470.528 76
470.976 471.04 56
471.136 471.36 41
472.992 473.056 77
475.552 475.68 52
475.872 476.096 58
477.024 477.12 60
477.44 477.536 60
477.696 477.824 67
477.824 477.92 60
478.08 478.176 68
478.08 478.4 41
478.88 478.976 50
478.88 478.976 71
479.456 479.552 60
479.552 479.68 59
480.32 480.352 41
480.608 480.704 56
480.8 480.992 41
481.12 481.184 48
481.504 481.696 41
481.6 481.792 75
482.4 482.592 74
482.688 483.072 60
483.392 483.424 79
484.192 484.352 63
484.992 485.088 62
488.544 488.576 53
489.12 489.216 60
489.952 490.048 53
490.144 490.272 60
490.336 490.464 53
490.528 490.656 55
490.72 490.816 60
490.976 491.168 60
491.552 491.584 60
491.552 491.616 53
491.936 492.0 60
491.936 492.0 89
492.352 492.448 60
493.152 493.824 58
493.824 494.112 58
494.464 494.496 56
495.04 495.648 60
495.168 495.232 50
496.576 496.64 30
498.592 498.784 51
534.24 534.368 67
534.272 534.304 48
539.04 540.992 53
551.36 551.712 60
551.872 551.968 53
552.256 552.352 53
552.64 552.768 60
552.832 553.056 60
553.824 553.856 89
554.208 554.4 87
554.592 554.624 58
554.592 554.656 51
554.72 555.04 46
554.976 555.232 42
556.608 556.64 51
556.8 556.896 63
557.632 557.728 63
558.24 558.272 26
558.24 558.272 27
559.136 559.2 27
559.136 559.424 24
