3.808 3.936 50
3.808 4.096 57
5.44 5.728 52
7.104 7.136 52
7.296 7.36 62
7.712 7.776 62
7.712 7.808 66
8.352 8.608 52
8.608 8.768 52
8.768 10.496 52
11.296 11.392 43
12.128 12.352 60
13.984 14.176 69
17.92 17.952 59
19.52 19.744 59
20.32 20.864 50
20.352 20.992 74
21.568 21.792 53
21.792 21.856 57
25.216 25.248 59
27.04 27.808 64
28.192 28.288 57
28.608 28.8 50
29.792 29.984 57
29.984 30.016 65
30.24 30.304 50
30.656 30.752 57
31.04 31.136 50
31.04 31.136 57
31.424 31.488 57
31.84 32.032 57
32.224 32.256 42
32.224 32.32 57
32.64 32.768 50
32.672 32.768 57
33.472 33.728 50
33.888 33.984 43
35.104 35.232 50
37.568 37.792 64
38.56 38.784 66
39.2 39.552 60
40.896 41.792 52
42.848 42.88 31
44.704 44.8 57
44.928 45.056 59
45.376 45.792 57
45.376 45.824 78
47.136 47.232 57
47.776 47.904 60
49.568 49.696 60
50.208 50.336 60
52.864 53.312 67
54.528 54.976 67
56.768 57.184 50
57.184 57.632 50
63.36 65.056 41
63.872 64.224 60
66.656 66.848 62
66.848 67.296 62
68.224 71.04 41
68.736 69.024 60
71.456 72.096 67
71.52 72.256 62
72.448 72.736 67
73.632 73.92 41
74.016 74.432 67
74.272 74.336 50
74.272 74.72 62
74.688 74.752 55
75.904 76.064 69
76.288 76.448 69
76.832 77.12 69
78.08 78.72 58
78.656 79.104 52
78.656 79.104 60
79.072 79.104 50
79.456 79.584 43
79.456 79.712 55
80.64 80.96 69
81.024 81.472 69
84.864 85.248 74
85.408 85.984 62
86.368 86.528 79
86.912 87.104 67
87.072 88.672 58
88.224 88.64 64
90.016 90.656 62
91.456 92.256 40
91.84 92.032 57
92.416 92.608 64
93.312 93.344 31
94.048 94.08 44
94.048 94.144 59
94.08 94.112 32
94.24 94.432 64
94.432 94.464 43
94.432 94.496 31
95.712 95.744 32
95.872 96.064 40
96.064 96.864 40
98.656 98.688 31
98.656 98.784 33
99.04 99.296 64
99.296 99.488 64
99.712 100.256 52
100.256 100.64 52
100.576 100.704 57
102.176 102.4 50
102.4 102.464 57
102.944 103.04 57
107.904 108.48 74
108.544 108.8 66
109.568 109.728 57
109.568 109.76 50
112.032 112.864 60
113.248 113.568 71
116.992 117.76 59
117.792 117.824 31
120.992 122.56 41
122.176 122.4 67
125.824 127.392 41
126.976 127.36 67
128.768 128.896 62
132.992 133.184 70
133.184 133.44 58
137.792 137.984 70
137.984 138.24 58
140.032 140.256 48
140.832 141.024 48
142.656 143.456 58
145.056 145.76 50
145.76 145.888 50
145.888 146.624 43
145.888 146.624 50
146.624 146.656 52
146.688 148.32 40
149.76 149.952 48
150.56 150.72 48
152.384 152.8 59
165.44 166.368 52
165.888 166.464 61
168.576 168.832 51
173.952 175.296 71
175.232 177.6 66
178.432 180.608 55
178.56 179.552 58
178.656 179.296 63
179.296 180.544 63
180.544 181.44 58
180.544 181.76 51
181.44 181.6 58
181.6 182.528 58
183.456 183.488 31
190.816 191.136 58
191.616 191.904 61
193.248 193.696 58
193.248 194.112 51
194.048 194.4 61
198.016 198.432 52
200.096 200.32 52
200.832 200.992 62
202.464 202.496 69
203.2 203.904 52
204.256 204.64 61
207.584 207.84 52
209.76 209.856 50
210.272 210.464 66
211.264 211.424 59
212.48 213.28 50
213.408 213.472 52
216.96 217.024 30
217.728 217.76 31
218.592 219.168 59
219.872 220.224 68
221.472 221.728 63
222.016 222.176 54
222.24 222.368 61
222.368 222.72 61
222.72 222.912 69
224.224 224.576 50
224.576 224.864 62
225.152 225.664 62
225.664 225.824 74
225.664 226.016 69
226.016 226.176 74
226.72 228.608 69
227.104 227.456 66
227.424 227.808 86
227.456 228.192 66
228.192 229.568 66
229.312 232.256 50
229.44 229.792 78
229.6 229.952 81
229.792 230.144 78
229.952 230.304 81
230.144 230.496 78
230.304 231.072 81
230.496 230.784 78
230.72 231.04 62
230.72 231.456 66
230.88 231.296 78
231.04 231.456 86
231.04 232.224 62
231.072 231.456 81
231.456 232.224 66
231.776 232.704 81
231.808 232.256 78
231.968 232.352 74
232.128 232.48 86
232.48 232.928 86
235.104 235.264 60
239.456 239.584 60
245.76 245.824 31
246.016 246.336 91
246.432 246.528 79
246.688 246.752 31
