23.296 23.392 58
32.256 32.416 55
35.968 36.032 60
37.44 37.504 60
38.816 38.976 79
43.36 43.456 70
43.456 44.032 58
48.416 48.512 52
48.448 48.512 57
48.448 48.576 58
48.512 48.736 57
50.048 50.144 69
55.36 55.712 69
56.096 56.48 53
56.832 57.024 63
56.832 57.376 60
57.024 57.184 63
57.024 57.504 81
57.184 57.76 63
57.376 57.76 60
57.76 58.144 60
57.76 58.176 63
57.92 58.144 75
69.408 69.76 53
76.128 76.736 53
78.912 78.976 75
80.0 80.48 62
89.824 89.888 62
90.208 90.304 62
99.744 99.84 79
105.056 106.24 51
108.544 108.896 50
108.544 108.96 53
108.896 108.96 50
111.392 111.776 56
111.392 111.776 62
111.776 112.16 56
111.776 112.608 62
112.16 112.576 56
112.16 112.608 58
114.816 115.04 58
115.2 115.264 41
115.2 115.456 58
128.256 128.448 56
132.128 132.224 53
136.992 137.024 56
139.2 139.232 55
151.648 151.776 54
152.0 152.416 58
153.088 153.664 53
153.664 153.856 58
161.504 161.888 69
162.24 162.528 53
186.112 186.72 62
195.648 195.712 34
195.648 195.84 41
196.032 196.096 34
196.064 196.256 46
196.896 197.28 59
200.256 200.448 75
201.056 201.216 54
209.344 209.44 53
218.208 218.464 62
219.392 219.52 57
219.392 219.616 77
219.616 219.68 65
228.096 228.416 63
228.096 228.512 58
235.168 235.392 50
235.264 235.552 41
235.808 235.84 26
235.808 236.096 62
239.296 239.424 70
239.328 239.648 77
242.208 242.4 63
243.04 243.424 62
245.76 245.952 58
245.792 245.984 68
246.336 246.56 79
246.496 246.656 58
246.848 247.04 62
247.584 247.744 58
247.584 247.776 63
247.936 248.032 58
247.936 248.096 60
248.384 248.608 58
249.472 249.888 46
250.56 250.688 46
252.288 252.384 40
252.48 252.768 40
254.08 254.24 41
269.056 269.344 53
269.792 269.984 63
269.984 270.144 63
270.144 271.104 63
270.528 270.944 75
274.912 275.104 67
275.584 275.968 58
280.736 280.992 60
281.28 281.504 69
281.664 281.824 69
282.368 282.656 69
283.84 284.16 67
289.12 289.216 64
290.56 290.688 48
290.752 290.944 62
291.52 291.584 79
292.288 292.384 76
301.184 301.984 51
317.984 318.112 60
328.672 328.928 58
329.408 329.6 58
336.096 336.288 60
341.984 342.176 60
