2.304 2.368 64
2.304 2.528 60
4.256 4.352 71
9.76 10.112 57
16.896 17.376 67
18.272 18.592 48
19.488 19.552 57
24.064 24.096 69
30.464 30.944 67
31.328 31.456 57
31.84 32.096 48
33.056 33.12 57
35.424 35.584 60
36.224 36.384 60
37.632 37.696 69
39.936 40.096 69
39.936 40.16 57
40.32 40.416 64
41.472 41.664 69
41.472 41.696 52
41.664 41.856 69
42.08 42.208 44
42.304 42.464 69
43.136 43.36 62
43.552 43.68 57
43.552 43.712 63
43.968 44.288 44
44.192 44.32 40
44.832 45.024 69
44.832 45.056 52
45.024 45.248 69
45.44 45.6 44
46.496 46.848 62
47.392 47.84 57
48.256 48.512 52
48.256 48.672 69
48.896 48.96 44
49.088 49.28 69
49.92 50.272 62
50.336 50.432 63
50.336 50.528 57
50.784 51.136 40
50.816 51.008 47
51.648 51.84 69
51.84 51.968 69
52.48 52.704 69
53.312 53.6 62
54.208 54.496 52
54.208 54.496 57
57.184 57.248 69
57.376 57.472 69
63.456 63.52 61
63.968 64.0 69
64.192 64.224 69
69.568 69.632 59
74.56 74.656 57
74.784 74.912 69
77.536 77.632 69
77.728 77.856 69
78.176 78.208 73
78.368 78.4 52
78.784 78.816 59
78.88 78.944 47
79.2 79.296 42
79.616 79.744 59
79.712 79.808 47
83.168 83.232 59
86.592 86.656 59
88.16 88.256 57
88.416 88.512 69
91.136 91.232 69
91.328 91.456 69
91.776 91.808 73
92.384 92.512 59
92.608 92.704 42
92.8 92.896 42
93.216 93.344 59
93.344 93.408 47
95.872 96.096 52
95.872 96.128 45
95.872 96.128 69
96.512 96.608 44
97.536 97.792 62
97.952 98.176 57
98.4 98.688 44
98.432 98.752 40
99.264 99.456 69
99.264 99.488 52
99.456 99.68 69
100.096 100.352 69
100.928 101.28 62
101.344 101.568 76
101.344 101.6 44
101.792 102.272 57
102.688 102.912 52
102.688 103.104 69
103.52 103.776 69
104.352 104.576 62
104.768 104.8 57
104.768 104.832 63
105.216 105.504 44
106.08 106.272 69
106.08 106.304 52
106.272 106.4 69
106.912 107.04 69
107.744 108.032 62
108.192 108.416 76
108.64 108.96 52
110.336 110.432 60
111.392 111.616 57
111.776 112.032 57
112.96 113.056 71
113.536 113.6 52
117.056 117.216 60
119.648 119.776 71
120.48 120.576 64
125.6 126.08 67
126.496 126.56 57
128.192 128.288 57
128.704 128.96 48
130.496 130.592 55
130.56 130.752 60
132.768 132.864 69
135.104 135.328 57
139.2 139.648 67
140.064 140.16 57
141.76 141.856 57
144.16 144.32 60
144.864 144.896 55
145.376 145.44 60
145.568 145.856 57
145.792 145.856 60
146.336 146.432 69
150.208 150.24 45
150.208 150.336 52
150.208 150.4 69
150.336 150.4 52
150.4 150.624 69
150.4 150.944 52
150.944 151.04 52
151.04 151.424 69
151.232 151.872 52
152.736 153.12 44
152.736 153.44 40
153.568 153.792 52
153.6 153.76 69
153.664 153.76 57
153.76 153.984 69
153.792 154.336 52
154.4 154.816 69
154.4 155.264 52
155.232 155.296 62
155.68 156.096 44
155.68 156.256 40
156.128 156.928 57
156.992 157.184 52
156.992 157.408 69
157.184 157.664 85
157.184 157.76 52
157.44 157.632 61
157.504 157.632 69
157.632 157.824 69
157.824 158.016 52
157.824 158.24 69
158.016 158.656 52
158.048 158.144 83
159.52 160.0 44
159.52 160.128 40
159.552 159.84 76
159.872 160.0 64
160.352 160.544 69
160.352 160.576 52
160.544 160.768 69
160.544 161.056 85
160.576 161.12 52
161.184 161.376 52
161.184 161.536 69
161.376 162.016 52
162.016 162.08 62
162.464 162.976 44
162.464 163.136 40
163.104 163.328 69
163.328 163.52 69
163.52 163.712 69
163.616 163.744 49
163.712 163.936 69
163.712 164.544 45
163.744 164.576 49
163.936 164.352 69
163.936 164.576 52
164.352 164.576 69
164.544 165.44 45
164.576 164.8 69
164.576 165.344 49
164.768 165.408 52
164.8 164.992 69
164.992 165.184 69
165.184 165.408 69
165.408 165.92 69
165.408 166.24 81
166.016 166.08 42
166.016 166.272 69
166.24 166.56 62
166.656 166.816 62
166.88 167.008 62
167.104 167.136 69
167.712 167.744 69
167.936 168.544 40
167.936 168.64 44
168.544 168.768 40
168.672 168.704 37
168.736 168.8 49
168.8 168.832 45
168.8 169.024 69
168.8 169.216 49
169.024 169.216 69
169.024 169.248 52
169.216 169.44 69
169.216 169.568 49
169.248 169.632 52
169.44 169.632 69
169.632 169.888 45
169.632 170.048 69
169.632 170.368 49
169.856 170.336 76
169.856 170.432 52
169.856 170.496 81
170.048 170.272 69
170.272 170.496 69
170.496 170.688 69
170.496 171.328 81
170.688 170.912 69
170.912 171.36 69
171.328 171.584 62
171.744 171.872 62
172.16 172.384 69
172.16 172.672 49
172.384 172.576 52
172.384 172.576 69
172.576 172.992 52
172.576 173.024 69
173.216 173.536 71
173.856 173.888 69
174.368 174.592 85
174.368 174.624 57
174.944 175.392 64
175.392 175.52 61
175.68 176.128 61
176.0 176.256 64
176.0 176.32 69
176.512 176.576 61
177.696 178.08 57
178.528 178.88 57
179.456 179.648 59
179.776 179.968 69
179.776 180.608 49
179.968 180.192 69
179.968 180.384 76
179.968 180.608 52
180.192 180.384 69
180.384 180.576 69
180.384 180.576 76
180.576 181.024 69
180.576 181.472 45
180.608 181.024 49
180.8 181.056 52
181.024 181.248 69
181.024 181.248 76
181.024 181.376 49
181.056 181.44 52
181.248 181.44 69
181.248 181.664 76
181.44 181.856 69
181.44 182.272 81
181.664 182.304 76
181.856 182.048 69
181.952 182.144 85
182.048 182.368 69
182.272 182.464 62
182.688 182.88 62
182.88 183.072 62
183.104 183.328 69
183.328 183.552 69
183.328 183.968 52
183.328 183.968 76
183.552 184.0 69
183.968 184.0 64
183.968 184.768 40
184.384 184.576 64
184.384 184.768 44
184.8 185.568 49
184.8 185.696 45
185.024 185.664 52
185.216 185.44 69
185.216 185.92 76
185.44 185.664 69
185.696 186.432 49
185.696 186.464 45
185.888 186.08 69
185.888 186.464 52
186.08 186.304 69
186.304 186.528 69
186.528 186.752 52
186.528 187.296 49
186.528 188.256 45
186.752 187.168 69
186.752 187.232 76
186.752 187.392 52
187.168 187.392 69
187.808 188.288 49
188.0 188.256 69
188.032 188.32 52
188.704 189.216 45
189.216 189.28 40
