2.784 2.88 57
10.272 10.56 57
10.272 10.592 61
11.2 11.52 59
11.68 11.936 59
18.048 18.112 80
23.456 23.584 66
23.584 23.648 66
24.16 24.48 69
26.368 26.464 64
27.776 28.256 52
28.48 28.576 57
35.904 36.256 57
36.0 36.32 61
36.928 37.248 59
37.376 37.632 59
49.28 49.344 66
49.888 49.984 69
51.36 51.424 52
53.952 54.176 66
54.4 54.592 62
57.824 58.464 59
59.776 59.968 62
64.864 65.632 41
66.048 66.976 81
67.008 67.52 54
67.968 68.0 52
69.056 69.984 64
78.592 78.944 57
78.688 79.008 61
79.168 79.488 61
83.296 83.36 73
84.928 85.056 69
86.432 86.528 64
88.704 88.896 56
90.592 90.72 64
92.192 93.184 52
92.704 93.184 62
95.2 95.712 78
96.768 97.024 66
96.96 97.152 64
97.216 97.44 62
98.176 98.464 66
100.672 101.216 59
102.592 102.784 62
107.68 108.448 41
108.896 109.696 81
111.872 112.8 64
121.44 121.76 57
121.504 121.824 61
121.888 122.24 52
121.984 122.048 61
126.112 126.176 73
128.416 128.448 42
130.048 130.112 76
130.272 130.4 76
131.52 131.712 56
134.976 136.064 52
135.552 136.064 62
140.032 140.544 50
140.032 141.344 62
140.544 141.44 50
140.576 140.768 69
142.848 143.072 62
143.872 144.384 62
150.048 150.272 64
150.976 151.104 64
151.136 151.52 62
154.08 154.368 64
156.064 156.224 57
160.16 160.608 52
160.16 160.608 62
164.448 165.92 50
174.464 174.688 64
175.552 175.936 62
178.464 179.552 64
180.48 180.736 57
184.576 185.024 52
184.576 185.024 62
189.088 189.312 59
192.096 192.32 59
194.432 194.528 52
195.168 195.68 52
195.68 196.128 59
197.504 197.568 52
198.208 198.72 52
198.72 199.04 59
201.632 201.856 62
207.616 207.904 64
215.264 215.552 69
219.104 219.584 50
219.584 220.416 50
221.184 221.376 66
225.44 225.472 79
228.0 228.16 54
228.48 228.896 50
230.336 230.528 62
233.248 234.016 62
246.688 246.912 59
249.024 249.12 52
249.76 250.272 52
250.272 250.624 59
252.096 252.16 52
252.8 253.184 80
252.8 253.312 52
253.312 253.632 59
256.224 256.448 62
269.856 270.144 69
273.664 274.176 50
274.176 275.008 50
275.296 275.52 69
275.776 275.968 66
283.072 283.552 50
284.928 285.12 62
287.84 288.608 62
288.352 288.64 69
297.632 298.56 64
306.784 307.072 61
307.232 307.52 57
307.232 307.584 61
308.192 308.512 59
308.64 308.896 59
312.224 312.672 52
313.312 313.344 52
320.544 320.608 66
321.152 321.472 69
324.0 324.096 66
325.184 325.44 66
325.184 325.568 70
325.632 325.824 62
329.088 329.76 59
330.816 330.88 64
331.008 331.232 62
337.312 338.24 81
342.432 342.496 57
349.824 350.176 57
349.888 350.24 61
350.4 350.72 61
351.328 351.648 61
354.528 354.592 73
356.256 356.512 57
359.936 360.128 56
363.424 364.48 52
363.968 364.448 62
