0.8 1.984 66
1.952 2.944 52
3.104 4.16 54
4.256 5.344 62
6.464 7.488 67
6.464 7.552 62
10.336 10.816 50
12.16 12.864 69
14.112 15.168 62
15.232 16.256 55
15.232 16.32 62
17.504 18.624 62
21.088 21.44 79
22.528 22.944 66
23.616 24.032 67
24.704 25.088 66
26.08 26.144 66
35.68 35.712 65
37.92 38.976 53
38.976 40.064 53
43.136 43.2 54
58.752 59.36 57
61.92 63.2 50
63.232 63.68 43
65.568 65.76 62
68.096 68.256 59
69.536 70.048 59
72.736 72.992 59
79.136 79.232 55
79.616 79.904 62
81.056 81.248 62
81.984 82.176 62
83.776 83.872 55
85.696 85.888 62
85.856 86.208 45
88.384 88.448 55
97.92 98.016 37
103.488 103.616 66
103.904 103.936 42
104.736 104.96 66
109.344 109.536 59
115.488 115.52 43
115.968 116.096 62
118.848 119.104 50
121.088 122.208 62
123.264 123.392 69
124.544 125.664 62
126.336 126.752 66
130.656 131.104 50
132.48 133.216 69
135.552 136.576 55
136.544 136.672 69
137.696 137.824 55
137.824 138.912 55
137.824 138.944 62
139.616 140.0 66
143.232 143.392 79
146.4 146.464 66
149.792 150.496 86
155.968 156.0 65
159.264 160.384 53
162.176 162.24 53
163.424 163.52 54
164.16 164.64 50
166.688 167.776 50
170.24 171.04 58
176.256 176.384 59
179.072 179.616 57
183.584 188.608 59
188.608 188.704 50
188.608 192.064 59
