4.192 4.8 67
6.016 6.56 50
18.592 18.752 62
20.992 21.44 57
21.376 21.504 64
21.824 21.952 47
22.496 22.72 60
23.456 23.552 57
23.616 23.872 43
23.84 24.032 55
24.032 24.096 60
24.288 24.352 31
24.288 24.576 33
25.088 25.184 69
25.952 26.112 47
26.624 26.848 60
27.616 27.68 57
28.032 28.192 43
28.448 28.48 31
28.448 28.544 60
28.448 28.832 47
28.448 28.832 55
37.728 38.08 67
39.456 39.584 59
39.456 39.616 67
42.048 42.176 66
43.072 43.424 67
44.352 44.544 60
44.352 44.608 57
44.352 44.608 66
45.632 45.76 55
46.816 46.912 55
56.48 56.672 62
58.56 58.816 59
59.2 59.328 64
60.32 60.544 60
61.44 61.792 43
61.664 61.856 55
62.112 62.176 31
62.112 62.4 33
62.144 62.176 52
63.232 63.424 64
63.744 63.872 66
63.744 63.936 63
64.48 64.672 60
65.44 65.472 57
65.984 66.048 48
66.016 66.08 60
66.272 66.656 47
76.128 76.96 50
