5.248 5.76 49
5.248 5.824 68
5.248 5.856 56
5.888 8.96 68
9.792 10.656 60
9.952 11.264 51
11.264 11.328 41
12.384 12.992 49
12.384 13.76 61
12.992 14.144 49
14.144 14.88 49
16.544 16.576 42
17.344 17.408 42
20.416 20.672 63
20.672 20.96 63
20.96 21.6 75
21.376 21.6 58
21.952 21.984 99
24.96 27.168 44
26.176 26.464 56
26.496 27.2 85
27.808 27.904 73
28.96 29.28 51
29.536 29.824 51
31.616 31.872 63
31.712 31.968 79
33.248 33.632 44
34.24 34.624 56
36.64 36.896 51
37.216 37.376 55
43.072 43.328 51
45.344 45.664 51
46.88 47.168 60
50.144 50.464 51
50.464 50.72 55
50.72 51.008 51
51.008 51.072 58
51.328 51.936 63
56.48 56.704 73
58.208 60.096 56
58.368 60.0 65
59.968 60.576 92
61.824 63.456 61
61.92 62.24 68
62.048 62.208 80
62.336 62.528 92
62.656 64.64 56
62.912 63.072 92
63.2 63.392 80
64.064 64.544 66
64.544 65.28 66
65.472 65.6 63
65.6 66.144 63
65.6 67.04 68
66.144 66.368 63
66.368 67.04 63
68.544 68.704 80
68.704 69.408 80
73.088 73.28 80
73.12 73.536 56
73.376 73.536 92
73.536 74.144 56
75.936 76.256 68
77.408 78.592 56
78.304 78.624 66
80.032 80.256 82
80.928 81.376 63
81.344 81.376 75
81.472 81.6 66
81.6 81.76 66
81.76 82.048 66
81.888 82.048 56
82.048 82.176 66
82.048 82.304 56
82.176 82.816 66
82.304 82.752 56
85.76 85.824 60
93.216 94.944 56
96.736 98.048 56
102.144 102.272 44
104.384 104.608 68
106.144 106.176 43
107.936 108.128 56
108.128 109.984 56
108.128 110.016 49
108.128 110.016 61
108.128 110.016 65
114.496 114.528 43
115.296 117.12 65
125.216 125.28 66
125.856 126.08 66
136.864 138.144 56
143.424 143.552 65
143.424 143.84 56
143.424 144.096 49
143.424 144.128 68
143.712 144.128 65
144.96 145.856 56
146.4 147.008 44
146.4 147.008 49
146.4 147.008 53
147.008 147.616 37
147.008 147.616 44
147.008 147.616 49
147.008 148.992 53
147.616 148.992 49
147.616 149.024 44
147.616 149.056 37
147.648 148.992 56
150.368 150.72 56
150.368 150.944 61
150.368 150.944 65
150.368 150.944 68
150.944 151.552 61
150.944 151.552 65
150.944 151.552 68
150.944 152.192 56
151.552 152.16 61
151.552 152.16 65
151.552 152.16 68
152.16 152.736 61
152.16 152.736 65
152.16 152.736 68
152.736 153.344 61
152.736 153.344 65
152.736 153.344 68
153.344 153.952 61
153.344 153.952 65
153.344 153.952 68
153.344 154.304 56
153.952 154.528 61
153.952 154.528 65
153.952 154.528 68
154.528 155.168 65
154.528 155.168 68
154.528 155.2 56
154.528 155.744 61
155.168 155.712 65
155.168 155.712 68
155.712 156.32 65
155.712 156.32 68
155.744 156.32 61
156.32 156.896 68
156.32 156.96 65
156.32 157.376 61
156.896 157.472 68
156.96 157.056 66
157.472 157.824 66
157.472 157.856 63
157.472 158.528 68
158.08 158.592 66
158.688 159.264 66
158.688 159.264 68
158.688 160.352 60
159.264 159.84 66
159.264 159.872 68
159.84 161.12 66
159.872 160.32 68
160.48 161.056 68
161.056 161.664 65
161.056 161.664 68
161.664 162.272 65
161.664 162.272 68
162.272 162.848 65
162.272 162.848 68
162.848 163.456 65
162.848 163.456 68
163.456 164.704 68
163.456 165.216 65
164.096 164.64 66
164.096 164.672 58
164.64 165.024 61
164.64 165.216 66
164.672 165.024 58
165.216 165.632 61
165.216 165.856 66
165.248 166.816 58
165.856 166.464 66
166.464 167.04 66
167.04 167.488 66
167.072 167.52 58
167.712 168.608 56
168.224 168.832 68
168.832 169.248 61
168.832 169.408 68
168.832 169.44 56
169.408 170.016 68
169.44 169.984 61
169.44 171.04 53
170.016 170.624 68
170.048 170.624 61
170.048 170.624 65
170.624 171.104 61
170.624 171.232 65
170.624 172.448 68
171.232 171.744 61
171.232 171.776 66
171.776 172.352 66
171.808 172.16 58
171.808 172.384 61
172.352 172.8 66
172.384 172.768 61
172.384 173.952 58
172.768 172.864 54
173.024 173.6 66
173.6 174.208 66
174.208 174.24 70
174.208 174.656 58
174.848 175.744 56
175.392 175.712 61
175.392 176.544 68
175.968 176.448 61
175.968 176.576 56
176.544 177.152 68
176.576 177.184 61
176.576 178.176 53
177.152 177.728 68
177.184 177.76 61
177.184 177.76 65
177.728 178.368 68
177.76 178.176 61
177.76 178.176 65
178.368 178.944 68
178.944 179.296 63
178.944 179.552 66
178.944 179.552 68
179.552 179.904 66
179.552 179.936 68
179.552 180.8 63
180.192 181.088 60
181.344 181.76 68
181.344 181.824 60
181.376 181.728 63
183.136 183.488 65
183.136 183.776 68
184.32 184.928 68
184.352 184.928 77
184.928 185.6 68
184.928 186.208 77
185.568 187.168 65
186.752 187.328 68
187.328 187.936 68
187.328 188.064 65
187.936 188.992 68
187.968 188.032 63
188.576 188.96 56
189.824 190.464 56
189.824 190.464 61
189.824 190.464 65
190.464 191.328 65
190.464 192.16 56
190.464 192.192 61
192.672 192.736 58
193.568 193.824 58
195.264 195.584 57
196.128 196.96 41
196.352 197.504 53
196.96 197.824 41
198.016 199.2 53
198.912 199.52 57
199.52 199.744 58
199.744 200.896 53
200.608 201.248 58
200.896 201.28 53
201.504 201.824 58
203.136 204.288 53
204.8 205.984 53
207.168 207.424 58
209.152 209.184 58
211.136 211.456 66
211.68 211.936 60
211.68 212.032 63
213.344 214.272 53
215.072 216.0 42
215.072 216.288 54
216.288 216.576 42
216.8 217.728 53
217.12 217.696 41
217.696 218.272 41
218.528 219.136 53
219.744 220.128 53
220.32 221.248 53
220.96 221.216 58
223.712 224.384 53
225.376 227.008 53
225.984 226.336 63
226.304 227.712 41
227.104 228.288 53
227.744 228.0 58
228.032 228.608 61
230.528 231.68 51
231.36 232.48 55
232.192 233.408 51
240.64 241.856 51
240.928 241.312 55
243.2 243.904 55
244.096 245.248 59
244.928 245.344 62
245.248 245.6 59
254.272 255.488 51
255.136 255.616 55
256.608 256.896 51
256.832 257.536 55
256.896 257.216 51
258.656 259.808 56
270.048 271.36 56
277.248 277.568 68
277.408 277.568 56
277.408 278.336 67
277.568 278.016 56
277.856 278.944 68
278.304 279.52 53
279.136 279.552 56
279.776 280.352 65
280.096 281.344 53
280.864 281.12 68
280.992 281.504 56
281.888 283.136 53
282.752 283.392 56
283.712 284.832 56
284.608 285.92 60
285.504 286.304 56
285.92 286.368 60
286.08 287.104 66
286.368 286.688 56
286.368 287.104 60
287.328 288.544 53
288.192 289.12 56
289.088 290.336 53
289.952 290.368 56
291.648 291.968 70
292.288 292.736 58
292.992 293.056 90
293.28 294.208 66
293.568 294.304 61
293.728 293.952 58
294.88 296.064 49
295.392 295.808 61
295.552 295.872 68
296.256 296.352 56
296.576 296.672 61
296.864 297.536 68
296.864 297.76 65
297.152 297.888 61
298.848 299.168 70
299.904 301.152 58
300.48 301.472 66
300.736 301.504 61
302.592 303.296 61
302.592 304.576 67
303.264 303.456 56
303.456 304.16 56
303.456 304.64 49
304.064 304.16 65
304.16 304.448 56
304.352 305.12 61
305.28 306.112 56
306.08 306.176 60
306.176 307.456 60
307.456 307.68 66
307.68 308.544 66
308.896 310.144 56
309.472 310.464 65
309.792 310.816 61
310.656 311.2 56
311.328 311.552 61
311.328 311.968 56
311.552 312.192 61
313.408 315.392 56
314.496 316.096 60
315.776 316.096 56
316.256 317.184 56
317.152 317.632 61
317.632 317.92 61
319.488 320.128 56
320.096 320.96 61
320.224 321.472 49
320.256 322.24 53
320.832 321.44 56
321.44 322.272 56
321.504 322.24 65
321.504 322.304 61
323.872 324.192 60
324.48 324.736 60
324.736 325.44 60
325.312 326.176 68
325.44 326.048 60
327.456 328.544 56
329.664 330.72 49
330.176 330.848 61
331.04 331.328 56
331.648 332.512 66
331.904 333.152 60
332.576 333.184 66
333.184 333.44 66
333.472 333.696 60
333.696 333.76 60
335.488 336.032 61
338.176 339.456 56
339.072 340.128 61
340.864 341.44 61
342.688 343.968 61
346.144 346.464 63
346.432 346.752 90
346.432 346.944 68
346.464 346.784 63
350.208 350.816 56
351.328 351.392 68
351.968 352.064 68
355.008 355.328 77
355.328 355.84 56
355.968 357.152 73
357.152 357.728 73
358.976 359.424 56
359.584 360.672 73
360.8 361.408 73
361.408 362.432 73
363.584 364.064 44
363.744 364.0 41
364.0 364.608 41
364.512 365.568 44
365.568 367.744 44
365.824 369.92 53
367.168 367.968 56
367.552 367.904 68
367.904 368.864 68
368.192 368.544 77
369.76 373.696 80
370.144 372.64 85
370.272 370.624 92
370.624 373.536 92
375.488 375.552 41
