2.496 3.488 53
3.488 4.416 53
4.416 6.4 53
6.4 8.416 53
8.416 9.472 53
9.472 10.208 53
10.496 10.848 60
14.464 15.264 56
14.592 14.88 41
18.432 19.904 56
20.704 21.6 44
22.368 22.528 33
22.496 22.56 32
22.912 23.104 32
23.104 23.296 32
23.296 24.928 32
23.488 23.552 56
24.896 26.976 43
24.992 26.88 62
25.024 26.976 67
27.84 28.736 63
27.936 28.864 57
38.304 39.04 49
42.08 42.528 40
42.528 43.52 40
43.488 44.48 42
47.872 47.904 31
48.096 48.16 37
54.304 54.816 36
55.712 57.696 53
55.744 57.728 41
55.744 57.792 57
59.68 60.128 51
61.6 62.656 53
62.656 63.616 53
63.616 65.44 53
65.696 66.24 60
67.52 69.216 41
67.872 70.752 50
71.648 71.712 57
79.168 79.2 32
91.68 92.416 62
96.384 97.312 50
97.312 98.368 50
99.84 99.904 50
105.344 105.76 63
108.672 108.736 31
109.536 110.144 60
109.856 110.496 58
110.976 111.552 69
110.976 111.648 63
111.616 111.68 50
113.472 113.856 67
115.648 116.032 69
116.8 117.472 67
119.04 120.832 62
119.424 120.448 66
121.216 121.952 60
121.632 121.952 58
123.84 124.832 60
124.544 124.928 57
125.312 126.336 58
126.784 127.776 63
127.488 127.872 60
128.608 129.344 58
131.168 132.224 57
131.744 132.288 50
134.176 134.592 55
134.56 135.2 62
134.784 134.848 48
134.848 135.232 51
136.288 136.8 46
137.504 138.272 39
139.04 139.744 58
139.04 139.776 67
140.192 140.512 58
140.512 140.896 58
140.8 141.344 51
141.664 142.08 60
142.304 143.616 50
143.52 144.288 67
143.52 144.32 43
144.256 145.792 50
144.672 145.312 65
145.44 145.792 55
146.272 147.264 63
146.592 147.264 60
149.12 149.92 58
149.696 150.304 51
151.008 151.712 57
151.776 153.216 43
152.128 153.248 58
152.928 153.248 55
154.464 155.264 55
154.848 155.904 50
155.904 156.512 50
160.544 161.504 58
161.536 163.36 51
163.424 164.512 53
164.512 165.44 53
165.44 166.528 53
166.528 167.424 53
167.552 168.224 60
171.52 172.544 56
171.648 171.712 41
171.648 172.576 60
175.488 176.576 56
176.672 178.624 50
177.568 178.688 34
178.624 179.392 58
179.456 179.584 34
179.456 179.616 38
179.584 179.808 39
179.616 179.648 34
179.776 180.864 43
180.736 181.312 50
181.216 181.408 34
187.808 187.936 50
187.808 188.64 57
