0.512 0.8 57
0.512 0.96 62
2.592 2.72 81
4.128 4.384 62
5.856 5.92 62
7.488 7.584 81
9.024 9.28 62
9.28 9.568 62
14.976 15.104 78
23.296 23.52 69
24.16 24.288 69
25.184 25.248 69
25.376 25.472 69
25.568 25.664 69
25.76 26.08 69
26.976 27.136 61
27.424 27.584 62
27.84 27.936 64
30.4 30.432 64
30.592 30.688 64
31.008 31.136 64
31.104 31.168 76
31.808 32.256 57
32.256 32.576 57
34.048 34.112 59
35.328 35.392 59
36.224 36.352 59
37.728 38.144 61
40.928 41.024 57
41.152 41.248 59
42.016 42.08 57
44.448 44.576 59
44.64 44.672 57
44.864 44.928 56
45.28 45.376 57
46.016 46.144 61
47.072 47.328 69
49.376 49.664 61
50.4 50.56 57
51.712 51.84 69
53.216 53.408 69
54.368 54.496 69
55.456 55.488 42
56.096 56.224 69
56.832 57.12 59
59.04 59.296 61
59.136 59.328 56
59.136 59.328 62
59.136 59.808 52
59.168 59.488 71
61.504 61.792 68
63.008 63.36 62
64.992 65.504 52
67.296 67.328 57
67.296 67.68 62
69.376 69.504 81
72.64 72.672 62
77.408 77.504 66
86.752 86.848 59
90.976 91.136 69
92.0 92.064 69
92.192 92.288 69
92.384 92.48 69
92.608 92.928 69
93.824 93.984 61
94.272 94.4 62
94.72 94.752 64
95.68 95.84 62
96.768 96.928 62
97.856 98.048 64
98.656 99.104 57
99.008 99.36 61
99.104 99.424 57
100.896 100.96 59
103.072 103.136 59
104.544 104.96 61
108.0 108.096 59
111.488 111.552 57
111.712 111.744 56
112.128 112.224 57
112.864 112.992 61
113.152 113.376 59
119.872 120.0 61
120.608 120.8 57
120.96 121.344 62
122.656 122.688 42
122.976 123.104 69
123.68 123.968 59
124.256 124.416 57
125.6 125.792 73
128.608 128.672 41
129.888 130.24 62
131.84 132.384 52
140.352 140.448 54
140.544 140.832 54
145.728 145.76 73
146.112 146.368 57
146.752 146.848 54
146.976 147.232 54
147.424 147.552 52
147.616 147.648 50
148.8 148.928 59
149.44 149.568 56
150.752 150.976 58
150.976 151.456 58
151.744 151.84 69
154.24 154.368 73
157.248 157.44 58
159.84 160.064 42
163.616 163.744 57
164.128 164.928 62
164.128 165.184 67
167.36 167.52 69
168.128 168.448 60
168.128 168.608 76
168.32 168.448 66
170.336 170.56 59
170.56 170.688 59
172.544 172.864 50
172.864 173.248 59
173.536 173.792 62
173.92 174.24 59
174.4 174.56 69
175.168 175.456 60
176.928 177.024 59
178.848 178.944 52
178.848 178.976 57
179.552 179.872 50
190.048 190.144 79
191.776 191.84 62
192.192 192.288 59
192.704 192.832 69
200.48 200.576 69
200.672 200.768 69
200.864 200.96 69
201.088 201.568 69
202.08 202.24 62
202.72 202.944 67
203.328 203.52 62
206.08 206.144 69
206.336 206.464 69
207.968 208.288 57
209.024 209.28 81
211.744 211.872 57
214.72 214.88 61
214.72 214.88 81
216.864 216.928 73
223.008 223.104 66
223.264 223.36 64
224.352 224.384 73
225.376 225.504 67
228.672 229.056 62
229.088 229.12 55
229.088 229.312 67
230.176 230.464 62
230.72 230.944 50
233.056 233.12 61
233.664 233.696 52
233.856 233.952 52
234.4 234.592 62
235.2 235.296 59
235.968 236.0 67
236.16 236.288 67
236.288 236.704 62
237.216 237.504 62
238.368 238.464 81
240.672 240.832 62
243.264 243.328 81
245.568 245.696 62
245.76 245.824 57
247.2 247.424 74
248.928 249.248 69
249.76 249.888 54
253.504 253.6 69
254.848 255.008 88
256.352 256.96 67
258.848 259.52 64
