2.656 2.688 44
8.832 8.864 42
10.368 10.688 60
10.912 11.168 58
15.392 15.712 79
15.68 15.936 51
15.936 16.256 51
17.792 18.24 70
19.392 19.776 68
22.72 23.072 56
24.736 25.728 58
25.728 26.272 58
27.296 27.808 51
28.384 29.248 51
32.0 32.48 58
33.568 34.528 51
34.048 34.528 56
34.176 34.24 53
34.592 35.52 51
34.688 35.2 53
35.2 35.616 53
35.584 35.936 55
35.584 36.416 51
43.136 43.68 50
66.336 66.944 62
67.136 67.712 70
72.096 72.224 62
74.72 74.752 55
76.672 77.216 53
84.448 84.672 58
93.536 93.792 62
94.848 95.424 56
95.936 96.256 41
96.64 98.24 58
102.624 102.688 44
110.336 110.656 60
110.88 111.136 58
113.088 114.016 51
113.088 114.048 39
114.016 114.112 51
115.616 115.872 51
115.872 116.256 51
119.328 119.744 68
122.688 123.04 56
124.256 124.768 55
124.704 125.728 58
124.768 125.312 55
125.728 126.208 58
126.24 126.688 51
127.296 127.776 51
128.352 129.024 51
131.392 132.384 51
133.536 134.08 51
134.016 134.464 56
134.56 135.264 51
135.008 135.424 56
135.136 135.552 53
135.552 136.48 51
139.904 140.992 62
143.072 143.648 50
150.112 150.496 60
153.728 153.984 58
166.304 166.88 62
171.424 171.808 58
172.032 172.16 62
174.656 174.688 55
181.344 181.504 79
184.384 184.64 58
184.896 184.992 62
190.4 190.848 62
193.472 193.696 62
194.784 195.328 58
201.504 202.624 52
204.864 205.952 50
214.88 215.104 41
215.104 215.392 41
215.392 215.616 41
215.616 216.384 41
216.384 216.448 53
217.408 217.92 41
217.408 218.784 68
222.432 222.624 42
224.8 224.832 55
225.312 225.344 55
225.824 225.92 56
226.848 227.36 44
227.36 227.872 44
230.496 231.008 49
230.976 231.04 60
233.92 234.144 51
235.008 235.36 51
235.584 236.0 60
236.352 236.8 56
237.312 237.568 60
237.856 238.368 56
238.688 239.104 58
240.416 240.672 58
240.448 240.608 60
240.928 241.152 58
242.656 242.912 56
243.712 244.224 56
244.224 244.544 56
245.28 245.824 54
245.824 246.208 54
246.304 246.816 54
246.816 247.328 54
247.328 247.68 54
248.896 249.408 52
249.216 250.272 49
249.408 250.272 52
252.704 252.8 62
255.648 255.904 65
262.336 262.88 51
262.848 262.88 44
265.248 265.952 56
265.536 265.984 62
266.272 266.72 67
266.272 266.816 58
266.72 267.264 67
268.768 269.024 56
269.024 269.216 56
270.592 270.88 60
283.68 283.968 51
286.88 287.36 51
288.448 288.64 56
288.512 288.896 53
289.568 289.92 55
303.456 303.648 63
305.6 306.176 63
312.448 312.704 63
318.048 318.624 71
325.952 326.208 58
326.496 326.752 58
329.12 329.184 58
329.376 329.664 60
331.072 331.744 63
339.584 339.872 79
340.096 340.352 62
350.08 350.784 70
350.784 350.976 63
354.464 354.816 58
360.928 361.472 52
361.472 362.016 52
364.256 365.376 50
374.272 374.528 41
374.528 374.784 41
374.784 375.04 41
375.04 375.776 41
375.776 375.936 53
376.832 377.312 41
376.832 377.728 68
384.672 384.736 55
385.216 385.312 56
386.752 387.232 44
389.888 390.4 49
393.248 393.472 51
394.336 394.688 51
395.712 396.128 56
396.352 396.672 60
396.672 397.408 60
399.328 399.904 60
399.744 400.0 58
400.256 400.512 58
402.016 402.432 56
403.584 403.936 56
404.0 404.224 51
404.608 405.152 54
405.152 405.568 54
405.568 405.728 56
405.664 406.144 54
406.144 406.688 54
406.56 407.008 56
406.688 407.008 54
412.032 412.128 62
412.544 412.608 56
414.944 415.232 46
414.976 415.264 65
422.176 422.208 44
424.032 424.256 72
424.608 425.28 56
424.832 425.824 62
425.6 426.144 58
428.096 428.352 56
428.352 428.544 56
428.608 428.704 56
429.888 430.24 60
433.568 433.6 56
436.16 437.248 53
443.04 443.296 51
446.176 446.688 51
446.816 447.232 53
447.84 448.224 53
450.944 451.296 55
462.752 462.912 63
471.68 471.936 63
481.088 481.504 75
485.184 485.44 58
488.64 488.928 60
499.328 499.584 62
503.04 503.36 75
509.344 510.048 70
509.504 509.76 63
513.696 514.112 58
514.848 515.168 68
519.136 521.664 62
