1.408 1.44 51
1.664 2.048 39
2.208 2.656 46
2.368 2.496 51
2.592 2.784 67
3.584 3.712 63
4.064 4.224 68
5.472 5.664 60
6.752 6.848 53
7.392 7.456 53
7.424 7.52 41
9.056 9.472 39
9.152 9.504 55
9.76 9.952 79
9.76 10.08 46
9.856 10.208 58
10.368 10.624 63
10.56 10.688 79
10.976 11.136 63
11.296 11.52 60
12.448 12.512 63
12.704 12.8 63
12.96 13.184 57
13.152 13.344 59
15.296 15.36 63
16.352 16.48 53
17.056 17.12 41
17.344 17.408 58
17.568 17.728 54
19.36 19.392 73
19.456 19.552 42
20.032 20.128 64
20.032 20.224 49
20.032 20.352 70
20.896 20.992 58
21.216 21.376 58
23.072 23.2 53
23.168 23.232 62
23.264 23.392 58
26.72 26.912 54
28.0 28.288 60
28.416 28.512 59
28.544 28.608 53
28.8 28.864 49
28.8 28.896 56
30.368 30.464 59
30.464 30.528 70
30.816 31.04 51
31.072 32.0 39
31.68 32.0 51
31.776 31.968 79
32.064 32.192 75
32.064 32.288 58
32.352 32.448 79
32.352 32.544 58
32.352 32.704 63
34.336 34.56 51
34.976 35.104 53
36.16 36.224 53
36.768 36.896 53
37.792 37.952 56
38.56 38.88 55
38.816 39.264 70
39.168 39.36 79
39.168 39.456 46
39.36 39.488 67
39.456 39.584 75
39.584 39.776 63
39.776 40.096 63
40.352 40.512 59
41.152 41.248 66
41.504 41.536 89
41.568 41.6 43
41.76 41.792 70
42.272 42.496 60
42.464 42.56 68
42.976 43.072 56
43.776 43.904 44
45.056 45.184 77
45.28 45.472 62
45.696 46.08 70
45.984 46.176 46
47.904 48.032 67
50.048 50.144 63
50.56 50.72 53
51.776 51.872 44
52.32 52.544 62
57.216 57.312 75
57.952 58.112 43
60.448 60.608 43
60.448 60.992 46
60.608 60.704 63
60.896 60.992 63
61.952 62.272 58
62.528 62.816 58
62.816 62.944 58
63.104 63.264 58
63.424 63.552 51
63.808 63.872 51
63.808 64.992 63
64.768 65.184 39
65.728 67.2 79
67.168 67.264 58
