0.512 0.576 27
9.952 11.424 62
11.36 11.424 44
12.48 12.864 56
18.72 18.912 62
22.24 23.744 51
30.688 30.848 66
31.136 31.264 66
34.848 34.912 43
37.408 37.568 66
46.56 47.424 58
50.976 51.072 51
57.024 57.28 51
57.792 57.984 51
59.488 59.84 53
59.84 60.224 38
59.84 60.224 50
60.928 61.28 60
61.696 62.016 50
63.872 64.64 50
64.64 65.216 50
64.64 65.216 53
65.376 65.92 50
66.112 66.688 50
66.88 67.744 50
69.184 69.248 49
69.92 70.368 49
72.416 73.248 58
73.248 73.632 51
73.632 73.664 54
73.632 73.856 50
73.856 74.368 62
73.856 74.624 50
74.88 74.976 69
78.752 79.584 54
88.32 88.352 35
89.024 89.568 56
90.464 90.784 56
91.2 91.264 31
91.2 91.264 59
91.936 92.48 59
93.344 93.376 59
96.96 98.464 59
96.992 97.024 65
101.344 101.44 55
103.04 104.48 56
119.264 119.328 59
120.608 120.8 48
120.768 120.992 36
120.864 121.024 48
120.896 120.992 60
121.184 122.112 48
121.408 121.504 53
121.792 121.856 53
122.176 122.272 60
122.368 122.688 48
122.784 123.008 48
123.168 123.36 48
123.36 123.456 48
123.552 123.68 55
123.744 124.032 48
124.032 124.192 60
124.16 124.256 50
124.448 124.864 38
124.64 124.928 39
124.96 125.056 53
125.6 125.888 43
125.824 126.016 44
126.016 126.528 44
126.176 126.24 54
127.136 127.392 48
127.296 128.416 36
127.392 128.032 48
127.744 127.808 53
127.936 128.064 60
128.32 128.416 43
128.512 128.608 60
128.8 128.96 60
128.992 129.088 36
129.504 129.696 48
129.696 130.08 48
129.888 129.952 55
129.888 130.016 64
130.08 130.496 48
130.592 130.752 50
130.976 131.264 39
131.264 131.328 53
131.936 132.224 43
132.192 132.352 44
132.352 132.832 44
132.608 133.312 42
134.656 134.976 79
136.032 136.128 60
137.216 137.472 62
139.584 139.904 43
139.968 140.128 43
140.352 140.416 43
140.352 140.448 59
140.544 140.64 43
140.544 140.64 50
140.736 140.864 43
140.928 141.024 50
140.928 141.088 43
141.888 142.624 51
143.488 143.84 44
143.68 143.776 51
143.84 144.16 44
144.032 144.16 51
144.736 144.768 56
144.736 144.8 32
145.024 145.536 75
145.024 145.568 78
145.024 145.664 51
145.824 145.92 46
145.824 145.952 53
146.208 146.304 46
146.208 146.336 51
146.4 146.528 46
146.592 146.688 46
146.784 146.88 53
146.976 147.072 79
147.168 147.392 46
147.936 148.064 85
156.32 156.544 58
156.896 157.024 66
157.536 157.632 56
170.368 170.528 66
172.448 172.672 58
172.672 172.736 58
172.832 172.96 56
175.712 175.968 60
182.784 182.88 62
183.264 183.36 55
184.032 184.544 58
184.192 184.608 63
185.184 185.376 67
185.184 185.408 55
185.632 185.856 58
185.792 186.24 49
186.688 186.784 64
186.88 187.104 60
186.976 187.04 67
187.488 187.584 67
187.68 187.808 60
187.872 187.968 68
187.968 188.256 41
188.256 188.352 57
188.64 188.736 50
189.024 189.184 48
189.216 189.312 72
189.824 190.144 44
190.112 190.176 56
190.176 190.272 75
190.592 190.624 52
190.816 190.912 51
191.072 191.264 44
191.264 191.648 44
191.36 191.456 72
191.648 191.808 44
191.776 191.936 32
194.56 194.656 55
195.36 195.68 55
195.456 195.904 49
195.808 195.904 67
196.352 196.416 64
196.544 196.704 60
196.576 196.736 64
196.928 197.056 60
197.024 197.088 53
197.12 197.216 67
197.312 197.44 60
197.6 197.728 41
197.696 197.824 60
197.792 197.92 41
198.272 198.368 50
199.744 199.808 56
199.84 199.936 75
199.84 200.128 43
200.224 200.32 76
201.12 201.44 92
203.584 203.904 63
204.032 204.544 67
204.352 204.544 65
204.544 204.608 65
204.768 205.44 58
205.312 205.472 56
206.304 206.496 48
206.944 207.136 60
206.944 207.232 51
207.232 207.456 63
207.648 207.872 63
212.672 212.768 43
212.672 212.896 79
213.472 213.536 48
214.272 214.592 46
214.272 215.008 79
214.88 215.104 51
215.584 215.616 56
217.664 219.712 50
217.664 219.712 55
219.68 219.712 48
220.256 220.544 48
220.448 220.576 53
220.64 220.736 55
220.736 220.8 60
220.832 220.928 53
220.832 220.96 41
221.216 221.344 60
221.44 221.536 55
222.016 222.112 41
222.016 222.208 48
222.208 222.4 48
222.4 222.432 53
222.4 222.432 68
222.4 222.496 48
222.592 222.72 55
222.592 222.72 64
222.784 223.072 48
222.944 223.264 36
223.2 223.296 50
223.456 223.52 62
223.488 223.776 38
223.584 223.648 51
224.0 224.064 53
224.64 224.96 43
224.864 225.056 44
225.056 225.472 44
225.184 225.28 54
226.176 226.464 48
226.784 226.88 53
226.976 227.072 55
227.168 227.264 53
227.552 227.68 60
227.872 227.968 60
228.352 228.416 41
228.544 228.64 48
228.736 228.768 53
228.832 228.896 60
228.928 229.024 55
229.28 229.6 36
229.568 229.632 50
229.728 229.824 81
229.792 230.24 38
229.824 229.856 62
230.336 230.368 53
230.592 230.816 41
230.816 231.328 43
231.008 231.136 67
231.232 231.392 44
231.392 231.904 44
231.52 231.616 54
231.776 232.352 42
233.792 233.984 60
235.296 235.392 44
236.288 236.512 62
238.624 239.008 43
239.008 239.328 43
239.2 239.328 60
239.392 239.52 43
239.584 239.712 43
239.776 239.872 43
240.16 240.288 55
240.16 240.448 43
240.576 240.64 50
240.96 241.408 51
242.528 242.624 44
242.72 242.816 44
242.912 243.008 44
243.104 243.232 51
244.064 244.512 75
244.064 244.704 51
244.064 244.832 54
244.672 244.896 60
244.864 245.12 53
244.896 244.96 46
245.248 245.376 50
245.44 245.536 46
245.632 245.728 46
245.824 245.888 53
246.016 246.112 79
246.208 246.304 75
247.968 248.128 46
248.736 248.832 74
248.928 248.992 74
249.12 249.536 69
255.552 255.648 58
255.744 255.84 56
255.968 256.064 66
265.6 265.984 56
266.048 266.112 56
271.488 271.744 58
279.52 279.776 56
280.352 280.512 58
282.272 282.432 67
282.464 282.752 63
282.464 282.784 58
284.064 284.16 58
284.16 284.256 55
284.256 284.384 58
285.76 285.824 64
285.952 286.144 60
285.984 286.112 64
286.336 286.464 60
286.432 286.528 53
286.528 286.624 67
286.72 286.848 60
286.912 287.008 68
287.008 287.296 41
287.296 287.36 69
287.296 287.392 57
287.68 287.776 50
289.152 289.216 56
289.216 289.344 75
289.824 289.952 51
290.144 290.304 44
290.304 290.496 44
290.496 290.688 44
290.688 290.88 44
290.816 290.88 58
290.816 290.944 32
291.008 291.072 56
292.896 293.184 63
293.792 293.888 55
294.496 294.944 49
295.36 295.456 58
295.584 295.744 60
295.968 296.096 60
296.064 296.192 53
296.16 296.288 67
296.384 296.512 60
296.64 296.928 41
296.928 296.96 69
297.312 297.44 50
297.344 297.472 62
297.92 298.016 72
298.496 298.848 44
298.88 298.976 75
298.912 299.168 43
299.264 299.392 76
299.392 299.712 88
300.48 300.512 58
301.984 302.112 63
302.944 303.296 56
303.392 303.648 65
305.76 305.856 51
305.76 305.888 55
305.76 305.888 79
305.984 306.112 51
306.56 306.656 51
306.784 306.912 53
310.112 310.272 84
311.712 311.808 43
312.512 312.768 48
312.544 312.576 91
313.312 313.408 46
313.92 314.08 51
314.304 314.336 46
314.432 314.464 56
315.744 315.808 50
328.192 329.568 62
336.64 336.992 66
340.448 341.824 58
347.712 347.904 66
349.28 349.472 66
354.208 355.936 59
355.936 358.944 66
355.936 359.136 62
359.168 360.672 64
359.168 362.368 67
360.576 370.304 47
360.608 361.984 59
365.76 368.768 57
365.888 371.424 54
371.104 371.232 52
371.328 371.36 57
371.936 372.0 52
372.128 372.192 52
374.496 374.528 69
374.848 375.008 69
377.056 377.12 50
377.088 377.184 62
377.472 377.664 62
378.048 378.112 69
380.608 380.736 60
381.088 381.248 48
384.416 384.544 69
384.544 384.704 60
384.64 384.8 48
387.104 387.232 60
387.168 387.328 48
387.264 387.36 59
387.36 387.52 47
389.312 389.408 59
389.824 389.92 77
390.496 390.624 58
391.648 391.776 58
391.648 391.808 41
392.032 392.192 56
392.16 392.256 67
392.448 392.608 41
392.96 393.024 63
393.12 393.376 39
393.92 394.08 39
394.368 394.528 50
394.496 394.592 60
394.592 394.72 48
394.688 394.784 35
394.88 395.008 43
395.072 395.712 43
395.104 395.136 37
395.552 395.712 48
396.224 396.352 50
396.256 396.352 59
397.216 397.408 62
397.248 397.44 50
397.824 397.952 59
397.824 397.984 62
397.824 398.016 43
398.016 398.176 55
398.016 398.304 43
398.208 398.304 50
398.208 398.336 53
398.4 398.624 55
398.592 398.72 53
398.976 399.072 43
399.168 399.296 43
399.36 399.584 50
399.552 399.648 76
399.552 399.872 55
400.16 400.288 60
400.576 400.64 77
400.768 400.896 55
400.992 401.152 43
401.152 401.216 40
401.152 401.344 43
401.344 401.44 43
401.984 402.176 50
402.528 402.592 50
403.744 403.968 43
404.064 404.096 38
404.064 404.288 43
404.096 404.256 59
404.288 404.864 43
404.288 404.896 55
404.48 404.608 53
404.864 404.96 43
404.864 404.992 53
405.056 405.248 43
405.248 405.344 43
405.44 405.824 43
405.632 405.696 38
405.632 405.76 50
405.824 405.92 76
405.824 406.112 55
406.048 406.08 40
406.432 406.496 60
406.816 406.88 80
406.816 406.976 77
407.04 407.296 55
407.232 407.264 50
407.232 407.424 74
407.392 407.456 76
408.416 408.448 77
408.416 408.48 50
408.416 408.48 80
408.608 408.832 55
408.8 409.024 50
408.8 409.024 74
408.832 408.864 52
408.992 409.024 76
408.992 409.632 31
409.792 409.952 55
409.984 410.016 29
415.744 415.808 60
415.936 416.032 60
416.64 416.896 48
417.216 417.376 48
417.632 417.76 60
417.824 417.888 53
418.208 418.272 60
418.4 418.496 60
418.4 418.528 55
418.496 418.656 60
418.784 418.912 58
418.976 419.04 53
418.976 419.072 41
419.2 419.264 48
419.392 419.424 89
419.776 420.032 48
420.032 420.192 60
420.192 420.256 50
420.448 420.736 38
420.96 421.024 53
421.76 421.792 32
421.856 421.952 44
423.168 423.424 48
423.424 423.584 60
423.584 423.776 48
424.16 424.192 53
424.512 424.64 60
425.024 425.152 60
425.408 425.504 60
425.792 425.856 60
425.888 426.016 64
426.112 426.304 60
426.112 426.368 48
426.88 426.976 49
427.68 427.968 53
428.192 428.384 42
428.384 428.512 42
428.48 428.768 56
428.512 428.544 32
429.184 429.472 44
429.568 429.824 44
429.696 429.92 58
430.24 430.496 39
430.88 430.912 54
431.04 431.296 42
431.36 431.872 44
431.68 431.744 58
431.68 431.808 78
432.512 432.608 60
432.928 432.992 52
432.992 433.056 40
433.376 433.536 41
433.536 433.728 53
433.792 434.144 43
434.976 435.072 48
435.296 435.552 37
435.68 435.776 36
437.984 438.048 68
440.736 440.832 60
441.504 441.792 60
445.76 445.952 56
446.56 446.72 56
449.184 449.248 53
452.416 452.608 87
452.608 452.672 79
452.992 453.12 79
454.624 454.72 77
456.736 457.056 60
457.568 457.728 82
459.104 459.2 63
460.0 460.16 56
462.848 462.976 59
463.072 463.392 59
463.072 463.392 62
463.36 464.128 60
463.904 464.128 55
464.544 464.832 51
464.544 465.056 63
464.672 465.152 60
464.832 465.12 51
465.376 465.504 52
465.376 465.536 64
465.6 465.696 52
466.432 466.656 52
467.168 467.296 58
467.392 467.52 60
467.424 467.552 64
467.776 467.904 60
467.968 468.096 67
468.16 468.288 60
468.352 468.448 68
468.448 468.736 41
468.736 468.8 69
468.992 469.088 60
469.12 469.248 71
469.152 469.216 50
470.112 470.144 89
470.272 470.4 76
470.656 470.976 44
470.976 471.04 56
471.072 471.136 41
472.992 473.056 77
473.312 473.6 55
473.504 473.984 60
475.008 475.072 52
475.008 475.2 55
475.008 475.2 64
475.008 475.232 61
475.2 475.456 55
475.456 475.552 52
475.68 476.224 52
475.872 476.096 58
476.224 476.448 61
477.024 477.12 60
477.44 477.536 60
477.6 477.696 67
477.824 477.92 60
477.984 478.08 68
478.08 478.4 41
478.784 478.816 71
478.784 478.88 50
479.456 479.552 60
479.552 479.68 59
480.32 480.352 41
480.32 480.64 44
480.608 480.704 56
480.704 480.832 40
481.12 481.184 48
481.504 481.6 75
481.504 481.696 41
482.304 482.4 74
482.688 483.072 60
483.392 483.424 79
483.392 483.616 60
484.192 484.352 63
484.192 484.352 80
484.992 485.088 62
485.216 485.376 55
485.472 485.76 59
488.544 488.576 53
489.12 489.216 48
489.12 489.216 60
489.344 489.632 48
489.728 489.888 48
489.952 490.048 53
490.144 490.272 60
490.336 490.464 53
490.336 490.496 48
490.528 490.656 55
490.72 490.816 60
490.72 490.944 48
490.944 491.04 48
490.976 491.168 60
491.328 491.552 48
491.552 491.584 60
491.552 491.616 53
491.552 491.68 48
491.744 491.872 48
491.936 492.0 60
491.936 492.0 89
491.936 492.096 48
492.352 492.448 60
492.352 492.64 48
493.152 493.824 58
493.824 494.112 58
493.952 494.24 44
494.464 494.496 56
495.04 495.648 60
495.168 495.232 50
496.576 496.64 30
498.592 498.784 51
520.352 521.824 63
534.24 534.368 67
534.272 534.304 48
539.04 540.992 53
551.072 551.36 48
551.36 551.712 60
551.424 552.48 36
551.872 551.968 53
552.064 552.48 48
552.256 552.352 53
552.64 552.768 60
552.832 553.056 60
553.44 553.632 48
553.632 553.824 48
553.824 553.856 89
553.824 553.888 48
554.208 554.4 87
554.208 554.496 48
554.592 554.624 58
554.592 554.656 46
554.592 554.656 51
554.976 555.232 42
556.608 556.64 51
556.8 556.896 63
557.632 557.728 63
558.24 558.272 26
558.24 558.272 27
559.136 559.2 27
559.136 559.424 24
