0.768 1.024 50
1.504 2.432 43
2.272 2.464 67
2.752 2.816 51
2.752 2.912 60
3.744 3.776 50
4.704 4.896 50
4.736 4.896 62
5.216 5.44 50
6.176 6.4 67
6.656 6.752 51
6.688 6.848 60
6.688 6.912 69
8.128 8.192 53
9.088 9.12 55
9.568 9.664 57
9.568 9.824 54
10.592 10.688 58
11.296 11.776 50
11.712 11.84 62
12.32 12.416 58
12.8 13.216 60
13.28 13.568 50
13.664 13.792 50
14.528 14.56 52
15.232 15.712 50
15.744 16.064 55
15.744 16.16 58
17.44 17.664 63
17.696 17.792 51
19.392 19.712 62
19.424 19.488 57
20.48 20.64 69
20.96 21.312 50
21.408 21.6 50
22.432 22.464 62
22.432 22.496 50
23.168 23.232 43
23.904 24.096 67
24.384 24.48 51
24.384 24.576 60
24.416 24.576 69
24.64 24.896 48
25.824 25.92 53
26.4 26.72 48
27.552 28.064 37
27.552 28.064 49
29.504 29.536 52
30.592 30.656 62
32.448 32.896 58
33.44 34.144 58
36.384 37.088 43
36.384 37.28 59
37.664 38.496 62
44.768 45.12 51
49.024 49.568 57
52.896 53.056 60
53.952 54.528 60
56.448 57.344 57
57.12 57.76 62
57.952 58.048 53
60.192 60.288 31
60.896 61.664 59
62.944 63.744 67
66.208 66.72 60
68.096 68.832 41
68.832 69.184 41
69.376 69.632 51
71.968 72.256 77
77.824 79.232 58
83.872 84.192 41
84.192 84.928 41
84.928 85.664 41
86.688 87.072 58
87.424 88.448 51
88.928 89.6 41
89.6 90.784 41
92.768 92.8 61
93.152 93.216 72
95.04 95.616 61
95.744 96.384 61
97.888 98.496 61
98.592 99.296 61
99.296 99.68 61
99.68 101.28 61
101.056 101.376 66
102.496 102.816 49
102.816 102.848 62
103.168 103.648 59
104.576 104.928 56
105.28 105.76 50
106.912 107.232 66
108.352 108.8 49
108.64 109.376 61
110.08 111.2 64
111.808 111.936 50
111.84 111.872 31
112.256 112.384 55
113.376 113.504 60
114.752 114.912 50
114.752 115.488 59
114.752 115.552 43
115.104 115.68 67
116.512 117.632 67
122.656 123.008 41
123.136 123.488 51
125.888 126.304 76
127.168 127.232 57
127.392 127.936 57
131.296 131.424 64
131.296 132.192 48
134.944 135.68 57
137.376 137.44 69
137.696 138.016 41
138.016 138.4 41
138.4 139.488 41
140.512 141.504 58
141.984 142.336 70
142.592 143.2 63
142.752 143.776 41
143.776 144.128 41
144.128 144.64 41
149.568 150.208 61
151.712 152.32 61
151.904 152.384 53
152.416 153.152 61
153.504 154.496 61
154.88 155.2 66
156.32 156.672 49
156.64 156.672 62
156.992 157.344 59
157.344 157.472 59
158.4 158.784 56
159.104 159.552 50
160.384 160.928 65
160.736 161.088 66
162.176 162.592 49
162.496 163.2 61
166.08 166.304 55
167.2 167.36 60
168.576 168.928 59
168.576 170.016 43
168.928 169.504 67
175.776 176.48 41
176.48 176.864 41
176.992 177.312 51
178.976 179.488 67
179.712 180.16 65
180.448 180.96 60
181.184 181.664 60
181.888 182.4 65
182.464 182.752 67
182.784 182.816 44
184.064 184.224 56
186.112 186.912 50
187.36 187.776 55
187.584 188.16 50
187.744 187.776 51
188.352 188.544 50
188.384 188.544 57
189.056 189.376 50
190.528 190.752 67
191.04 191.104 51
193.248 193.6 43
193.728 194.656 43
194.464 194.624 67
194.944 195.04 51
194.976 195.136 69
195.168 195.232 58
197.376 197.408 55
197.376 197.44 60
197.44 197.568 48
197.856 197.92 57
199.136 199.552 43
199.584 200.064 50
200.0 200.128 62
200.128 200.576 58
200.576 200.704 58
200.96 201.408 48
201.6 201.824 50
202.08 202.368 50
202.112 202.336 58
203.52 203.968 50
203.936 204.032 62
205.792 205.888 58
205.792 206.016 63
205.984 206.112 51
206.752 207.04 62
207.712 208.032 62
207.872 207.968 57
208.448 208.48 31
208.704 208.864 62
208.864 209.024 62
212.192 212.448 67
212.704 212.8 51
212.704 212.896 60
212.928 213.216 48
213.408 213.728 50
215.328 215.616 50
215.616 215.712 52
215.744 215.872 66
218.048 218.912 37
218.88 219.488 62
219.488 219.872 62
219.84 219.904 57
219.84 220.256 38
219.872 220.288 50
220.224 220.576 68
221.056 221.152 53
221.28 221.376 68
221.984 222.144 51
222.336 222.432 60
222.432 222.496 75
222.432 222.848 60
223.68 223.936 69
223.712 223.776 75
223.776 224.064 87
223.904 224.416 57
226.4 226.432 69
226.72 226.784 63
230.048 230.272 55
230.912 231.072 55
232.768 232.832 50
232.992 233.44 38
234.144 234.4 55
235.072 235.392 50
236.896 236.928 40
237.44 237.792 79
241.024 242.144 51
241.728 241.76 42
242.016 242.08 60
244.192 244.608 67
244.736 245.216 67
245.152 245.536 60
245.536 245.568 32
245.728 246.048 54
245.888 245.952 69
246.56 246.912 63
246.752 246.784 38
248.032 249.984 43
248.576 248.736 50
248.576 250.144 31
249.152 249.728 50
249.984 250.368 34
251.36 254.4 58
