0.512 0.672 55
0.512 0.768 60
0.704 0.768 67
0.96 1.152 79
1.536 1.632 84
1.536 2.24 60
2.08 2.24 55
2.24 2.4 79
2.24 2.688 60
2.24 3.136 55
2.272 2.944 64
2.688 2.848 60
3.232 3.296 60
3.68 4.608 57
6.176 6.72 48
7.072 7.552 43
7.424 7.584 79
7.744 8.064 81
8.512 8.608 60
8.608 8.864 54
9.248 9.312 41
9.536 9.856 48
9.664 10.368 56
10.464 11.712 43
11.872 12.128 60
12.064 12.224 67
12.96 14.688 36
13.856 14.176 60
14.24 14.528 64
15.136 15.712 41
16.32 16.416 60
17.536 17.6 60
17.6 17.696 60
17.952 18.048 60
18.048 18.24 60
18.24 18.752 60
18.56 18.752 55
20.256 20.352 60
20.416 21.024 50
21.024 21.568 50
22.592 22.976 88
22.88 23.008 60
23.008 23.168 43
24.512 24.768 47
24.768 25.792 47
25.12 25.184 57
25.568 25.664 81
26.432 27.136 50
26.88 26.912 31
27.04 27.136 76
27.2 27.264 31
27.2 27.264 88
27.904 28.256 48
27.936 27.968 36
28.448 28.64 69
28.8 28.992 69
29.12 29.952 60
29.376 29.888 76
30.08 30.208 41
30.208 30.592 41
30.592 30.688 41
30.688 30.784 41
30.784 31.36 41
31.136 31.296 63
31.936 32.704 57
32.384 32.672 71
32.608 32.832 81
32.8 32.896 40
32.896 34.176 40
34.208 34.336 66
34.4 34.624 69
34.784 35.52 57
36.128 36.32 38
36.128 36.768 50
36.32 37.024 38
36.832 36.96 69
37.152 38.336 50
37.152 39.776 43
37.952 38.304 88
39.744 39.808 60
40.448 41.056 70
40.512 41.056 76
41.408 41.472 96
41.472 41.504 75
42.176 42.432 75
43.584 43.776 75
44.512 45.216 47
44.576 44.704 39
44.864 44.928 63
45.76 45.824 46
45.92 46.56 56
46.688 46.816 64
46.688 47.008 58
46.784 47.232 46
47.392 47.648 58
48.352 48.576 69
48.512 50.688 52
48.704 50.336 57
49.216 50.432 61
49.504 49.824 85
49.6 49.728 81
49.824 49.984 76
50.432 50.592 69
50.592 50.848 69
51.616 52.16 60
52.096 52.288 50
52.288 52.352 55
52.352 55.104 43
55.616 56.032 41
56.032 56.384 41
56.096 56.384 69
56.448 56.48 33
56.64 56.992 59
57.856 58.112 84
59.52 59.648 74
60.544 61.248 43
60.64 60.96 76
60.64 61.024 48
61.44 62.976 41
63.424 64.032 59
64.64 64.8 66
64.832 64.864 32
64.992 65.024 64
64.992 65.248 40
65.248 65.344 40
65.344 66.368 40
65.344 66.656 52
66.048 66.912 64
66.208 66.368 88
66.208 66.4 59
66.368 67.264 40
66.816 66.944 59
67.424 67.552 67
67.52 67.584 62
67.52 68.064 38
68.288 68.384 72
68.992 69.312 88
69.056 70.368 48
71.456 71.552 84
72.608 73.28 76
72.704 72.736 60
73.056 73.248 69
74.144 74.656 43
74.24 74.496 71
74.336 74.592 38
75.104 76.16 38
75.616 75.68 60
76.192 76.448 60
76.32 76.416 41
78.944 79.136 60
79.552 80.672 60
79.648 81.696 48
79.712 80.064 36
80.064 81.76 36
80.672 80.832 79
80.672 80.928 60
80.928 81.28 60
81.024 81.088 72
81.056 81.184 67
82.528 83.008 60
84.704 84.96 60
84.704 85.216 43
85.152 85.312 60
85.312 85.856 60
85.408 85.76 43
85.76 85.984 43
86.56 87.2 43
87.424 87.616 60
87.584 87.744 50
87.744 88.608 50
89.504 90.048 41
89.76 89.856 59
89.952 90.048 69
90.016 90.112 44
90.112 91.488 52
90.464 90.528 40
90.528 91.328 40
91.328 91.488 40
91.328 91.52 80
91.488 91.584 40
91.488 91.584 88
91.584 91.84 88
91.584 92.032 40
92.032 92.192 40
92.192 92.352 40
92.288 92.48 52
92.352 92.832 40
93.408 93.664 38
93.664 93.92 38
93.92 94.304 38
94.784 95.488 43
95.488 96.032 43
95.648 95.68 48
95.808 96.608 48
96.768 96.8 41
98.432 98.528 60
98.432 98.944 48
98.528 98.72 60
99.04 99.392 60
100.16 100.224 41
100.256 100.288 41
102.08 102.432 70
102.08 102.464 58
104.48 105.024 56
106.304 106.752 43
106.752 106.784 31
106.752 109.376 43
108.928 109.184 60
109.376 109.472 43
109.568 111.04 43
