5.312 8.672 66
9.504 9.696 56
9.952 11.872 70
13.312 13.344 42
13.856 16.064 68
16.064 16.352 56
17.12 18.656 61
18.656 19.84 63
18.656 20.256 66
20.992 22.272 58
22.208 22.24 41
22.208 22.272 53
24.192 25.824 58
24.608 25.792 56
28.128 29.376 58
30.08 33.888 44
31.808 34.944 56
36.256 38.752 54
39.168 39.584 41
39.168 40.064 49
39.584 40.064 41
40.064 41.344 41
40.064 41.344 49
49.472 49.664 44
53.536 54.56 70
57.536 57.76 61
57.536 57.792 66
57.92 58.144 70
57.92 58.176 61
57.92 58.176 66
60.736 62.272 66
65.152 65.248 66
67.424 68.128 66
72.672 72.736 30
74.016 74.4 54
75.744 75.968 58
78.88 79.264 60
84.96 85.312 63
85.312 85.632 51
85.632 85.92 51
85.92 86.72 51
86.592 86.976 68
86.944 87.264 66
86.944 87.296 75
87.616 87.808 78
87.936 88.864 73
89.984 90.976 70
91.008 92.768 68
93.184 94.912 66
94.88 95.584 56
95.168 95.84 44
96.512 97.056 56
96.704 96.992 65
96.896 97.792 68
97.792 98.048 68
99.84 100.096 65
100.672 101.216 68
101.28 101.92 44
102.08 102.784 68
102.24 102.848 65
103.04 103.936 53
104.576 104.736 70
106.304 106.848 51
106.752 106.88 44
107.328 107.584 60
114.976 115.136 62
115.136 115.584 62
115.904 116.224 63
115.904 116.352 70
116.224 116.448 63
116.416 116.704 68
119.648 119.936 56
124.0 124.16 83
126.08 126.208 66
126.688 126.816 66
126.816 127.008 66
128.448 128.544 69
128.704 129.216 61
128.928 129.216 64
131.296 131.424 69
131.456 131.744 66
135.712 135.808 49
136.832 136.896 37
136.832 137.184 44
137.184 137.312 44
137.312 137.696 51
137.312 137.728 44
139.168 139.488 51
139.296 139.392 44
139.456 139.648 44
139.648 140.0 44
139.808 140.128 51
140.128 140.256 51
140.256 140.512 51
140.416 140.768 58
140.736 141.088 51
141.92 141.984 51
142.848 143.168 51
143.296 143.616 56
143.424 143.744 58
144.32 144.832 51
145.472 145.792 51
145.92 146.144 56
146.048 146.496 58
146.944 147.52 60
148.48 149.152 63
148.96 149.312 61
149.952 150.304 63
151.296 151.808 58
151.296 152.0 63
151.808 152.192 58
153.088 153.344 63
154.144 155.104 66
156.608 156.928 66
156.928 157.024 66
157.568 157.952 66
158.496 158.56 73
158.656 159.2 66
158.688 159.008 75
163.168 163.936 65
163.68 164.064 84
164.256 164.416 81
164.384 165.6 65
165.6 166.88 65
167.392 167.456 82
168.704 169.952 85
169.312 170.816 65
170.144 170.592 82
170.976 171.488 66
171.168 171.52 68
171.328 171.36 44
171.488 172.96 66
171.488 173.024 63
171.744 171.808 78
173.024 174.4 63
175.04 175.456 70
175.2 175.424 84
177.856 178.816 60
178.272 178.816 78
178.848 178.912 54
178.848 178.976 66
179.008 180.416 70
182.112 183.52 56
183.488 185.088 58
185.568 185.632 65
185.568 185.76 72
185.568 185.92 75
185.728 185.952 56
187.968 191.968 44
191.744 193.44 77
206.944 209.728 41
210.176 211.264 39
211.264 214.112 39
212.608 214.592 66
215.072 215.648 44
215.648 218.848 44
219.904 220.224 56
220.992 222.496 56
221.216 221.28 60
222.112 222.72 44
222.496 222.688 56
223.488 224.064 56
223.68 223.744 60
225.216 225.312 66
225.248 228.0 64
225.28 227.04 68
228.448 229.248 60
230.912 231.712 60
234.528 234.56 80
234.528 234.72 68
234.528 235.392 56
235.392 235.68 56
235.68 238.112 56
238.944 243.072 44
239.904 243.424 56
240.384 242.688 65
242.624 243.392 80
244.192 248.128 80
244.32 247.808 89
244.48 248.384 92
