11.296 11.648 54
13.664 14.112 53
20.096 20.96 41
34.144 34.432 63
43.04 43.296 59
43.04 43.296 62
43.808 44.064 59
43.808 44.064 62
44.0 44.064 43
45.344 45.6 59
46.112 46.368 59
46.88 47.136 59
47.68 48.032 62
47.936 49.248 43
48.32 48.384 65
48.704 49.216 60
51.36 51.424 62
52.096 52.224 67
52.224 52.32 55
52.32 52.48 79
54.368 54.624 62
55.232 55.424 67
56.64 57.056 63
57.504 57.76 62
58.272 58.56 62
60.448 60.896 79
60.576 60.896 69
62.112 62.368 62
64.704 65.184 66
73.568 73.856 50
74.72 74.816 50
76.256 76.288 41
77.888 77.952 50
78.368 78.56 50
78.88 78.944 42
79.744 79.936 54
79.936 80.352 43
81.28 81.344 53
84.576 84.608 34
85.376 85.472 42
85.376 85.536 46
87.008 87.04 44
87.008 87.072 48
87.168 87.2 59
88.032 88.544 46
89.248 89.536 58
89.568 89.728 50
90.304 90.464 33
90.976 91.04 31
91.168 91.2 31
93.376 93.632 59
94.144 94.4 56
94.144 94.4 59
94.912 95.168 59
94.912 95.232 62
96.48 96.704 59
97.216 97.472 59
97.248 97.472 62
98.272 99.2 43
98.784 99.072 65
99.04 99.744 60
100.128 100.64 60
100.384 100.672 55
100.64 101.344 43
100.64 101.408 60
101.952 102.592 60
110.464 110.56 51
112.704 112.736 63
113.6 113.824 50
120.032 120.48 53
127.872 128.192 58
134.144 134.4 62
138.88 139.168 63
139.68 139.968 62
139.68 140.768 58
149.024 149.696 43
149.408 149.632 59
150.176 150.4 59
150.176 150.432 62
152.48 152.736 59
153.248 153.504 59
154.304 155.328 43
154.816 155.136 65
155.072 155.584 60
158.464 158.592 67
160.096 160.224 62
160.736 160.832 62
163.008 163.392 63
164.608 165.76 62
166.816 167.232 79
166.816 167.296 64
166.944 167.264 69
168.48 168.736 62
169.248 169.504 79
171.04 171.552 66
171.552 171.808 62
180.064 180.224 49
180.32 180.544 49
180.704 180.928 49
181.12 181.536 50
183.136 183.616 43
184.704 185.088 50
186.24 186.816 58
187.2 187.264 34
189.632 189.792 49
190.496 190.624 55
190.72 190.944 51
190.72 191.744 58
192.384 192.576 58
193.376 193.44 48
194.88 195.008 58
195.616 195.648 63
195.936 196.064 50
196.672 196.736 33
197.376 197.408 31
197.504 197.536 31
199.232 199.904 50
199.712 199.968 59
200.512 200.768 59
201.28 201.536 59
202.048 202.304 59
202.816 203.072 59
203.072 203.616 56
203.584 203.84 59
203.616 203.84 56
204.64 205.44 43
205.408 205.44 60
205.664 206.08 60
206.336 206.496 60
206.496 206.976 60
206.976 207.68 43
206.976 207.712 60
208.32 209.024 60
218.272 218.592 50
220.992 221.76 50
224.096 224.96 50
225.504 225.952 69
228.64 228.96 58
233.952 233.984 27
235.456 235.488 103
235.488 236.032 67
