5.184 5.824 53
21.248 21.856 60
26.112 26.368 58
26.72 26.88 56
26.72 27.104 70
28.032 28.256 58
28.416 28.512 55
28.928 29.376 56
30.272 30.56 58
30.752 30.944 63
31.744 32.096 56
33.056 34.304 51
33.472 33.888 53
34.016 34.304 60
34.4 34.56 60
34.784 35.04 60
37.28 37.696 50
44.8 45.28 60
46.464 46.88 60
46.848 47.616 57
47.584 48.064 60
57.408 57.888 69
58.88 59.264 70
59.616 59.84 69
60.512 61.184 62
60.736 61.152 69
62.336 62.656 65
63.104 63.68 60
63.84 64.16 65
67.424 67.52 52
68.864 68.992 60
71.456 71.616 57
71.68 71.936 58
72.448 72.768 55
73.568 73.888 60
73.92 74.208 62
73.92 74.24 58
75.04 75.2 48
75.136 75.424 57
75.424 75.744 69
75.712 75.776 41
75.904 75.968 57
77.92 78.08 65
78.944 79.136 60
78.944 79.2 84
79.36 79.552 58
80.896 81.568 60
81.44 81.472 82
81.632 81.984 60
82.208 82.368 65
82.784 82.912 62
83.552 83.84 60
85.152 85.44 69
85.952 86.208 69
88.544 88.768 60
88.64 88.992 48
111.04 111.712 60
112.8 112.832 67
113.92 114.08 62
114.304 114.368 57
115.456 115.744 51
115.744 116.224 51
115.904 116.192 58
116.512 116.672 56
116.896 117.184 56
116.896 117.312 70
117.792 117.888 74
118.144 118.4 55
118.592 118.944 58
118.72 119.136 56
118.944 119.328 58
119.136 119.584 56
119.328 119.584 58
119.712 120.064 58
120.064 120.288 63
120.064 120.32 58
120.992 121.184 53
121.024 121.408 71
121.568 121.888 56
122.528 123.008 55
122.88 124.096 51
123.264 123.712 53
123.808 124.096 60
124.576 124.64 60
125.696 126.112 58
131.104 131.168 60
134.592 135.072 60
136.256 136.672 60
137.408 137.856 60
146.944 147.008 69
147.2 147.648 69
148.672 149.056 70
149.408 149.696 69
150.304 150.976 62
150.528 150.944 69
151.392 151.712 70
152.128 152.384 65
153.632 153.92 65
157.248 157.344 52
157.728 157.856 60
158.656 158.784 60
161.472 161.728 58
162.208 162.56 55
163.36 163.616 60
163.712 164.0 62
163.712 164.032 58
166.624 166.848 60
167.712 167.872 65
168.736 168.96 60
169.152 169.344 58
170.688 171.296 60
171.04 171.296 65
171.456 171.712 60
172.0 172.16 65
172.192 172.288 64
172.576 172.736 62
173.344 173.632 60
174.976 175.232 69
175.744 176.0 69
178.432 178.784 48
180.576 181.056 66
181.056 181.12 56
182.592 182.72 61
182.784 183.008 56
182.944 183.136 54
183.168 183.392 56
183.36 183.744 54
183.936 184.096 56
184.096 184.256 53
184.288 184.48 56
184.672 184.864 56
185.216 185.6 54
185.376 185.696 56
185.6 186.016 54
185.792 185.984 56
186.368 186.72 53
186.496 186.72 56
186.88 187.072 56
187.68 188.032 54
188.032 188.352 54
189.728 190.144 58
189.92 190.272 61
190.272 190.592 61
190.304 190.592 58
193.28 193.344 63
195.232 195.392 79
196.416 196.672 69
198.496 198.72 70
202.912 203.072 66
205.408 205.44 59
207.04 207.168 86
223.424 223.552 80
224.48 224.8 69
224.512 224.832 65
226.912 226.976 56
236.32 236.48 60
236.832 236.928 77
261.664 262.304 60
262.496 262.528 58
267.136 267.296 56
267.488 267.776 56
268.448 268.512 58
269.344 269.76 56
269.568 269.952 58
269.76 270.144 56
270.496 270.88 55
270.688 270.912 58
271.168 271.36 63
272.16 272.48 56
273.856 274.24 60
274.24 274.72 60
276.288 276.544 70
276.672 276.864 70
276.704 276.896 67
282.56 282.816 57
286.976 287.328 62
290.368 290.784 60
293.824 294.144 62
294.016 294.176 70
294.688 294.816 63
294.816 295.296 63
295.744 296.0 65
296.16 296.192 53
296.224 296.416 70
296.928 297.12 63
297.76 298.176 61
298.656 298.912 62
299.136 299.328 62
300.512 301.12 58
301.12 301.216 51
301.28 301.792 62
302.016 302.336 58
302.752 302.912 48
303.968 304.192 57
306.272 306.432 57
308.416 308.48 55
309.28 309.344 60
309.6 309.792 65
309.856 310.112 51
309.92 310.016 84
310.24 310.432 53
310.592 310.816 58
311.712 312.0 65
317.12 317.344 65
319.456 319.648 58
321.472 321.664 63
323.712 324.16 62
325.6 325.952 57
327.552 328.0 58
328.96 329.44 66
330.976 331.072 61
331.072 331.136 42
331.168 331.36 56
331.328 331.488 54
331.552 331.776 56
331.744 332.128 54
331.744 332.512 68
331.936 332.128 56
332.288 332.48 56
332.48 332.672 53
332.672 332.864 56
332.864 333.184 53
333.024 333.184 70
333.568 333.952 54
333.76 334.016 56
333.952 334.368 54
334.176 334.368 56
334.56 334.88 56
334.88 335.104 56
335.264 335.488 56
335.424 335.744 61
335.84 336.256 51
336.032 336.384 54
336.384 336.704 54
338.112 338.496 58
338.304 338.656 61
338.496 338.656 58
338.656 338.944 58
338.656 338.944 61
340.992 341.184 62
341.344 341.536 60
343.904 344.192 67
345.216 345.696 67
345.568 345.664 69
353.792 353.856 59
355.776 355.872 86
372.864 373.216 65
372.864 373.248 69
377.376 377.696 62
380.288 380.384 77
383.104 383.232 53
394.048 394.624 53
410.016 410.656 60
415.328 415.712 58
415.872 416.224 56
416.768 416.8 74
416.8 416.896 58
417.12 417.376 55
417.728 418.112 56
417.952 418.336 58
418.112 418.592 56
418.88 419.296 55
419.072 419.296 58
419.968 420.384 53
420.192 420.608 56
420.384 420.8 53
420.384 420.896 71
422.432 422.88 63
423.232 423.424 58
424.672 424.992 70
425.056 425.28 70
425.088 425.312 67
431.136 431.2 65
441.728 442.176 62
442.4 442.56 70
444.32 444.768 62
444.608 444.768 70
446.144 446.528 61
446.528 446.88 61
447.04 447.296 62
448.896 449.504 58
449.664 450.272 62
450.4 450.72 58
451.456 451.616 57
451.68 451.904 57
452.384 452.576 57
453.472 453.568 70
454.656 454.816 57
455.392 455.488 65
456.704 456.832 67
457.984 458.144 65
458.24 458.496 51
458.976 459.168 60
459.328 459.584 58
460.096 460.384 65
461.728 461.952 62
465.504 465.696 65
468.352 468.544 63
469.856 470.048 63
471.264 471.52 58
471.712 471.776 62
473.984 474.336 57
476.032 476.064 31
