2.656 2.816 43
2.816 3.2 43
3.68 3.776 74
12.608 12.704 55
15.488 15.552 55
16.576 16.64 56
16.96 17.344 55
18.976 20.768 60
20.736 20.768 31
23.36 23.392 31
34.112 34.144 56
34.496 34.624 56
36.032 36.096 51
36.928 38.688 60
40.992 41.408 62
45.312 45.664 62
50.944 51.2 69
53.152 53.664 43
54.848 55.808 60
56.64 56.928 43
65.6 65.952 58
66.144 67.296 58
67.296 67.776 58
67.808 68.256 58
68.352 69.024 58
72.8 74.336 60
74.592 75.2 43
82.112 84.256 60
83.904 84.48 43
86.272 86.816 44
92.16 92.608 51
92.48 92.608 56
99.52 99.84 51
100.064 100.352 51
100.224 100.288 56
101.024 101.376 56
101.536 101.952 51
102.496 102.624 58
102.656 103.328 44
103.104 103.712 56
105.12 105.376 48
105.824 105.952 56
107.776 108.192 52
111.232 111.52 55
111.264 111.296 43
112.096 112.576 56
112.512 112.608 64
112.672 113.152 59
113.472 113.728 58
114.208 114.816 51
120.224 120.32 56
121.92 122.336 61
122.016 122.624 58
122.496 122.656 61
123.328 123.744 60
123.488 124.064 68
124.064 124.32 68
124.32 124.672 68
128.0 128.192 63
128.0 128.224 61
130.272 130.432 63
131.616 132.0 68
134.304 134.688 63
134.88 135.04 63
135.04 136.0 63
136.384 136.544 63
136.736 136.928 63
136.928 137.088 63
138.016 138.272 63
139.68 139.84 63
139.84 140.416 63
144.064 144.256 63
144.992 147.04 51
145.408 145.952 44
145.952 146.496 44
146.144 147.072 63
146.688 147.104 68
146.72 147.072 44
148.0 148.192 63
148.928 149.376 51
149.888 150.432 64
150.944 151.52 51
152.064 152.64 49
153.6 153.728 59
153.888 154.08 56
154.08 154.24 56
154.08 154.24 68
157.12 157.472 66
157.12 157.984 54
162.496 162.624 56
164.192 164.672 61
165.024 165.088 44
165.408 165.824 56
165.6 166.048 60
165.888 166.016 51
166.496 166.656 51
166.848 167.04 51
167.008 167.136 56
167.616 168.192 49
167.808 167.872 57
167.808 168.0 53
168.0 168.192 57
168.0 168.256 53
168.512 168.672 49
169.216 169.312 53
171.36 171.616 68
171.84 171.936 53
172.032 172.064 55
172.96 173.408 51
173.152 173.312 56
173.568 173.6 55
175.456 175.616 51
175.808 176.128 51
175.808 176.128 60
175.808 176.16 56
176.8 176.896 49
177.536 177.696 53
177.888 178.016 53
179.424 179.552 51
179.776 179.872 51
180.448 180.608 56
180.608 180.864 43
181.44 181.536 51
181.952 182.24 51
182.176 182.304 56
182.304 182.432 51
182.528 182.752 51
183.36 183.712 51
183.52 183.712 48
183.744 183.968 51
185.312 185.664 32
185.632 185.76 51
185.664 186.112 32
185.984 186.176 51
186.56 186.688 51
187.104 187.328 51
187.936 188.16 51
187.936 188.384 43
188.288 188.544 51
189.536 189.696 51
194.88 196.064 50
194.912 195.616 43
195.84 196.064 43
197.12 197.504 50
197.664 198.112 50
197.856 197.92 55
198.624 198.848 50
199.712 199.936 50
201.152 201.568 63
201.696 201.92 55
202.08 202.464 43
202.464 202.688 43
202.976 203.2 55
202.976 203.232 62
202.976 203.232 67
204.896 205.248 59
205.472 205.536 62
207.712 207.776 58
208.8 209.504 60
211.136 211.328 43
211.136 212.128 31
211.328 211.52 43
212.96 213.312 55
213.184 213.44 67
213.312 213.472 55
214.208 214.336 72
214.24 214.368 55
217.664 217.824 67
219.84 219.872 44
220.736 220.832 67
221.504 221.6 67
223.904 224.096 54
224.48 224.64 62
224.64 224.896 62
225.76 226.048 67
226.528 226.752 64
232.544 232.8 56
235.584 235.616 56
239.488 239.584 67
241.024 241.28 70
242.464 242.688 56
244.512 244.576 43
245.472 245.6 53
245.92 246.208 53
247.04 247.488 43
247.072 247.264 31
247.456 247.744 31
247.744 247.84 31
247.872 248.128 60
248.672 248.864 60
249.248 249.28 58
249.44 249.536 56
249.632 249.952 36
250.016 250.208 36
250.016 250.208 79
250.24 250.304 68
251.04 251.136 58
251.232 251.328 56
251.456 251.488 52
251.648 251.776 56
252.224 252.288 36
252.416 252.576 53
252.992 253.088 51
253.376 253.792 60
254.944 255.104 49
256.128 256.192 60
256.736 256.768 55
258.496 258.72 59
258.688 258.912 60
258.88 259.104 59
259.072 259.232 58
259.488 259.68 58
259.68 259.904 57
259.904 260.128 58
260.096 260.32 57
260.48 260.64 58
260.672 260.8 56
262.048 262.272 52
262.656 262.688 51
263.008 263.232 51
263.392 263.616 51
263.616 263.744 50
265.568 265.664 60
265.728 265.952 43
266.976 267.168 60
267.168 267.36 60
267.36 267.872 60
267.936 268.0 51
267.936 268.064 63
268.128 268.224 51
268.32 268.544 51
268.352 268.384 58
268.544 268.64 52
268.736 268.8 52
268.896 269.12 52
269.12 269.216 53
269.728 269.952 54
269.888 269.952 53
270.272 270.368 60
270.272 270.4 51
270.464 270.56 60
270.656 270.72 60
270.848 270.944 60
271.04 271.104 60
271.424 271.488 60
271.584 271.68 32
271.776 271.872 32
271.968 272.032 32
272.0 272.064 60
272.16 272.224 32
272.352 272.448 60
272.384 272.416 32
272.544 272.64 53
272.576 272.608 32
272.928 272.992 32
273.12 273.216 60
273.152 273.184 54
273.344 273.408 60
273.504 273.6 60
273.664 273.792 60
274.688 274.816 45
275.296 275.392 72
276.288 276.448 51
277.216 277.344 62
277.792 277.92 50
277.984 278.176 50
278.304 278.464 62
278.304 278.656 67
278.304 278.688 58
280.0 280.224 67
280.416 280.512 50
281.312 281.408 62
281.408 281.504 67
281.92 282.048 50
282.368 282.496 62
283.008 283.2 48
283.104 283.168 67
283.552 283.68 57
284.032 284.16 62
285.568 285.76 66
286.752 286.784 58
287.648 287.712 67
288.704 288.832 67
289.568 289.664 55
292.384 292.512 62
292.992 293.152 50
294.144 294.272 48
295.968 296.064 62
296.8 297.024 38
296.8 297.024 66
297.088 297.152 62
299.04 299.232 48
299.52 299.616 62
300.16 300.352 53
300.768 300.896 62
307.392 307.584 60
307.424 307.616 57
307.616 307.744 57
307.744 308.192 50
308.288 308.704 50
308.832 309.344 50
309.12 309.248 69
309.12 309.344 66
309.536 309.824 55
309.536 309.92 58
310.112 310.496 50
311.04 311.584 67
312.384 312.576 62
313.792 314.08 75
314.592 314.912 51
315.424 316.032 50
316.256 316.512 60
316.512 317.088 60
317.344 317.6 58
317.6 318.08 58
318.176 318.464 69
318.976 319.264 60
319.808 320.224 69
322.048 322.592 62
325.632 325.952 51
326.752 327.072 50
326.752 327.072 62
327.328 327.584 60
327.584 328.16 60
328.672 328.864 58
329.248 329.632 67
330.048 330.336 51
330.592 330.912 62
332.576 333.024 58
338.048 338.176 67
338.784 339.072 57
338.784 339.264 50
339.904 340.192 50
340.192 340.384 50
340.896 341.12 59
340.896 341.312 50
340.928 340.96 62
341.472 341.632 59
341.792 341.952 55
342.016 342.144 50
342.528 342.624 55
342.72 343.008 59
343.296 343.776 48
343.488 343.744 52
343.488 343.776 56
345.12 345.28 69
345.12 345.376 50
345.504 345.728 47
345.504 345.728 54
345.536 345.76 59
345.92 346.016 44
346.08 346.24 50
346.912 347.04 59
347.872 348.192 48
347.872 348.192 52
349.184 349.376 50
349.696 350.24 43
350.048 350.272 62
350.272 350.432 62
350.752 350.912 50
351.296 351.616 50
351.584 351.776 64
352.096 352.128 59
352.448 352.608 48
353.216 353.28 57
353.824 354.08 47
354.112 354.208 50
354.208 354.336 79
354.688 354.88 50
354.944 355.04 59
355.232 355.392 50
355.936 356.064 59
356.352 356.576 48
356.352 356.608 52
356.736 356.896 56
356.736 357.12 62
356.736 357.184 52
357.792 357.824 54
357.792 357.92 50
358.08 358.336 57
358.496 359.008 43
360.512 360.608 48
360.8 360.928 50
361.888 362.112 50
363.712 363.936 50
363.904 364.32 60
364.224 364.352 55
364.224 364.384 67
365.856 366.08 55
366.24 366.432 55
366.24 366.464 59
366.24 366.656 43
366.944 367.04 55
366.944 367.168 59
366.944 367.168 62
368.864 368.992 59
371.104 371.296 60
371.808 372.032 67
372.768 372.832 43
375.136 375.296 43
375.296 375.488 43
376.064 376.096 31
377.184 377.248 67
377.792 377.952 67
378.592 378.848 55
383.648 383.712 52
387.744 387.776 51
388.608 388.896 62
388.832 388.96 67
389.952 390.016 62
391.808 392.16 43
392.928 393.856 43
395.968 396.128 55
397.408 397.6 78
397.408 397.664 81
398.72 398.816 55
406.944 407.168 58
408.32 408.544 77
408.384 408.544 62
414.688 414.72 51
415.04 415.232 67
415.744 416.192 60
416.896 416.992 57
417.792 418.048 69
418.016 418.112 57
418.176 418.368 57
418.368 418.496 64
418.368 418.528 57
418.592 418.976 58
418.624 418.688 49
418.944 419.04 57
419.68 419.776 57
420.064 420.16 64
420.064 420.192 57
421.184 421.248 56
421.536 421.696 56
421.664 421.76 44
422.08 422.144 56
422.656 422.72 56
422.848 423.04 56
423.424 423.616 56
423.616 423.936 56
424.352 424.384 56
424.512 425.312 44
424.896 425.12 43
425.344 425.504 60
425.664 425.728 54
429.312 429.856 50
429.888 429.952 60
430.816 430.88 48
433.216 433.312 60
434.4 434.432 31
434.688 434.72 31
435.008 435.872 55
437.216 437.632 55
438.368 438.528 60
439.488 439.712 62
439.808 440.0 60
443.936 443.968 62
444.288 444.512 67
446.496 446.688 67
447.008 447.2 60
447.296 447.552 55
448.704 448.96 62
449.824 450.176 43
454.176 454.784 67
456.704 458.24 36
456.704 458.24 43
458.24 464.736 36
458.24 464.768 48
458.24 465.152 43
