0.736 0.864 65
6.56 6.752 65
7.072 7.328 58
7.232 7.36 67
7.264 7.36 53
7.328 7.52 58
7.52 7.84 61
7.52 7.84 64
7.52 7.872 58
8.832 9.216 78
10.528 10.624 61
10.688 10.816 67
11.008 11.104 61
11.168 11.264 76
11.744 11.84 71
12.32 12.448 87
15.04 15.168 69
15.104 15.232 63
15.136 15.2 78
15.808 15.904 75
16.288 16.416 63
17.312 17.44 63
17.6 17.76 66
18.848 18.912 69
20.864 21.056 79
21.024 21.376 78
21.824 22.016 79
22.144 22.304 79
22.784 23.008 69
22.88 23.04 63
22.88 23.296 79
23.136 23.488 62
24.32 24.48 53
24.32 24.608 62
24.48 24.736 77
25.088 25.184 57
25.472 25.632 58
25.568 25.728 77
26.304 26.656 62
26.464 26.624 79
26.752 27.008 69
27.488 27.744 62
27.744 27.968 53
28.64 28.832 58
29.44 29.632 66
29.6 29.792 78
29.728 30.208 70
30.368 30.464 63
30.464 30.592 63
30.464 30.688 70
30.656 30.72 58
30.912 31.136 58
31.04 31.232 68
31.136 31.52 58
31.296 31.552 70
31.488 31.776 77
32.288 32.576 82
32.576 32.8 78
32.864 33.344 70
33.504 33.728 63
33.6 33.824 70
33.792 33.888 58
34.56 34.688 62
34.976 35.104 66
35.328 35.456 58
35.872 36.032 78
35.872 36.032 88
36.256 36.448 87
36.576 36.736 51
36.736 36.896 78
36.928 36.992 55
37.088 37.216 81
38.208 38.336 64
38.592 38.752 67
39.264 39.424 72
39.392 39.68 67
39.872 40.064 79
42.56 42.688 65
44.384 44.736 58
45.952 46.08 58
47.552 47.744 58
47.712 47.808 70
49.76 49.888 79
50.016 50.144 77
51.84 51.872 49
52.8 52.928 79
52.928 53.184 58
53.056 53.216 77
53.152 53.312 80
53.536 53.632 80
53.76 54.08 51
54.08 54.208 59
54.24 54.368 91
54.496 54.784 55
54.784 54.912 63
55.072 55.2 53
55.104 55.136 68
55.456 55.584 79
56.384 56.672 58
56.992 57.248 53
57.248 57.344 53
57.44 57.696 77
58.56 59.648 41
59.392 59.52 62
60.0 60.224 41
60.48 60.608 58
60.48 60.64 50
60.704 60.8 60
61.44 61.6 60
63.008 63.136 62
63.68 63.776 60
63.744 63.84 62
64.416 64.64 60
64.896 64.992 57
65.824 66.112 68
65.952 66.176 62
66.368 66.432 59
67.584 67.616 58
68.864 69.088 87
69.536 69.6 68
69.984 70.112 88
69.984 70.176 44
70.784 70.976 60
70.848 71.04 70
70.944 71.168 58
71.296 71.744 50
72.0 72.256 62
72.0 72.352 50
73.344 73.856 58
73.504 73.6 65
73.664 73.888 78
73.984 74.08 68
74.08 74.528 66
74.592 75.04 47
75.04 75.2 66
75.104 75.2 47
75.104 75.2 75
75.104 75.264 63
75.36 75.52 57
76.16 76.256 71
77.024 77.12 64
77.024 77.152 52
79.04 79.2 80
81.92 82.176 80
82.336 82.4 67
82.848 82.976 86
83.168 83.264 61
83.968 84.032 56
84.256 84.384 49
84.64 84.768 56
85.28 85.376 58
85.92 86.048 59
87.744 87.872 49
87.968 88.064 53
89.024 89.28 50
89.6 89.728 47
89.984 90.144 37
91.52 91.712 60
91.712 92.128 43
91.776 91.904 62
92.096 92.16 68
92.096 92.192 50
92.096 92.192 53
92.096 92.192 74
92.256 92.384 73
93.024 93.152 73
93.952 94.08 77
94.144 94.272 68
94.144 94.272 77
94.848 94.944 62
95.84 96.0 65
97.12 97.152 64
97.408 97.504 92
97.76 98.016 80
98.112 98.144 95
98.112 98.176 70
98.112 98.464 80
98.112 98.464 89
98.464 98.496 70
98.88 99.04 81
99.168 99.264 67
101.248 101.664 79
102.272 102.432 80
105.376 105.632 62
105.536 105.728 68
106.208 106.336 74
106.4 106.464 64
107.424 107.52 56
107.52 107.776 56
108.416 108.48 71
108.448 108.576 68
109.12 109.184 74
109.312 109.344 64
110.432 110.688 56
111.296 111.456 82
111.392 111.52 76
111.52 111.712 73
112.224 112.32 69
112.384 112.512 77
112.608 112.8 62
112.96 112.992 64
112.96 113.056 57
113.056 113.312 57
113.728 114.144 62
113.76 114.016 77
115.136 115.232 69
115.296 115.424 77
115.52 115.712 62
115.808 115.904 79
115.872 115.968 64
115.872 116.288 57
116.128 116.352 79
116.608 116.96 62
118.048 118.208 81
118.4 118.496 78
119.296 119.424 69
119.52 119.584 54
119.776 119.936 71
120.032 120.288 66
120.032 120.384 57
120.352 120.448 56
120.608 120.704 71
120.832 121.088 66
121.824 121.92 62
121.856 121.952 78
124.704 124.8 76
125.28 125.44 64
125.728 125.76 66
126.72 126.816 44
127.456 127.584 73
127.84 128.064 81
128.16 128.288 73
128.352 128.448 79
129.504 129.696 79
129.92 130.144 62
130.368 130.496 73
130.528 130.624 81
131.264 131.36 79
131.968 132.032 77
132.096 132.128 33
132.672 132.768 70
132.832 133.056 62
134.016 134.432 41
134.4 134.528 77
135.584 135.968 41
136.512 136.608 58
136.608 136.704 58
137.056 137.184 78
137.44 137.568 71
137.44 137.792 58
137.952 138.08 53
137.952 138.144 58
138.528 138.72 58
139.872 140.16 59
140.096 140.16 99
140.736 140.96 51
141.536 141.664 49
141.536 141.856 58
141.632 141.76 57
141.824 142.016 67
143.808 143.84 76
143.968 144.288 62
144.448 144.704 68
145.28 145.472 40
145.568 145.76 41
145.792 145.984 41
145.984 146.208 41
146.144 146.4 68
147.616 148.576 41
147.712 148.032 38
147.808 148.16 50
150.528 150.848 44
152.096 152.128 68
152.864 152.896 42
153.664 153.76 40
154.24 154.272 65
155.328 155.392 31
156.16 156.256 67
156.256 156.448 58
156.608 156.736 62
156.896 156.928 31
156.896 157.28 44
158.944 159.072 61
159.232 159.36 68
159.232 159.488 59
159.264 159.328 66
159.552 159.616 69
160.192 160.32 65
161.024 161.152 69
165.184 165.472 79
165.376 165.472 69
165.76 165.888 72
166.08 166.336 77
166.368 166.528 77
167.552 167.648 65
171.904 172.064 41
172.576 172.672 46
172.96 172.992 26
173.952 174.048 56
174.208 174.336 60
174.336 174.432 59
176.8 176.928 73
179.008 179.04 60
181.216 181.28 44
181.216 181.28 56
182.016 182.112 60
182.624 182.688 62
182.752 182.912 60
183.2 183.296 57
183.968 184.224 65
184.16 184.384 68
184.32 184.544 69
184.672 184.768 57
185.696 185.952 72
186.24 186.272 65
186.304 186.4 84
187.136 187.232 71
187.456 187.584 90
187.712 187.936 84
187.872 188.224 80
188.16 188.256 84
188.48 188.608 81
190.496 190.912 74
191.008 191.36 70
192.704 193.088 86
193.504 193.984 98
193.792 193.952 70
193.952 194.432 70
193.984 194.144 90
194.048 194.496 82
194.144 194.464 98
