10.56 10.624 60
11.648 11.744 59
11.744 11.904 50
12.0 12.16 59
12.128 12.32 50
12.384 12.512 59
12.736 12.896 59
13.12 13.28 59
13.248 13.408 53
13.504 13.536 59
13.888 14.016 55
18.56 18.688 71
25.664 25.824 77
25.888 26.272 62
25.92 25.952 41
26.144 26.176 34
26.624 26.72 26
26.752 26.912 38
27.776 27.872 52
30.4 30.56 60
30.88 31.2 69
31.264 31.424 77
31.488 31.872 62
31.744 31.776 34
31.968 32.0 26
32.224 32.32 26
32.352 32.416 38
33.184 33.472 32
33.664 33.696 31
37.536 37.632 60
38.144 38.24 62
38.784 38.976 59
40.544 40.768 53
40.96 41.216 60
41.408 41.632 62
42.528 42.624 52
43.968 44.096 64
46.784 46.88 60
47.168 47.328 60
47.616 47.744 59
47.744 48.416 44
50.912 51.04 60
51.744 52.16 69
59.712 60.448 60
59.712 60.704 41
60.384 60.768 53
60.704 60.928 41
60.96 61.44 67
61.408 61.824 60
61.408 62.112 48
61.408 62.144 55
62.688 63.328 48
62.944 63.392 41
64.352 64.416 55
64.896 65.76 48
65.152 65.952 41
65.408 65.76 53
65.952 66.592 67
66.144 66.304 48
66.4 67.104 48
66.4 67.136 55
66.432 66.752 60
67.168 67.616 41
67.616 67.936 41
67.616 68.288 48
67.616 68.32 60
67.936 68.384 41
68.384 68.768 52
68.608 68.864 48
68.864 69.6 48
68.864 69.632 60
70.144 70.464 49
70.464 70.496 43
73.504 73.568 65
73.984 74.592 41
75.232 76.128 50
75.52 75.968 62
76.032 76.384 43
76.48 77.248 50
79.264 79.712 41
80.192 80.384 72
80.256 80.576 48
80.544 80.608 40
81.024 81.472 65
81.024 81.824 41
81.248 81.76 48
81.472 81.984 57
81.664 82.24 67
81.824 82.24 41
82.688 83.552 63
83.744 84.704 41
85.664 86.048 54
85.664 86.272 50
86.176 86.432 43
86.624 86.944 50
86.944 87.328 58
86.944 87.36 50
87.36 87.872 52
88.288 88.48 55
88.672 89.408 41
89.12 89.76 48
89.408 89.856 41
90.72 90.944 64
90.72 91.072 40
91.168 91.2 53
91.168 92.32 65
92.512 93.888 41
93.024 93.76 48
94.144 94.368 48
94.144 94.368 60
94.368 95.232 48
94.368 95.232 60
95.84 96.512 47
95.872 96.384 52
96.896 97.216 57
97.44 97.568 72
98.528 98.624 72
99.936 100.032 71
100.288 100.352 76
106.72 106.784 57
106.944 107.04 60
107.296 107.392 59
107.424 107.68 60
108.0 108.16 59
108.256 108.416 53
108.384 108.48 59
108.512 108.64 50
108.768 108.832 59
108.864 109.216 50
109.12 109.28 59
109.632 109.888 53
109.888 110.048 59
122.432 122.688 62
122.912 123.072 59
123.04 123.168 58
123.168 123.232 57
123.168 123.52 72
123.296 123.456 57
123.52 123.904 69
123.52 123.968 60
123.904 124.064 33
123.904 124.192 77
124.128 124.288 81
124.256 124.32 84
129.504 129.632 33
129.728 129.888 81
129.856 130.048 84
130.272 130.464 43
132.448 132.608 71
132.832 132.992 71
133.696 133.856 54
135.008 135.168 69
135.392 135.552 69
135.808 135.968 69
137.152 137.344 64
139.584 139.712 59
140.032 140.128 47
141.152 141.408 66
141.472 141.6 59
141.856 141.984 59
141.856 141.984 75
142.24 142.368 78
142.24 142.4 59
142.24 142.432 75
143.808 143.904 64
144.672 144.832 57
145.184 145.728 52
146.688 146.912 41
147.936 148.32 57
147.936 148.32 60
149.248 149.312 59
149.248 149.344 76
149.824 150.144 55
150.528 150.624 55
150.624 152.064 55
157.12 157.824 60
158.88 159.584 62
160.384 160.896 55
161.408 162.144 65
161.76 162.144 77
161.76 162.176 62
162.656 163.36 60
162.912 163.392 55
163.04 163.392 64
163.904 164.64 62
164.064 164.608 55
166.752 167.136 62
168.608 168.96 57
169.888 170.08 60
170.048 170.912 76
172.448 172.736 57
172.736 173.44 57
174.368 174.72 65
175.168 175.968 65
175.584 175.968 62
175.584 175.968 77
177.472 177.824 55
178.528 179.552 48
179.168 179.776 55
182.592 182.88 57
182.72 183.136 64
182.88 183.584 57
184.512 184.8 65
185.728 186.112 62
188.704 191.296 48
190.016 191.296 67
190.752 191.328 55
191.84 192.736 59
193.344 194.464 54
195.232 195.648 53
198.688 199.424 53
200.032 200.832 53
202.88 203.584 69
205.472 206.176 44
206.304 206.464 66
206.816 207.552 56
207.552 207.776 56
207.552 207.84 68
207.712 207.84 44
207.712 207.904 65
207.84 209.056 44
208.224 208.992 53
208.224 208.992 56
208.576 208.96 61
209.12 210.464 44
211.008 211.68 44
211.808 212.864 66
212.128 212.448 44
212.448 213.216 44
213.216 213.408 44
214.528 214.816 80
215.52 215.744 49
215.552 215.744 56
215.712 215.84 51
215.84 216.256 51
216.064 216.704 61
217.408 217.824 80
217.536 217.76 78
217.792 218.272 56
217.792 218.912 49
219.776 220.096 85
220.064 220.416 49
220.224 220.64 51
220.576 220.864 87
222.272 222.368 75
227.776 227.808 55
229.056 229.152 86
229.92 230.112 68
231.008 231.104 70
235.872 235.904 56
237.888 237.952 64
239.008 239.072 64
240.256 240.352 56
240.896 240.928 56
247.168 247.296 59
251.264 251.392 62
251.36 251.584 60
251.488 251.616 59
251.584 251.872 60
251.968 252.256 77
252.192 252.928 62
252.448 252.48 34
252.832 252.864 43
252.928 253.056 26
253.888 254.112 44
258.016 258.304 69
258.656 258.784 77
258.88 259.008 50
258.88 259.392 62
259.488 259.712 43
259.616 259.744 26
260.192 260.416 40
260.576 260.8 44
261.024 261.184 74
261.28 261.376 50
261.28 261.632 62
262.144 262.176 41
263.872 263.968 63
264.512 264.672 57
264.512 264.832 69
266.112 266.56 64
266.56 266.752 64
266.752 266.88 79
266.752 267.424 64
267.2 267.584 58
270.848 271.072 40
273.472 273.664 57
274.848 276.064 44
276.576 277.376 52
277.792 278.56 56
277.984 278.72 52
279.04 279.808 57
280.064 280.416 52
280.768 281.056 62
281.76 282.304 52
281.92 282.08 73
285.248 285.984 57
285.344 286.048 54
286.048 286.464 64
288.224 288.64 66
289.152 289.888 54
289.952 290.944 66
289.952 291.136 47
290.368 291.136 59
290.72 291.104 54
291.2 292.384 44
292.032 292.352 74
292.032 292.416 59
293.248 293.472 73
293.248 293.6 57
294.112 294.144 76
294.528 294.912 56
294.944 295.232 61
295.232 296.192 61
295.84 296.288 57
296.704 297.024 64
298.368 298.752 66
299.296 300.032 54
300.128 301.152 66
300.512 301.312 59
301.312 302.464 44
302.176 302.464 74
302.176 302.56 59
304.672 305.088 56
305.856 306.4 61
307.552 307.68 64
307.936 308.064 64
308.8 309.216 59
309.984 310.112 62
310.368 310.496 62
310.56 310.624 79
312.544 312.928 70
312.544 312.96 62
313.568 313.664 60
313.664 313.92 60
314.144 314.72 62
321.504 321.568 53
322.592 322.784 48
322.848 322.976 60
323.136 323.168 60
323.84 323.968 57
