0.992 1.056 57
1.152 1.28 60
3.36 3.488 45
3.36 3.52 60
4.992 5.12 76
5.632 5.792 60
6.752 6.88 64
6.752 6.912 68
7.968 8.032 45
8.864 9.12 68
9.504 9.568 76
9.984 10.112 57
10.112 10.24 69
10.112 10.272 57
11.2 11.36 57
11.648 11.68 42
12.32 12.448 50
13.28 13.408 60
13.312 13.472 36
14.528 14.656 50
15.648 15.776 69
18.816 18.912 57
18.88 18.976 52
18.976 19.2 61
18.976 19.2 69
18.976 19.232 52
20.768 21.024 62
22.272 22.656 60
23.616 23.84 58
24.16 24.224 62
24.224 24.416 62
24.64 24.928 60
25.44 25.856 60
28.352 28.448 81
28.352 28.48 69
28.352 28.48 76
31.648 31.904 64
32.032 32.064 52
32.448 32.576 69
34.4 34.528 69
35.84 36.0 64
36.192 36.256 52
36.48 36.576 69
36.64 36.736 57
36.64 36.736 81
37.344 37.408 76
37.6 37.696 77
38.656 38.848 67
40.224 40.288 55
40.608 40.768 77
41.568 41.696 76
43.488 43.712 52
44.096 44.832 57
45.728 45.824 56
46.112 46.24 60
47.072 47.168 60
48.896 48.96 41
53.024 53.088 44
53.248 53.312 64
58.592 58.624 52
58.592 58.656 69
60.224 60.32 59
61.152 61.248 69
61.76 61.856 56
61.984 62.08 56
63.264 63.36 52
63.744 63.872 54
64.0 64.096 54
64.128 64.224 62
64.736 64.864 33
64.736 64.864 34
66.112 66.24 38
66.112 66.272 62
66.624 66.688 52
66.976 67.136 51
67.36 67.84 33
67.456 67.488 43
67.456 67.52 31
67.616 67.84 38
67.648 67.68 50
68.352 68.768 52
69.728 69.76 31
69.856 69.888 31
69.952 69.984 31
70.048 70.112 31
70.336 70.368 31
70.56 70.592 44
70.784 70.848 31
70.912 70.944 31
70.912 70.976 32
71.04 71.072 44
71.392 71.424 31
71.488 71.552 31
71.936 72.032 32
72.032 72.224 44
72.448 72.576 32
72.608 72.8 44
74.272 74.4 60
74.4 74.688 60
74.4 74.784 48
74.848 74.944 42
76.288 76.448 52
76.448 76.64 60
76.544 76.896 48
76.8 76.896 63
76.96 77.12 42
76.96 77.12 63
77.216 77.44 51
77.472 77.632 44
77.504 77.568 32
77.632 77.728 35
78.624 78.912 60
79.008 79.072 42
79.04 79.072 57
79.168 79.232 63
79.168 79.328 57
80.064 80.448 47
80.768 80.928 60
80.864 81.184 48
81.152 81.216 57
81.952 82.112 47
82.24 82.656 51
82.944 83.104 73
83.072 83.2 61
83.072 83.584 52
83.744 83.872 57
84.0 84.224 41
84.288 84.448 79
84.288 84.576 67
84.576 84.832 50
84.832 84.864 53
85.216 85.664 50
86.176 86.336 40
86.72 86.816 63
86.72 86.944 60
86.976 87.264 52
87.232 87.424 53
88.32 88.48 69
88.448 88.544 57
89.248 89.44 64
89.408 89.6 50
89.568 89.824 57
90.624 90.784 38
92.864 92.928 57
95.52 95.616 57
97.408 97.504 57
97.952 98.048 55
99.648 99.712 57
100.064 100.16 57
101.408 101.536 89
103.968 104.0 55
105.728 105.856 59
110.336 110.56 69
110.656 110.816 77
110.976 111.2 57
111.872 112.032 68
112.768 112.8 69
114.24 114.432 68
114.56 114.688 64
115.072 115.168 66
115.2 115.52 69
115.52 115.648 77
115.808 116.064 57
115.968 116.064 44
116.224 116.288 71
116.32 116.448 69
116.576 117.344 44
117.408 117.536 66
117.504 117.632 32
117.6 117.824 69
117.888 117.952 77
118.048 118.304 81
118.08 118.208 57
118.208 118.464 57
118.336 118.4 44
118.72 118.816 69
119.104 119.52 44
119.52 119.744 44
119.84 119.904 69
120.352 120.672 60
120.672 120.864 61
120.96 121.088 69
121.568 121.728 62
121.696 121.856 64
121.728 121.984 62
121.984 122.176 62
122.752 122.816 64
122.912 123.296 47
123.36 123.488 67
123.456 123.584 64
123.456 123.584 69
124.128 124.384 60
124.256 124.416 79
124.384 124.544 60
124.768 124.864 37
125.184 125.312 62
125.312 125.472 50
125.312 125.472 62
125.312 125.728 38
125.472 125.6 50
125.472 125.728 62
125.6 125.76 50
126.4 126.464 80
126.4 127.008 64
126.528 127.008 52
126.816 126.976 38
126.816 127.008 50
127.168 127.296 75
127.744 127.936 50
127.904 128.064 64
128.064 128.224 52
128.416 128.544 35
128.544 128.896 69
128.864 129.024 84
128.864 129.184 60
129.216 129.376 81
130.432 130.592 56
130.592 130.656 57
130.72 130.848 59
131.136 131.232 77
131.808 131.968 69
132.096 132.256 69
132.384 132.576 76
132.512 132.672 77
132.672 132.864 77
132.832 132.992 76
133.376 133.568 69
134.624 134.72 59
134.752 134.944 60
135.584 135.616 71
136.96 137.152 77
137.408 137.568 76
139.008 139.072 64
139.552 139.776 73
139.84 140.0 69
140.0 140.16 79
140.128 140.256 38
140.256 140.384 40
140.544 140.576 37
140.672 140.768 31
140.704 140.736 33
140.8 140.992 52
140.928 140.96 33
140.928 140.992 37
140.96 141.088 31
141.088 141.152 53
141.408 141.568 79
142.496 142.592 45
142.624 142.752 36
143.04 143.072 33
143.648 143.744 65
144.064 144.128 68
144.064 144.16 38
144.352 144.608 40
144.48 144.576 98
144.64 144.672 32
145.216 145.408 63
145.248 145.408 60
146.368 146.56 68
147.776 148.384 76
150.016 150.208 57
152.832 152.992 77
153.12 153.248 72
154.144 154.272 69
154.688 154.816 69
154.816 154.88 67
154.912 155.264 59
155.04 155.264 67
155.424 155.488 41
158.08 158.112 69
158.208 158.304 47
160.16 160.288 77
161.472 161.6 69
161.728 161.824 69
161.888 161.92 52
161.984 162.144 69
162.112 162.208 67
162.368 162.56 67
165.44 165.536 69
166.112 166.304 73
166.944 167.328 57
167.008 167.104 69
167.04 167.296 53
168.64 168.8 56
170.816 170.912 60
177.184 177.664 50
177.664 178.08 62
178.08 178.24 71
178.56 178.656 56
178.656 178.752 64
179.04 179.136 60
179.2 179.36 76
179.648 179.936 57
181.984 182.272 69
182.784 182.912 32
183.136 183.328 69
183.232 183.392 64
183.648 183.712 64
184.352 184.448 39
184.608 184.896 40
185.664 185.76 68
185.728 185.984 44
186.208 186.304 68
186.272 186.432 44
186.912 187.04 69
187.008 187.072 44
187.104 187.232 68
187.2 187.424 44
188.256 188.352 73
188.416 188.544 69
188.672 188.864 62
189.12 189.248 53
189.504 189.632 69
190.368 190.464 79
190.784 190.848 68
190.976 191.072 56
191.008 191.04 59
191.488 191.584 88
191.776 191.872 68
192.224 192.448 74
192.256 192.32 77
192.448 192.576 87
192.448 192.608 75
192.64 192.736 83
193.088 193.152 69
193.792 193.888 57
198.72 198.816 84
202.848 202.912 76
202.976 203.008 57
203.104 203.136 69
203.2 203.296 57
204.992 205.088 59
205.856 205.984 60
220.64 220.704 52
235.328 235.36 57
236.64 237.184 57
238.912 239.552 88
241.824 241.856 43
242.912 243.168 79
250.496 250.88 88
251.264 251.552 84
257.344 258.688 81
259.264 259.36 69
259.36 259.552 69
259.904 260.128 79
260.064 260.224 57
260.192 260.384 59
260.448 261.088 40
260.736 260.896 57
261.024 261.312 69
261.632 261.92 52
261.824 262.88 44
262.176 262.464 52
262.368 262.464 59
263.2 263.296 40
263.296 263.36 64
263.296 263.712 52
263.392 264.608 40
263.744 263.936 64
263.84 263.936 69
263.936 264.128 69
263.936 264.16 33
264.48 264.608 79
264.736 264.928 88
265.024 265.056 40
265.312 265.44 38
265.6 265.952 33
265.6 265.984 69
268.256 268.32 56
268.576 268.672 69
268.576 268.896 45
268.672 268.864 69
268.672 268.864 76
268.832 269.504 57
269.216 269.504 76
269.472 269.536 33
269.472 269.664 88
270.048 270.08 38
270.336 270.784 69
270.848 270.912 32
270.976 271.456 32
271.488 271.968 44
271.52 272.064 59
271.648 271.808 67
272.032 272.16 44
272.32 272.544 40
272.416 272.448 35
272.512 272.64 32
272.928 273.088 43
272.928 273.12 57
273.152 273.248 69
273.248 273.44 69
273.408 274.08 57
274.048 274.176 64
274.048 274.208 88
274.912 275.296 69
275.136 275.488 57
275.52 275.648 41
277.472 277.76 69
277.568 277.792 73
277.76 278.592 49
278.048 278.304 70
278.048 278.336 67
278.208 278.592 76
278.592 278.752 81
278.592 279.04 69
279.136 279.232 67
279.424 279.872 52
279.616 279.776 69
279.744 279.936 50
280.64 280.736 67
280.64 280.736 76
281.056 281.216 70
281.312 281.472 77
281.792 282.592 59
282.272 282.848 67
282.368 282.848 65
282.4 282.432 44
282.4 282.752 68
282.752 282.944 55
282.944 283.392 67
283.008 283.584 55
283.488 283.584 65
283.872 284.064 44
284.64 285.024 67
286.752 286.848 53
287.584 287.84 63
287.84 288.128 78
287.84 288.416 63
288.128 288.16 38
288.128 288.416 69
288.672 288.8 43
288.672 289.216 61
289.248 289.28 48
289.792 290.08 50
290.08 290.656 50
292.128 292.64 51
292.704 293.056 69
292.832 292.864 67
293.44 293.664 52
295.712 295.744 38
296.384 296.544 64
296.64 296.768 60
296.64 296.992 69
297.344 297.504 57
298.464 298.752 45
298.464 298.816 69
298.816 299.232 69
299.392 299.616 69
299.52 299.712 64
299.52 299.936 57
299.68 300.032 60
299.936 300.096 69
300.096 300.192 33
300.096 300.736 53
300.512 300.736 69
300.928 301.12 70
301.056 301.216 69
301.184 301.952 77
301.216 301.696 57
302.56 302.912 50
302.56 302.912 53
303.104 303.424 53
304.192 304.48 32
304.192 304.48 44
304.192 304.992 52
304.672 305.312 69
305.44 305.824 69
305.952 306.112 52
306.112 307.136 52
307.2 307.456 45
307.2 307.584 69
307.584 307.968 69
308.0 308.288 67
308.032 308.288 57
308.128 308.288 69
308.416 308.576 60
308.448 308.512 67
308.576 308.672 57
308.704 308.864 69
308.832 309.12 62
308.864 309.376 53
309.248 309.408 69
309.408 309.472 69
309.824 309.952 69
309.92 310.432 57
310.496 311.328 50
311.328 311.68 53
311.328 312.192 50
311.872 312.192 53
311.872 312.224 56
312.16 312.48 71
312.48 312.832 59
313.152 313.568 44
313.152 313.664 52
314.048 314.336 69
314.144 314.432 73
314.432 314.496 64
315.2 315.488 57
315.296 315.36 61
315.296 315.36 73
315.776 316.128 69
316.544 316.8 69
316.896 316.96 64
317.824 317.92 61
318.272 318.592 69
318.976 319.232 69
320.512 320.736 61
320.864 321.344 61
321.024 321.248 37
321.12 321.344 69
321.536 321.568 38
322.016 322.336 52
322.336 322.656 52
324.352 324.384 33
324.352 325.568 40
324.864 325.6 33
