2.496 2.56 78
4.736 5.664 66
5.056 5.632 78
5.248 5.632 71
5.728 5.76 52
7.808 8.224 71
8.928 9.248 60
10.464 10.88 71
12.544 13.472 66
12.864 13.12 78
13.056 13.44 71
15.104 16.0 66
15.616 16.672 71
17.696 18.624 66
18.176 19.52 71
19.52 19.872 59
20.896 21.12 71
21.376 22.208 52
26.56 26.624 52
30.176 30.592 58
31.904 32.544 52
33.12 33.28 59
34.464 35.136 52
35.456 35.552 47
35.776 36.064 66
42.304 43.616 59
42.432 43.328 62
43.616 43.968 35
44.512 44.576 40
44.832 44.896 32
44.832 46.08 40
48.544 48.832 49
50.72 51.04 61
51.04 51.328 47
51.328 52.0 66
54.848 55.776 66
56.384 57.152 55
60.064 60.608 66
62.624 63.04 66
64.672 65.536 66
64.992 65.056 78
67.744 68.0 71
68.224 69.408 55
70.176 70.208 83
70.4 70.784 72
70.752 70.88 50
70.88 72.288 50
72.288 73.536 55
73.12 73.504 71
74.336 75.04 60
74.56 75.104 59
75.072 76.704 57
76.704 81.824 57
77.408 78.784 59
