11.648 12.448 50
12.928 13.6 67
14.944 15.36 69
17.152 17.536 67
20.384 20.736 71
20.416 20.576 67
23.104 23.168 62
23.552 24.0 67
23.712 24.032 43
24.288 24.48 62
24.288 24.672 67
26.016 26.176 55
26.016 26.4 59
26.016 26.432 62
26.72 27.168 55
26.72 27.232 64
28.608 29.44 54
32.32 32.608 67
33.12 33.696 67
33.696 34.272 67
34.272 34.464 43
41.248 41.856 51
43.584 43.84 63
44.704 45.216 51
47.584 48.48 62
49.312 49.792 62
50.144 50.208 55
50.464 51.168 60
52.48 53.632 50
53.056 53.632 57
53.088 53.632 62
53.312 53.696 69
53.632 54.272 60
53.632 54.272 62
53.632 54.304 57
53.632 54.368 50
55.936 56.544 62
57.088 57.696 62
59.104 59.488 69
60.096 60.16 59
61.184 61.664 62
64.704 64.768 59
69.6 70.24 50
70.24 70.816 50
70.816 71.392 50
71.392 72.0 50
72.0 72.704 50
73.216 73.312 50
73.856 74.464 50
74.464 75.232 50
76.0 76.48 62
76.768 76.832 67
78.592 78.688 71
79.2 79.424 60
79.2 79.84 52
85.92 86.272 69
90.784 91.744 60
91.264 91.712 67
93.6 93.696 58
96.832 97.504 50
98.72 99.328 50
99.328 99.936 50
99.936 100.544 50
100.544 101.12 50
101.12 101.664 50
103.552 104.16 50
104.16 104.768 50
104.512 104.576 55
104.768 105.28 50
105.408 105.984 50
105.984 106.624 50
106.624 107.104 50
107.264 107.808 50
107.808 108.416 50
108.416 108.96 50
109.728 110.08 50
110.08 110.368 50
110.368 111.648 50
111.392 111.616 43
111.616 111.776 43
113.6 114.784 43
114.176 115.104 59
114.784 114.88 43
115.104 115.52 55
115.712 116.64 55
115.968 116.64 43
116.608 117.888 62
116.608 117.888 65
117.152 117.888 43
118.112 118.688 55
118.368 119.616 43
118.688 119.136 55
119.872 120.48 55
120.736 121.408 43
121.312 122.24 64
121.888 122.592 43
122.208 122.848 55
133.184 133.856 60
135.744 136.384 60
138.304 138.368 55
138.304 138.592 60
140.864 140.992 55
140.864 141.504 60
143.424 143.52 60
143.456 143.488 55
144.736 144.768 43
144.736 144.8 33
145.984 146.752 50
149.824 149.984 66
158.56 159.584 60
164.512 164.8 60
175.584 176.192 67
181.92 182.56 76
185.504 186.144 41
188.672 189.28 60
189.184 189.76 36
189.44 189.76 48
189.76 189.92 60
189.76 190.016 48
189.76 190.208 64
189.76 190.336 36
189.76 190.912 67
190.016 190.592 48
190.592 191.2 48
191.456 192.064 36
191.712 192.384 48
192.608 192.864 36
192.832 193.312 60
192.864 193.312 48
192.864 193.728 36
193.216 193.344 43
193.728 194.304 36
193.984 194.592 48
194.304 194.4 36
194.304 194.528 60
194.304 195.456 67
194.88 195.104 36
195.104 195.488 36
195.104 195.616 48
196.0 196.256 36
196.256 196.64 48
196.256 197.088 36
197.088 197.376 36
197.376 198.24 36
197.376 198.528 48
198.24 198.528 36
198.528 198.816 36
198.528 199.104 48
199.104 200.0 36
200.224 200.512 36
200.224 200.768 48
200.768 201.056 36
200.768 201.312 48
200.8 200.832 60
201.056 201.312 36
201.312 201.664 48
201.312 202.208 36
202.24 202.304 60
202.72 202.944 36
202.944 203.264 36
202.944 203.52 48
203.264 203.52 36
203.52 203.872 36
203.52 203.936 48
204.672 204.96 60
204.672 206.688 36
205.472 208.544 43
208.928 209.28 91
209.28 211.296 91
209.312 211.808 60
211.808 212.992 60
212.992 214.24 55
212.992 214.24 64
212.992 214.24 67
212.992 214.24 72
212.992 214.272 48
212.992 214.272 60
214.24 216.704 72
214.24 216.736 55
214.24 216.768 67
214.24 219.104 64
214.272 216.704 48
214.272 216.736 60
216.736 219.168 60
219.168 222.752 48
