2.848 4.448 55
8.928 9.824 55
10.4 11.232 58
14.208 15.616 54
17.12 17.856 67
20.928 21.6 57
20.928 21.632 62
22.368 23.04 62
23.744 23.872 59
23.872 24.576 62
28.608 28.768 67
29.12 30.624 50
30.72 31.456 67
30.72 31.488 58
30.72 31.52 50
33.6 34.88 62
38.432 38.816 66
38.752 39.392 58
39.712 40.448 79
42.016 43.392 58
43.392 44.64 58
48.608 49.216 66
53.888 54.592 51
53.888 54.624 54
55.232 56.0 50
56.512 57.152 51
57.728 58.272 46
58.368 59.072 50
58.432 58.528 62
59.072 59.744 50
62.016 62.432 52
63.168 63.872 38
66.624 67.104 62
66.624 67.136 58
68.96 69.536 62
71.936 72.544 62
76.288 77.376 60
82.656 82.88 62
82.848 83.648 50
84.128 84.48 62
89.568 91.904 55
91.904 92.832 54
94.816 96.32 67
95.648 97.184 62
96.384 97.824 50
97.184 97.824 62
101.568 102.272 62
106.304 106.464 67
106.816 108.256 50
108.256 109.792 50
108.416 109.088 67
108.448 109.056 58
109.184 109.92 62
110.976 111.328 69
112.128 112.8 58
114.368 115.072 58
115.232 115.584 62
115.84 117.28 54
116.672 117.28 60
117.44 118.4 43
118.112 118.432 55
118.784 120.0 67
120.448 121.92 50
121.248 121.888 58
123.52 124.992 50
124.32 124.928 58
126.624 132.192 50
127.424 128.928 55
130.528 132.16 55
130.528 132.16 58
