0.896 1.344 49
0.896 1.792 54
1.728 2.144 49
2.144 2.592 49
2.144 2.752 54
2.752 3.04 54
3.392 3.872 49
4.032 4.288 49
6.528 7.2 54
7.168 7.616 49
7.2 8.096 54
7.616 7.808 49
7.616 8.0 44
7.808 8.064 49
8.48 8.928 49
8.896 9.408 44
8.928 9.408 49
9.408 9.824 44
9.824 10.272 49
9.824 10.72 44
10.272 10.72 49
10.72 11.232 49
10.72 11.68 44
11.68 12.192 49
11.68 12.672 44
12.672 16.032 44
12.704 16.128 49
20.256 20.928 56
20.288 21.44 53
20.928 21.408 56
21.184 21.664 37
22.208 22.752 56
27.264 27.808 56
30.88 31.36 49
32.192 32.352 56
32.352 32.864 56
33.472 33.504 37
33.6 34.304 56
34.88 35.584 56
37.248 38.144 49
38.976 39.168 49
39.808 40.0 49
39.808 40.288 56
40.0 40.224 37
40.672 41.952 63
41.088 41.28 49
41.536 41.728 69
41.952 42.368 37
42.784 43.232 49
42.784 43.232 56
43.776 44.192 49
45.76 46.496 37
46.624 48.288 53
47.04 47.136 56
47.424 48.32 49
48.704 49.056 56
48.704 49.088 49
49.152 49.568 49
49.984 50.176 49
49.984 50.176 56
50.176 50.88 56
50.848 52.128 63
51.712 52.16 69
52.128 52.544 37
54.24 54.656 49
56.768 57.088 61
60.256 61.44 44
62.848 63.296 54
63.68 64.096 54
64.096 64.416 54
70.016 70.432 53
70.432 70.848 53
70.848 71.296 53
72.576 72.992 54
73.248 73.568 66
74.24 74.528 54
90.048 90.112 73
90.048 90.336 56
91.072 91.296 62
91.296 91.328 56
91.68 92.16 62
92.544 93.44 58
92.928 93.376 56
98.112 98.592 49
98.112 98.72 54
98.72 99.04 54
98.944 100.128 44
99.968 100.256 54
103.744 104.448 54
104.832 105.024 49
105.024 105.28 49
105.024 105.28 51
106.144 106.592 49
106.592 107.04 49
107.04 107.52 49
107.968 108.448 49
107.968 108.928 44
108.896 109.44 49
109.952 110.048 44
