2.656 2.944 65
5.088 5.44 65
5.824 5.856 44
6.368 6.976 60
6.72 7.04 65
9.472 9.824 55
9.76 10.688 58
14.016 14.144 55
15.904 16.384 51
16.384 16.832 51
20.512 21.76 53
31.328 31.68 65
32.96 33.312 65
39.84 40.992 76
42.368 42.976 55
49.184 49.664 64
49.696 51.296 57
50.368 50.752 60
50.752 51.264 60
51.744 52.064 60
52.16 52.576 55
52.544 52.864 60
53.632 54.048 60
54.048 54.528 60
55.424 56.16 64
55.424 56.192 55
55.424 56.224 58
57.312 57.856 60
57.888 58.624 57
58.304 58.752 60
58.72 59.296 55
58.72 59.488 58
60.224 60.608 60
60.608 61.152 60
61.28 61.792 52
61.984 62.752 55
61.984 62.784 58
61.984 62.784 64
69.12 69.216 66
70.976 71.36 62
75.872 76.576 57
75.872 76.736 53
76.672 77.408 65
76.928 77.472 60
77.92 78.368 60
78.368 78.912 55
79.808 80.224 60
80.224 80.768 60
80.864 81.504 52
81.6 82.336 64
81.6 82.4 55
81.6 82.4 58
82.72 83.168 60
83.52 84.032 60
84.48 84.928 60
84.896 85.28 55
84.896 85.664 58
86.016 86.4 60
86.4 86.816 60
86.816 87.36 60
87.424 88.064 52
88.192 88.96 58
95.36 95.456 66
100.16 100.48 62
103.744 105.248 70
108.224 108.672 63
111.872 112.736 60
114.048 114.816 57
114.816 115.68 57
115.648 116.32 58
117.504 117.792 52
117.728 118.048 67
118.048 118.752 58
119.84 120.768 77
120.0 120.768 62
121.536 122.24 57
121.888 123.008 53
122.624 122.816 77
123.2 123.936 62
124.768 125.152 57
126.88 127.264 62
135.328 136.896 57
147.872 148.352 51
149.696 150.144 57
152.064 152.768 65
152.064 153.216 53
158.752 159.072 65
162.688 163.04 60
162.688 163.136 56
166.848 167.104 59
167.648 168.384 58
173.44 174.176 58
175.072 175.424 56
179.872 180.352 58
180.32 181.248 64
182.336 182.912 65
182.88 183.616 58
182.88 183.616 62
183.808 183.84 63
184.928 185.216 65
185.216 185.664 65
186.592 186.944 65
186.976 187.488 69
187.84 189.376 62
189.472 190.176 58
189.472 190.208 62
190.368 190.944 63
191.136 191.552 57
191.52 191.808 65
191.808 192.256 65
193.184 193.568 65
193.568 194.4 63
194.432 195.52 62
200.704 200.8 59
204.416 205.024 79
207.552 208.384 62
208.352 209.056 74
208.352 209.44 70
208.832 209.12 65
209.184 209.888 58
210.048 210.624 63
210.816 211.872 60
212.928 213.28 65
213.28 214.144 63
213.664 214.144 69
213.664 214.176 65
214.112 215.68 62
214.112 215.744 58
215.744 216.448 58
215.744 216.48 62
216.64 217.248 63
217.44 217.856 57
218.08 218.528 65
219.776 219.872 70
219.776 220.576 63
220.672 221.408 62
221.792 221.856 77
224.448 224.672 67
226.912 227.168 59
230.496 230.752 62
230.752 231.008 62
231.008 231.296 62
231.776 232.128 63
235.392 236.672 63
237.824 238.624 50
239.456 240.32 50
245.696 246.496 62
246.496 246.912 62
247.776 247.808 57
249.248 249.44 57
250.464 251.552 62
253.376 253.408 62
253.664 254.432 65
254.496 254.688 66
256.896 257.28 65
258.432 258.976 62
258.56 258.976 65
262.144 265.6 70
