0.848987 1.00997 50
0.922976 1.00997 57
2.40295 2.49094 57
2.48094 2.54394 34
2.48094 2.54394 46
2.74693 2.98694 36
3.23292 3.47091 38
3.30894 3.47091 48
3.38292 3.47091 55
3.72292 3.96389 55
3.72391 3.96389 31
4.70291 4.93988 55
4.7039 6.18284 31
4.7799 4.93988 50
4.9269 4.98989 58
5.26989 5.43386 50
5.84086 5.91985 60
6.33384 6.41683 57
6.41184 6.47283 46
6.41184 6.47384 34
6.66983 6.91482 48
6.67083 6.91482 36
7.23984 7.40182 50
7.31383 7.40182 60
7.80081 7.89479 62
8.33679 8.46081 38
9.08178 9.31577 36
9.15878 9.31577 55
9.64778 9.81575 54
10.5798 11.0758 46
10.7338 10.8238 69
11.2297 11.3307 70
11.6578 11.8358 62
11.7308 11.8358 72
12.3047 12.3717 46
13.0637 13.2977 66
13.1337 13.2977 60
13.5537 14.0227 55
13.5547 14.0277 46
14.1977 14.2567 66
14.5097 15.0027 46
14.5827 14.7477 62
14.6637 14.7477 69
15.0797 15.2407 62
15.1607 15.2407 70
16.5857 16.7527 60
16.9807 17.2107 34
17.6207 17.7117 69
18.0937 18.1737 74
18.1637 18.4257 45
18.1667 18.4267 33
18.5027 18.6677 57
18.5777 18.6677 67
19.0706 19.1496 74
19.4796 19.6476 57
20.0506 20.1296 74
20.4636 20.6236 57
21.0376 21.1236 62
21.4676 21.6396 50
21.5476 21.6396 55
22.4026 23.8966 31
22.5556 22.6496 57
23.5536 23.6386 60
24.1246 24.1936 58
24.1276 24.1936 46
24.1276 24.1976 34
24.3945 24.8805 36
24.3945 24.8805 48
24.8835 25.1175 59
25.4505 25.8385 51
25.5245 25.6145 62
26.7945 27.2945 38
28.3875 28.9375 74
29.5705 29.7305 55
30.5924 31.1734 74
31.1734 31.9424 69
33.4544 34.2074 53
36.3744 38.5164 47
36.3784 38.5164 31
39.4324 39.9964 36
42.3374 42.9043 53
44.8653 45.1103 48
45.1063 45.8583 34
45.2773 45.8583 62
47.5813 48.0683 76
48.9693 49.5173 57
50.2973 51.1963 47
50.5773 50.6853 74
50.6853 51.1963 74
52.8773 54.5373 64
53.8983 54.5373 60
56.1813 57.1533 65
56.3903 57.1533 57
57.0463 58.0183 62
58.0043 58.7643 53
60.1823 60.9093 32
60.9063 63.0503 31
60.9093 63.0503 47
63.9673 64.5283 36
66.1522 66.6983 60
66.6952 69.6422 65
66.8733 67.4363 53
69.4002 69.6422 48
69.8092 70.3982 62
72.1162 72.6022 76
74.8292 75.7322 47
75.1132 75.2133 74
75.2562 75.7322 76
77.4092 79.0702 64
79.0682 80.8032 67
80.8032 81.9092 65
88.4922 89.2031 65
88.5042 89.1861 69
89.1861 89.9071 69
89.9031 90.6162 72
93.0951 93.4591 72
93.4491 93.6231 70
93.6231 94.2601 70
93.6241 94.2601 60
94.2081 96.3291 73
95.0901 95.7941 61
95.7941 96.4841 61
97.9501 98.6571 61
98.6571 99.3711 61
99.3711 99.7321 61
99.7321 100.651 61
99.9171 102.566 42
100.991 101.348 66
102.564 102.791 49
102.566 105.776 42
102.804 105.783 74
105.332 105.783 50
105.776 108.657 42
106.851 107.203 66
108.425 108.657 49
108.656 111.694 36
111.713 111.828 58
111.83 112.576 53
111.831 114.021 34
111.831 114.021 46
112.202 112.576 55
113.308 114.021 60
114.015 114.74 32
114.739 116.881 31
114.74 116.881 47
117.798 118.358 36
120.71 121.267 53
123.234 123.472 48
123.472 124.228 34
123.643 124.228 62
125.947 126.43 76
127.332 127.887 57
128.659 129.565 47
128.946 129.045 74
129.103 129.565 76
129.562 131.242 60
131.239 132.901 64
134.631 135.739 65
134.879 135.739 57
136.625 137.329 65
137.322 138.035 69
141.927 142.333 70
142.309 143.026 69
142.32 143.033 65
142.502 143.033 63
143.026 143.737 69
146.568 147.282 73
147.363 148.09 72
147.454 148.09 70
147.454 148.09 60
148.032 150.156 73
149.624 150.314 61
151.78 152.48 61
151.959 152.315 53
152.48 153.198 61
153.562 154.482 61
154.822 155.179 66
156.394 156.627 49
156.397 159.606 42
156.634 159.613 74
159.162 159.613 50
159.603 160.338 61
159.606 162.487 42
160.324 161.033 65
160.677 161.033 66
162.256 162.487 49
162.484 165.525 36
162.493 165.525 73
165.543 165.657 58
165.658 166.406 53
165.662 166.406 58
166.021 166.406 55
167.138 167.845 60
167.842 168.574 32
168.573 170.712 47
168.574 170.712 31
174.537 175.097 53
177.058 177.303 48
177.47 178.058 62
178.212 178.749 62
178.923 179.507 67
179.477 180.204 69
179.657 180.204 65
179.855 180.204 70
180.372 180.959 60
181.11 181.65 60
181.825 182.402 65
182.378 183.099 67
183.273 183.854 62
184.012 184.565 56
184.201 184.565 34
185.317 186.119 33
185.317 187.554 45
187.289 187.732 55
187.289 187.733 52
189.055 189.301 55
189.14 189.301 50
189.216 189.301 57
190.2 190.281 60
190.696 190.781 57
190.774 190.833 34
190.774 190.834 46
191.032 191.274 36
191.183 191.274 58
191.6 191.761 48
191.674 191.761 55
192.014 192.254 31
192.163 192.254 57
192.986 194.467 31
193.14 193.23 57
193.638 193.717 58
194.131 194.21 60
194.621 194.704 57
194.697 194.764 34
194.698 194.765 46
194.961 195.204 36
195.114 195.204 58
195.605 195.688 60
196.094 196.177 62
197.373 197.609 36
197.445 197.609 55
198.867 199.367 46
198.873 199.37 55
199.02 199.117 69
199.444 199.622 62
199.944 200.126 62
200.025 200.126 72
200.518 200.602 69
200.596 200.659 46
201.349 201.589 66
201.429 201.589 60
201.915 202.082 62
201.999 202.082 69
202.8 203.297 46
202.8 203.297 55
202.957 203.041 69
203.375 203.535 62
203.875 204.035 62
204.876 205.05 60
205.31 205.536 34
205.945 206.036 69
206.414 206.502 74
206.492 206.744 33
206.821 206.992 57
206.897 206.992 67
207.387 207.475 74
207.808 207.975 57
208.375 208.459 74
208.788 208.955 57
209.362 209.455 62
210.727 212.203 31
210.878 210.965 57
211.865 211.945 60
212.358 212.445 57
212.435 212.498 46
212.438 212.498 34
212.701 213.187 48
212.701 213.187 36
213.188 213.425 59
213.341 213.425 60
213.754 214.146 51
213.824 213.919 62
215.102 215.602 38
216.698 217.247 74
217.87 218.041 55
218.562 218.899 37
218.902 219.481 74
218.907 219.484 38
219.481 219.868 69
220.245 220.659 43
220.246 220.659 31
220.307 220.443 68
220.377 220.443 80
221.638 221.707 51
222.056 222.134 71
222.354 223.586 31
222.357 223.45 43
222.494 223.586 74
223.002 223.586 36
223.005 223.586 48
223.45 223.586 43
223.451 223.586 55
223.708 224.132 43
224.761 224.867 66
228.101 228.175 74
228.104 228.175 62
228.938 229.01 69
229.291 229.428 55
229.365 229.431 53
230.128 230.27 55
230.964 231.1 55
230.965 231.1 51
231.385 231.518 48
231.518 231.619 51
231.793 231.933 48
232.147 232.35 31
232.21 232.35 46
232.347 232.552 38
232.616 232.756 48
232.756 232.958 38
232.962 233.162 31
233.022 233.162 46
233.092 233.162 57
233.162 233.361 38
233.424 233.561 48
233.826 233.96 46
234.219 234.349 55
235.066 235.135 70
235.128 235.328 50
235.332 236.486 31
235.395 235.524 67
236.907 239.67 31
241.215 242.412 45
242.206 242.412 36
242.41 242.749 31
245.153 246.22 48
245.154 248.034 56
245.157 246.393 36
246.045 248.034 39
246.22 248.034 48
246.393 246.57 36
246.567 248.034 51
246.57 248.034 36
246.738 248.034 33
247.096 248.034 30
247.449 248.034 27
247.806 248.034 24
248.031 249.164 55
248.033 251.079 31
251.079 254.429 31
