4.21796 4.61996 72
11.2989 12.1219 55
14.5928 15.4178 65
14.5948 14.7948 74
27.0976 27.7725 64
28.1816 28.2275 65
28.1865 28.2315 45
29.0016 29.0435 45
30.6465 31.0385 72
30.6495 30.6915 54
30.6495 30.6915 45
31.3635 31.4265 66
31.4275 31.8325 72
31.4305 31.4785 54
31.4305 31.4795 45
33.0645 33.1095 65
33.0675 33.1135 45
33.8815 33.9225 45
34.6925 34.8535 72
34.6955 34.7445 45
35.5295 35.6225 74
36.9255 37.1385 74
37.9685 38.3395 76
38.7874 39.1994 65
40.0404 40.3444 65
42.8474 43.3054 33
43.5544 43.6524 62
43.9494 44.0474 60
45.3784 45.7734 33
45.9874 46.0854 62
46.3674 46.4694 60
48.2164 48.3144 72
48.4134 48.5064 65
50.6313 50.7323 72
50.8273 50.9253 65
60.9272 61.1242 65
63.7841 64.1341 60
64.1971 64.8131 60
65.6291 65.8311 60
66.2371 66.8441 65
67.0371 67.2661 70
67.4451 67.6441 63
68.663 69.017 60
69.069 69.685 60
70.501 70.703 60
71.107 71.709 65
71.513 72.096 67
72.499 72.702 67
72.703 72.891 72
73.095 73.48 70
73.098 73.871 55
73.48 73.822 70
74.071 74.477 67
74.691 76.2049 74
74.691 77.0949 36
75.089 75.4989 76
75.093 75.5019 60
75.2889 75.6919 72
75.9009 76.2899 60
76.8919 77.1019 69
77.4959 77.6859 72
77.8899 78.2769 70
77.8929 78.6659 55
78.2769 78.6379 70
79.4709 80.9829 74
79.4749 84.1008 36
79.8669 80.2699 76
80.2719 80.6689 60
80.8509 81.0459 69
81.2429 81.7028 69
81.6309 81.8239 74
82.0119 82.2178 74
84.1118 86.3658 34
85.0508 85.4248 74
85.4248 86.1708 74
85.9848 86.3598 82
86.3598 86.7328 82
88.6448 88.8368 82
88.6488 91.0808 34
88.8408 89.0438 76
89.6488 90.0418 74
90.0418 90.8668 74
91.0838 91.4688 88
91.0848 91.8288 28
91.4578 91.7938 71
91.8338 92.5818 29
92.5758 92.9508 64
92.5768 93.3208 31
93.3248 94.0628 33
93.3278 94.0668 45
94.0698 94.7318 35
94.0698 94.7318 47
94.4518 94.8288 33
94.4528 94.8298 45
94.8328 95.2488 65
95.2528 95.6938 29
95.6938 95.9948 83
95.6948 95.9948 88
95.6978 96.4318 28
96.4358 97.1918 29
97.1848 97.5598 64
97.1858 97.9378 31
97.9348 98.6818 33
97.9348 98.6858 45
98.6898 99.5328 47
98.6898 99.5328 35
99.0918 99.5298 64
99.5298 100.576 36
99.5328 100.577 48
99.7708 100.324 52
100.324 100.577 52
100.524 100.629 45
100.58 100.632 54
100.58 100.633 60
102.137 102.393 45
102.189 102.347 60
102.19 102.347 64
102.974 103.079 45
103.03 103.08 54
105.522 107.954 74
105.526 109.557 60
107.955 110.45 74
109.082 109.144 90
112.036 113.096 76
112.9 113.296 71
113.299 113.692 71
117.804 117.926 71
117.807 118.206 33
117.807 118.207 45
120.223 122.571 29
125.031 127.372 29
129.843 132.195 27
129.844 132.196 39
134.656 136.997 27
134.656 136.998 39
140.036 140.19 60
140.04 140.193 45
140.844 140.984 60
140.848 141.03 45
141.437 141.845 60
145.076 145.882 72
145.828 146.605 50
146.302 146.718 74
146.661 148.335 55
148.345 149.164 45
149.767 149.913 60
149.77 149.916 45
150.567 150.707 60
150.571 150.753 45
151.16 151.565 60
152.385 152.755 64
154.438 154.845 74
158.863 159.261 74
159.664 160.455 74
159.668 160.458 76
160.462 161.281 79
167.347 167.785 45
168.204 168.627 59
168.204 168.631 61
168.634 171.448 59
168.638 168.83 51
171.455 172.275 78
172.278 172.69 73
172.695 173.101 74
173.105 173.52 73
177.581 178.492 55
177.581 179.526 34
177.584 179.526 46
178.491 179.558 70
178.492 179.562 55
178.536 179.562 75
178.584 179.565 79
178.637 179.566 82
179.569 181.455 55
179.572 181.623 46
180.545 181.623 34
181.452 182.526 70
181.493 182.527 75
181.494 182.529 58
181.546 182.53 79
181.591 182.533 82
182.537 183.857 46
183.457 183.859 34
184.262 184.43 60
185.071 185.175 72
185.072 185.175 75
185.914 186.313 34
187.529 187.629 70
187.529 187.633 74
188.372 190.814 46
189.985 190.387 77
189.985 190.39 73
190.819 191.622 46
191.628 192.026 73
191.959 192.029 65
193.268 194.062 46
194.066 194.458 73
194.391 194.458 65
196.457 196.842 73
198.79 199.166 76
200.289 201.027 61
203.542 204.076 73
204.259 204.639 81
208.665 209.011 85
209.774 210.503 57
210.323 210.484 66
211.233 211.947 32
211.776 211.948 65
214.136 214.856 57
215.589 215.934 71
215.591 216.927 35
216.291 216.638 71
216.999 218.377 45
216.999 218.377 33
217.723 218.086 74
217.726 218.43 32
218.258 218.419 71
218.433 219.119 74
220.24 220.411 80
221.674 221.919 77
222.388 222.563 73
222.748 223.102 73
224.41 224.777 74
224.598 224.961 81
224.777 225.138 74
225.138 225.492 74
225.674 226.034 81
226.034 226.408 81
226.408 226.756 81
226.577 226.828 74
227.476 227.655 86
228.575 228.943 81
228.579 230.784 35
228.945 229.314 86
229.314 229.67 86
229.492 229.85 78
229.668 230.032 81
229.85 230.21 78
230.032 230.391 81
230.21 230.581 78
230.391 230.78 81
230.392 230.778 86
230.581 230.784 78
230.778 231.134 86
230.78 231.134 81
230.78 232.236 66
230.781 232.236 62
230.952 231.32 78
231.134 231.501 86
231.134 231.505 81
231.502 231.864 78
231.684 232.051 74
231.864 232.419 78
231.865 232.695 81
232.051 232.695 74
232.233 232.594 83
232.233 232.596 86
232.596 232.775 86
232.961 233.1 93
232.964 233.101 88
232.965 233.104 33
232.967 233.104 45
233.333 233.497 60
233.675 233.714 60
234.039 234.133 69
234.042 234.133 60
234.766 234.857 83
235.123 235.218 84
235.666 235.841 55
236.93 237.023 83
236.937 237.028 55
237.29 237.384 81
237.829 238.003 64
238.008 238.046 64
238.01 238.047 60
238.372 238.463 69
238.372 238.466 60
239.096 239.187 83
239.453 239.551 84
239.46 239.558 36
239.996 240.171 62
241.28 241.378 83
241.687 241.785 83
245.127 246.782 69
245.344 246.782 74
245.565 246.782 79
245.641 246.782 81
245.708 246.782 83
245.785 246.782 84
245.785 246.782 35
245.859 246.782 86
245.929 246.782 88
246.086 246.782 91
246.163 246.782 93
246.239 246.782 95
246.401 246.782 98
246.475 246.782 100
246.562 246.782 101
246.642 246.782 103
246.73 247.135 105
246.731 247.136 33
249.173 249.376 33
249.173 249.38 45
