1.067 1.26603 60
2.12402 2.36204 52
2.20401 2.37602 71
3.27903 3.38406 57
3.29605 3.48206 60
4.35407 4.5951 52
4.37507 4.60911 59
4.44409 4.6121 80
4.46509 4.61311 88
5.54712 5.65913 57
5.57111 5.75714 60
5.58912 5.76113 64
6.15912 6.27813 69
6.70616 6.87716 71
6.75015 6.87815 88
7.18116 7.26217 64
7.7762 7.88122 57
7.86721 7.98722 81
8.29121 8.37421 69
8.91824 9.11024 68
8.93525 9.11124 71
8.95323 9.11124 80
8.96223 9.11324 88
10.0482 10.1563 57
10.1183 10.2513 85
10.1353 10.2513 93
11.1153 11.3393 57
11.1403 11.2453 62
11.2213 11.3443 89
12.2363 12.3473 55
12.2593 12.4423 59
12.2773 12.4423 74
12.3053 12.4463 83
13.3343 13.4333 60
13.3523 13.5333 64
13.3693 13.5343 67
13.4153 13.5383 88
14.4373 14.5413 59
14.4583 14.6403 65
14.5073 14.6433 83
14.5243 14.6443 89
15.5574 15.6624 60
15.5924 15.7604 69
15.6274 15.7644 81
15.6444 15.7644 88
16.0684 16.1554 69
17.0384 17.1784 75
18.2844 18.4194 81
18.9244 19.2604 76
18.9704 19.2604 85
18.9944 19.2604 93
19.4944 19.7404 81
20.0864 20.3974 69
20.1564 20.3974 89
20.5834 20.6464 74
21.2174 21.5814 59
21.2414 21.5814 74
21.7384 21.8044 79
21.8084 22.0574 79
22.4734 22.7214 88
22.9634 23.3214 72
23.6134 23.8874 89
24.1004 24.4584 70
24.1044 24.4594 62
24.7524 24.9894 88
25.2974 25.6694 69
26.2044 26.3524 75
27.5904 27.9084 81
28.3474 28.4624 88
28.8234 28.9454 57
28.9874 29.0984 72
29.2643 29.3094 76
29.7854 29.9084 52
30.1873 30.2253 72
30.2293 30.2693 81
30.2713 30.3483 57
30.3523 30.5263 57
30.7513 30.8673 57
32.4173 32.4553 81
32.4563 32.5783 88
32.9313 33.0473 57
33.0883 33.2083 72
33.3833 33.4393 76
33.4393 33.5543 83
33.9093 34.0273 52
34.3673 34.4193 81
34.4193 34.5343 88
34.8953 35.0183 57
35.0483 35.1683 72
36.5823 36.7673 81
37.0573 37.1173 69
37.9253 38.0453 74
38.0273 38.0803 62
38.5623 38.7903 62
39.0843 39.1443 67
40.1173 40.2363 60
41.1003 41.2153 74
41.1013 41.2163 59
41.4193 41.5063 74
41.5073 41.5513 76
42.0813 42.2033 57
42.2413 42.3603 72
43.4743 43.6323 71
44.4153 44.9192 93
45.3642 45.4962 45
46.3542 46.8512 40
46.3582 46.8522 44
47.3522 47.8692 41
48.3622 48.9472 40
48.3632 48.9512 44
62.1391 62.272 45
63.133 63.63 65
63.133 63.631 57
64.127 64.62 59
64.134 64.259 43
64.743 64.868 35
64.981 65.061 35
65.061 65.132 37
66.126 66.6119 59
66.126 66.6129 50
66.129 66.6129 56
66.129 66.251 41
66.4829 66.6219 35
67.0569 67.1299 41
67.1199 67.6169 57
67.3579 67.4829 35
67.4719 67.6199 33
67.6209 68.1549 53
67.6239 67.7639 35
67.7499 67.8959 34
67.8869 68.0299 35
68.0189 68.1589 34
68.3799 68.8129 35
69.7239 69.8389 33
69.8419 69.9619 32
69.9619 70.0759 33
70.0799 70.1469 32
70.1499 70.2169 34
70.2059 70.4449 53
70.2069 70.4449 57
70.2069 70.3289 33
70.3289 70.4479 32
70.4489 70.5599 33
70.5599 70.6829 32
70.6829 70.9279 52
70.6839 70.9279 57
70.6859 70.8049 33
70.8059 70.9289 32
70.9309 71.0419 33
71.0429 71.1089 32
71.1099 71.1789 34
71.1719 71.4149 53
71.1729 71.4169 57
71.1729 71.2919 33
71.2919 71.4179 32
71.4179 71.5359 33
71.6629 71.9359 48
71.6659 71.9359 52
71.6659 71.7949 33
71.7959 71.9389 32
71.9399 72.0619 33
72.1389 72.2159 34
72.2019 72.4819 53
72.2029 72.3419 33
72.3419 72.4849 32
72.4849 72.6219 33
72.8079 73.1739 52
72.8099 73.1749 33
75.0919 75.3649 33
75.0929 75.3649 45
75.3619 75.6169 32
75.6179 75.9009 35
75.9079 76.4449 44
76.8219 76.9749 54
77.2349 77.5009 33
77.2349 77.5009 45
77.4979 77.7599 35
77.4979 77.7599 47
78.0469 78.3438 56
78.0479 78.3438 59
78.6168 79.1658 36
79.0138 79.1738 51
79.0158 79.1768 60
79.1788 79.2968 51
79.4288 79.7018 33
79.4288 79.7018 45
79.6988 79.9468 32
79.9498 80.2368 35
80.2448 80.7738 44
80.7728 81.3048 36
81.1588 81.3118 60
81.3158 81.4348 51
81.5638 81.8398 33
81.5648 81.8398 45
81.8338 82.0918 35
82.9508 83.1038 93
82.9538 83.4988 45
82.9548 83.4998 52
83.0788 83.1388 85
83.3498 83.5028 93
83.3528 83.5038 64
83.5068 83.6258 93
83.7588 84.0348 37
84.0288 84.2838 38
85.5058 85.6598 62
85.9148 86.1878 35
86.1818 86.4357 36
86.4397 86.7228 38
86.7268 86.9817 39
87.2557 87.4117 50
87.2587 87.4117 56
88.3357 88.4867 40
88.3367 88.4867 48
89.4217 90.0167 47
90.0267 90.6317 40
90.6397 91.3287 59
90.6437 91.2907 45
90.6437 91.3287 56
91.2907 91.4517 45
92.5707 92.7357 90
93.1387 93.2927 89
93.1387 93.2047 52
93.5477 93.6877 89
93.6887 93.8497 88
94.8317 94.9938 90
95.3928 95.5537 89
95.7978 95.9628 89
96.5698 96.6487 60
97.1348 97.3038 90
97.2828 97.4428 89
97.7088 97.8638 89
97.7098 97.7718 52
98.1158 98.2558 89
99.3748 99.5398 90
99.9358 100.091 89
100.352 100.52 89
102.281 102.435 85
105.649 105.851 59
105.651 105.851 56
112.466 112.564 52
115.14 115.214 44
115.217 116.124 33
115.217 116.124 45
115.823 116.124 69
116.324 116.426 45
117.156 117.348 64
117.615 118.513 45
118.717 118.812 45
118.808 119.683 44
119.9 119.966 47
119.97 120.044 48
120.369 120.961 88
122.448 123.368 35
123.061 123.368 74
123.662 124.566 36
125.479 125.78 74
127.713 128.205 48
127.81 128.205 50
128.552 129.493 33
128.552 129.493 45
129.213 129.493 88
129.875 129.98 33
129.876 129.981 36
130.019 130.127 35
130.159 130.27 36
130.305 130.418 38
130.446 130.554 40
130.589 130.694 41
130.592 130.694 45
130.734 130.835 95
130.87 130.977 93
130.872 130.982 45
131.152 131.248 48
131.282 131.387 88
131.419 131.528 52
133.263 133.403 59
133.543 133.69 59
134.475 135.328 96
134.478 134.579 45
134.611 134.723 35
135.331 135.429 98
135.332 135.43 95
135.469 135.573 45
137.982 138.132 45
138.128 138.272 56
138.265 138.425 65
138.409 139.004 64
139.994 140.1 85
140.271 140.372 88
140.41 140.508 47
140.54 140.645 91
140.544 140.648 45
140.679 140.963 93
140.684 140.963 47
140.82 140.963 95
140.823 140.963 45
140.953 141.24 97
140.956 141.24 40
141.094 141.24 38
142.384 142.482 48
142.647 142.752 88
142.65 142.755 45
142.783 142.896 43
142.928 143.238 45
142.93 143.203 41
143.06 143.238 93
143.2 143.299 95
143.203 143.491 41
143.204 143.49 38
143.333 143.491 96
143.336 143.491 36
143.487 143.802 44
143.49 143.812 47
143.671 143.812 41
144.074 144.371 59
144.074 144.371 62
144.075 144.371 56
144.652 144.98 96
144.652 144.98 33
144.655 144.98 45
144.655 144.98 42
144.658 144.97 39
144.837 144.98 36
144.837 144.98 48
144.97 145.26 39
145.236 145.536 78
145.243 145.536 45
145.384 145.536 46
145.823 146.11 69
145.827 146.11 57
146.681 147.01 56
147.004 147.794 65
150.045 150.28 76
152.226 152.425 64
152.227 152.425 71
153.689 153.927 76
157.356 157.587 72
157.356 157.591 76
159.54 159.73 64
159.541 159.733 71
161.0 161.238 76
161.61 161.872 59
164.671 164.91 73
164.672 164.91 76
164.673 164.913 45
167.009 167.273 57
168.543 168.781 74
168.545 168.784 43
168.546 168.784 56
172.798 173.218 80
173.642 173.725 62
173.73 173.806 64
173.733 173.807 72
175.55 175.928 76
176.306 176.389 60
176.474 176.512 60
177.153 177.225 69
177.156 177.226 72
177.229 177.261 65
177.23 177.265 71
177.574 178.07 62
177.727 177.765 69
178.073 178.147 76
178.148 178.22 71
178.22 178.262 68
178.221 178.262 76
178.725 178.759 74
179.144 179.218 76
179.635 179.871 38
179.714 179.792 83
179.795 179.834 81
180.299 180.723 96
180.3 180.723 88
180.3 180.724 33
180.302 180.726 45
182.189 182.364 48
182.357 182.525 52
182.442 182.617 64
182.526 182.708 45
182.617 182.708 60
182.891 183.071 40
182.978 183.071 59
183.064 183.393 42
183.065 183.243 52
183.149 183.349 64
183.243 183.393 52
183.244 183.393 44
183.349 183.414 64
183.449 183.816 45
183.642 183.816 48
183.81 183.979 52
183.981 184.163 45
184.069 184.163 60
184.16 184.534 44
184.353 184.534 41
184.443 184.534 59
184.626 184.849 59
185.56 185.654 64
185.746 186.029 64
185.927 186.029 71
186.012 186.319 42
186.932 187.111 45
187.671 187.769 59
188.165 188.251 76
188.406 188.531 45
188.493 188.56 73
189.518 189.689 45
189.6 189.689 67
189.601 189.689 74
189.851 189.962 55
189.938 189.998 74
189.939 189.998 71
190.305 190.396 84
190.792 191.156 62
190.984 191.156 65
191.065 191.188 80
191.068 191.504 74
191.318 191.504 68
191.406 191.504 80
191.408 191.504 83
191.681 191.87 65
191.684 191.87 59
191.769 191.902 80
191.951 192.244 72
192.34 192.65 74
192.434 192.65 51
192.536 192.686 93
192.539 192.689 84
192.633 193.086 60
192.739 192.963 88
193.081 193.834 84
193.082 193.834 88
193.082 193.834 93
194.457 194.751 76
194.636 194.695 64
194.881 194.939 64
196.412 196.469 76
196.487 196.787 76
197.431 197.484 69
197.974 198.038 76
198.678 198.944 88
198.713 198.768 96
199.686 199.966 88
199.72 199.78 95
200.116 200.179 98
200.242 200.302 95
200.718 200.999 88
201.786 201.852 95
207.012 207.074 89
207.971 208.026 76
208.216 208.272 72
209.196 209.255 74
211.782 211.841 76
211.842 211.964 77
211.904 212.024 76
211.964 212.087 77
212.024 212.143 76
212.143 212.261 76
212.203 212.325 77
212.261 212.384 76
212.325 212.443 77
212.384 212.499 76
212.443 212.556 77
212.499 212.615 76
212.556 212.675 77
212.675 212.791 77
212.731 212.847 76
212.791 212.905 77
212.847 212.965 76
212.905 213.021 77
212.965 213.081 76
213.021 213.144 77
213.081 213.206 76
213.144 213.27 77
213.27 213.406 77
213.336 213.469 76
213.406 213.533 77
213.469 213.595 76
213.533 213.661 77
213.661 213.781 77
213.781 213.917 77
213.847 213.981 76
213.917 214.05 77
213.981 214.114 76
214.05 214.183 77
214.114 214.239 76
214.183 214.306 77
214.306 214.439 77
214.371 214.501 76
214.439 214.565 77
214.501 214.624 76
214.565 214.687 77
214.687 214.809 77
214.764 216.23 88
214.765 217.788 74
214.767 214.82 76
214.82 214.953 77
214.883 215.019 76
214.953 215.083 77
215.019 215.149 76
215.083 215.209 77
215.149 215.268 76
215.209 215.331 77
215.268 215.391 76
215.331 215.446 77
215.391 215.509 76
215.446 215.562 77
215.562 215.681 77
215.622 215.738 76
215.681 215.797 77
215.738 215.856 76
215.797 215.919 77
215.856 215.975 76
215.919 216.039 77
215.975 216.098 76
216.039 216.16 77
216.098 216.231 76
216.16 216.259 77
216.231 216.289 76
216.29 216.346 77
216.349 216.475 76
216.413 216.535 77
216.475 216.599 76
216.535 216.654 77
216.599 216.714 76
216.654 216.773 77
216.714 216.836 76
216.773 216.892 77
216.836 216.954 76
216.892 217.015 77
216.954 217.075 76
217.015 217.137 77
217.075 217.207 76
217.137 217.27 77
217.27 217.411 77
217.344 217.48 76
217.411 217.543 77
217.48 217.613 76
217.613 217.756 76
217.684 217.788 77
217.75 219.072 93
217.753 220.654 84
217.753 220.654 88
217.756 217.816 76
217.816 217.942 77
217.879 218.002 76
217.942 218.065 77
218.002 218.131 76
218.065 218.187 77
218.131 218.247 76
218.187 218.303 77
218.247 218.363 76
218.303 218.418 77
218.418 218.541 77
218.478 218.593 76
218.541 218.653 77
218.593 218.709 76
218.709 218.824 76
218.768 218.891 77
218.824 218.951 76
218.891 219.014 77
218.951 219.073 76
219.014 219.13 77
219.073 219.192 76
219.13 219.201 77
219.192 219.243 76
219.244 219.363 77
219.304 219.419 76
219.363 219.475 77
219.419 219.538 76
219.538 219.658 76
219.595 219.713 77
219.658 219.769 76
219.713 219.825 77
219.769 219.892 76
219.825 219.948 77
219.892 220.007 76
219.948 220.063 77
220.063 220.179 77
220.24 220.364 76
220.301 220.427 77
220.364 220.49 76
220.427 220.561 77
220.644 223.545 86
220.647 223.543 69
220.648 220.707 76
220.707 220.83 77
220.77 220.889 76
220.83 220.946 77
220.889 221.004 76
220.946 221.064 77
221.004 221.12 76
221.064 221.173 77
221.173 221.289 77
221.229 221.34 76
221.289 221.397 77
221.34 221.449 76
221.397 221.509 77
221.449 221.562 76
221.509 221.62 77
221.562 221.68 76
221.62 221.733 77
221.68 221.792 76
221.733 221.852 77
221.792 221.915 76
221.852 221.985 77
221.985 222.093 77
222.062 222.12 76
222.125 222.18 77
222.181 222.304 76
222.247 222.363 77
222.304 222.419 76
222.419 222.535 76
222.478 222.594 77
222.535 222.653 76
222.594 222.709 77
222.709 222.832 77
222.769 222.891 76
222.832 222.948 77
222.891 223.007 76
222.948 223.063 77
223.007 223.122 76
223.063 223.186 77
223.186 223.308 77
223.308 223.455 77
223.378 223.545 76
223.542 226.58 84
223.545 223.608 76
223.609 223.738 77
223.679 223.802 76
223.738 223.861 77
223.802 223.916 76
223.861 223.983 77
223.916 224.039 76
223.983 224.099 77
224.039 224.155 76
224.099 224.215 77
224.155 224.27 76
224.215 224.33 77
224.27 224.389 76
224.33 224.446 77
224.389 224.505 76
224.446 224.56 77
224.505 224.62 76
224.56 224.676 77
224.62 224.736 76
224.676 224.795 77
224.795 224.914 77
224.852 224.981 76
224.914 225.044 77
224.981 225.114 76
225.044 225.177 77
225.114 225.243 76
225.177 225.31 77
225.31 225.433 77
225.369 225.498 76
225.433 225.554 77
225.554 225.688 77
225.688 225.821 77
225.76 225.891 76
225.821 225.957 77
225.891 226.02 76
225.957 226.077 77
226.02 226.15 76
226.077 226.212 77
226.15 226.272 76
226.212 226.339 77
226.339 226.465 77
226.402 226.539 76
226.465 226.58 77
226.538 228.002 88
226.594 226.728 77
226.728 226.86 77
226.791 226.923 76
226.86 226.983 77
226.923 227.043 76
226.983 227.105 77
227.043 227.164 76
227.105 227.221 77
227.164 227.28 76
227.221 227.336 77
227.28 227.396 76
227.336 227.455 77
227.396 227.511 76
227.455 227.571 77
227.511 227.635 76
227.571 227.694 77
227.694 227.815 77
227.757 227.879 76
227.815 227.935 77
227.879 228.002 76
227.935 228.032 77
228.002 228.06 76
228.061 228.123 77
228.127 228.246 76
228.19 228.313 77
228.246 228.372 76
228.313 228.429 77
228.372 228.491 76
228.429 228.551 77
228.491 228.607 76
228.551 228.667 77
228.607 228.732 76
228.667 228.788 77
228.732 228.852 76
228.788 228.911 77
228.911 229.045 77
228.978 229.122 76
229.045 229.184 77
229.122 229.251 76
229.184 229.321 77
229.321 229.454 77
229.384 229.535 76
229.454 229.558 77
229.531 232.422 88
229.535 229.596 76
229.597 229.727 77
229.661 229.793 76
229.727 229.856 77
229.793 229.912 76
229.856 229.978 77
229.912 230.035 76
229.978 230.095 77
230.035 230.15 76
230.095 230.217 77
230.15 230.273 76
230.217 230.333 77
230.273 230.389 76
230.333 230.448 77
230.448 230.57 77
230.514 230.627 76
230.57 230.686 77
230.627 230.745 76
230.745 230.858 76
230.799 230.914 77
230.858 230.974 76
230.914 230.993 77
230.974 231.028 76
231.029 231.151 77
231.088 231.207 76
231.151 231.267 77
231.207 231.328 76
231.267 231.383 77
231.328 231.442 76
231.383 231.498 77
231.442 231.557 76
231.498 231.616 77
231.616 231.732 77
231.676 231.788 76
231.732 231.848 77
231.848 231.971 77
231.911 232.03 76
232.03 232.149 76
232.086 232.212 77
232.149 232.279 76
232.342 232.422 77
232.411 238.284 86
232.411 233.849 99
232.412 238.284 92
232.416 232.464 76
232.464 232.583 77
232.583 232.703 77
232.643 232.758 76
232.703 232.817 77
232.758 232.87 76
232.87 232.986 76
232.93 233.039 77
232.986 233.094 76
233.039 233.146 77
233.094 233.206 76
233.146 233.259 77
233.206 233.315 76
233.259 233.374 77
233.315 233.43 76
233.374 233.489 77
233.43 233.548 76
233.489 233.605 77
233.548 233.669 76
233.605 233.734 77
233.734 233.849 77
233.818 233.87 76
233.875 233.937 77
233.938 234.06 76
233.997 234.116 77
234.116 234.234 77
234.176 234.29 76
234.234 234.35 77
234.29 234.406 76
234.35 234.466 77
234.406 234.522 76
234.466 234.582 77
234.522 234.641 76
234.641 234.756 76
234.697 234.813 77
234.756 234.878 76
234.813 234.935 77
234.878 234.998 76
234.935 235.064 77
235.135 235.328 76
235.233 235.404 77
235.328 235.474 76
235.404 235.54 77
235.474 235.603 76
235.54 235.666 77
235.603 235.726 76
235.666 235.782 77
235.726 235.848 76
235.782 235.905 77
235.848 235.964 76
235.905 236.02 77
236.02 236.138 77
236.079 236.195 76
236.138 236.254 77
236.254 236.37 77
236.31 236.426 76
236.37 236.486 77
236.426 236.544 76
236.486 236.602 77
236.544 236.66 76
236.602 236.723 77
236.66 236.787 76
236.787 238.284 76
241.099 241.228 77
241.168 241.295 76
241.228 241.351 77
241.295 241.414 76
241.351 241.47 77
241.414 241.532 76
241.47 241.588 77
241.532 241.654 76
241.588 241.71 77
241.654 241.767 76
241.71 241.826 77
241.767 241.886 76
241.826 241.942 77
241.886 242.002 76
241.942 242.058 77
242.002 242.118 76
242.058 242.169 77
242.118 242.225 76
242.225 242.344 76
242.285 242.407 77
242.344 242.47 76
242.407 242.537 77
242.537 244.077 77
246.103 246.922 74
246.919 249.834 68
246.985 247.115 76
247.052 247.175 77
247.115 247.238 76
247.175 247.294 77
247.294 247.416 77
247.353 247.476 76
247.416 247.532 77
247.476 247.592 76
247.532 247.65 77
247.592 247.706 76
247.65 247.766 77
247.706 247.822 76
247.766 247.882 77
247.822 247.938 76
247.882 247.997 77
247.938 248.056 76
247.997 248.113 77
248.056 248.172 76
248.113 248.228 77
248.228 248.361 77
248.294 249.834 76
252.683 253.443 89
254.133 255.89 76
255.862 258.073 93
257.398 259.085 81
259.089 260.195 45
259.089 260.195 33
259.365 259.918 60
259.456 260.195 64
259.736 260.195 76
260.003 260.195 88
260.192 260.752 98
260.195 260.752 35
260.748 261.364 76
260.751 261.364 72
260.751 261.364 45
260.751 261.364 33
261.038 261.364 60
261.361 262.109 59
261.457 262.486 32
261.557 262.486 35
261.749 262.486 44
261.836 262.486 47
262.746 263.311 86
263.212 263.67 44
263.311 263.67 86
263.397 263.67 35
263.491 263.67 32
263.642 264.765 45
263.933 264.485 60
264.024 264.765 64
264.217 264.765 36
264.305 264.765 76
264.485 264.765 60
264.577 264.765 88
264.762 265.322 98
264.763 265.322 35
265.315 265.945 76
265.319 265.945 72
265.319 265.945 45
265.606 265.945 60
265.935 266.466 56
265.938 266.466 47
266.096 266.466 76
267.274 267.397 74
268.385 269.494 45
268.385 269.494 33
268.664 269.224 60
268.665 269.494 57
268.763 269.494 64
268.954 269.494 36
269.036 269.494 76
269.224 269.494 60
269.308 269.494 88
269.492 270.051 98
269.494 270.051 35
270.047 270.67 76
270.05 270.67 72
270.05 270.67 45
270.335 270.66 64
270.66 271.416 59
270.758 271.79 32
270.863 271.79 35
270.965 271.508 83
270.966 271.79 40
271.143 271.79 47
271.416 271.79 59
271.507 272.047 86
271.51 271.79 64
272.05 272.969 64
272.61 272.969 86
272.613 272.969 40
272.697 272.969 35
272.795 272.969 32
272.946 274.065 33
272.948 274.065 45
273.239 273.786 60
273.331 274.065 64
273.523 274.065 36
273.877 274.065 88
274.062 274.621 98
274.063 274.621 35
274.336 274.621 86
274.618 275.251 76
274.618 275.251 72
274.619 275.251 45
274.621 275.251 33
274.912 275.251 60
275.238 275.765 56
275.242 275.765 47
275.395 275.765 76
278.052 278.598 49
278.32 278.598 45
278.406 278.598 85
278.595 279.15 89
278.864 279.15 81
279.147 279.773 76
279.148 279.773 49
279.438 279.773 64
279.441 279.773 45
280.046 280.145 73
280.134 280.232 74
280.31 280.568 74
280.572 280.666 85
280.824 280.917 89
281.061 281.149 97
281.062 281.303 91
281.306 281.582 101
281.307 281.582 98
281.916 282.935 59
282.109 282.935 35
282.391 282.476 80
282.476 282.836 80
282.662 282.935 89
282.931 283.492 88
282.935 283.491 47
283.207 283.492 76
283.207 283.492 35
283.488 284.114 74
283.491 284.114 47
283.775 284.114 62
284.107 284.252 36
284.383 284.649 65
284.915 285.003 83
285.164 285.251 88
285.405 285.489 95
285.405 285.643 89
285.643 285.825 100
285.644 285.825 96
285.646 285.825 91
286.48 286.749 59
287.03 287.306 35
287.851 288.136 60
288.139 288.415 33
288.688 289.171 85
288.689 289.171 73
288.961 289.245 55
289.246 289.332 55
289.248 289.524 31
289.518 290.385 35
290.089 290.385 65
290.091 290.385 62
290.379 290.669 29
290.656 291.481 35
290.953 291.481 71
290.956 291.247 57
290.956 291.247 53
291.247 291.527 53
291.527 291.838 53
291.528 291.838 29
291.825 292.681 35
292.132 292.681 71
292.133 292.419 57
292.133 292.419 53
292.419 292.728 57
292.96 293.094 53
295.713 296.263 45
295.717 296.263 36
295.72 296.263 40
295.807 296.263 52
295.992 296.263 60
296.08 296.263 64
296.523 296.609 88
296.524 296.812 84
296.609 296.812 88
296.7 296.812 93
296.801 297.358 100
296.801 297.358 96
297.075 297.358 88
297.253 297.347 76
297.347 297.915 76
297.348 297.915 72
297.627 297.915 60
297.628 297.915 41
297.719 297.915 57
297.764 297.914 40
297.81 297.915 52
297.911 298.454 45
297.912 298.454 37
297.914 298.454 40
298.002 298.454 52
298.184 298.275 64
298.275 298.454 64
298.362 298.454 69
298.538 299.003 76
298.717 298.804 88
298.719 299.003 85
298.804 299.003 88
298.895 299.003 93
298.99 299.548 100
298.992 299.548 97
299.269 299.548 88
299.448 299.539 76
299.539 300.113 76
299.541 300.113 73
299.829 300.113 46
300.011 300.113 52
300.109 300.676 45
300.199 300.676 53
300.294 300.525 57
300.483 300.676 65
300.575 300.676 69
300.669 300.76 74
300.76 301.211 77
300.939 301.022 89
300.942 301.211 86
301.022 301.211 89
301.107 301.211 93
301.2 301.75 101
301.204 301.75 98
301.289 301.75 93
301.649 301.736 77
301.736 301.83 77
301.737 301.834 74
301.737 302.024 38
301.835 302.307 69
301.925 302.02 65
302.02 302.307 65
302.024 302.307 38
302.206 302.297 53
302.56 303.109 74
303.111 303.423 77
304.204 304.491 59
304.488 305.03 45
304.488 305.03 33
304.491 305.03 36
304.571 305.03 52
304.844 305.03 64
304.932 305.03 69
305.289 305.376 88
305.289 305.576 84
305.376 305.576 88
305.467 305.576 93
305.559 306.111 100
305.562 306.111 96
305.829 306.111 88
306.007 306.101 76
306.101 306.661 76
306.102 306.661 72
306.381 306.661 64
306.382 306.661 60
306.517 306.661 40
306.567 306.661 52
306.658 307.2 45
306.66 307.2 33
306.661 307.2 40
306.748 307.2 52
306.934 307.018 64
307.018 307.2 64
307.109 307.2 69
307.198 307.284 76
307.2 307.746 73
307.459 307.547 88
307.459 307.746 85
307.547 307.746 88
307.638 307.746 93
307.739 308.298 100
307.74 308.298 97
308.016 308.298 88
308.194 308.284 76
308.284 308.856 76
308.285 308.856 73
308.285 308.712 45
308.477 308.575 64
308.576 308.856 46
308.754 308.856 52
308.852 309.419 45
308.942 309.419 53
309.223 309.419 65
309.315 309.419 69
309.412 309.5 74
309.503 309.958 77
309.678 309.958 86
309.763 309.958 89
309.857 309.958 93
309.951 310.51 101
309.952 310.51 98
310.043 310.51 93
310.402 310.497 77
310.497 310.588 74
310.589 311.067 69
310.68 310.775 65
310.775 311.067 65
310.777 311.067 38
310.963 311.058 53
311.333 311.88 74
311.882 312.208 77
313.157 313.563 59
313.56 314.05 45
313.563 316.069 33
314.05 315.767 45
315.765 316.149 57
315.965 316.149 37
316.068 316.548 45
316.069 318.561 33
316.454 318.369 40
316.548 318.277 45
318.186 318.561 61
318.277 318.558 45
318.369 318.561 40
318.558 318.978 45
318.561 321.424 33
318.978 321.131 45
321.033 321.425 61
321.131 321.424 45
321.424 321.57 45
321.424 321.571 33
321.533 321.644 46
321.536 321.645 34
321.62 321.718 45
321.624 321.721 33
321.697 321.788 46
321.697 321.792 34
321.767 321.864 45
321.767 321.865 33
321.841 321.938 46
321.844 321.942 34
321.917 322.008 45
321.921 322.012 33
321.987 322.078 46
321.988 322.082 34
322.061 322.155 45
322.061 322.159 33
322.131 322.232 46
322.131 322.233 34
322.207 322.302 45
322.208 322.303 33
322.278 322.369 46
322.279 322.37 34
322.348 322.439 45
322.348 322.439 33
322.415 322.515 46
322.418 322.516 34
322.491 322.586 45
322.492 322.587 33
322.561 322.656 46
322.562 322.657 34
322.631 322.939 45
322.632 322.939 33
322.709 322.939 46
322.709 322.939 34
322.782 322.939 47
322.786 322.939 35
322.859 322.939 48
322.862 322.939 36
323.094 323.265 39
323.175 323.265 40
323.258 323.594 41
323.336 323.594 52
323.338 323.594 40
323.654 323.885 48
323.657 323.885 36
323.731 323.885 47
323.734 323.885 35
323.804 323.885 46
323.808 323.885 34
323.885 324.382 45
323.885 325.53 33
324.378 325.53 52
324.379 325.53 49
324.865 325.53 85
324.866 325.53 64
324.869 325.53 57
