0.954988 1.57899 54
0.957992 1.36799 49
1.57899 1.79499 54
1.57899 1.79499 58
1.79199 2.62399 44
1.79398 2.21099 49
2.20899 2.83098 54
2.20999 2.82999 61
2.21099 2.83098 58
2.21099 2.62399 49
2.82999 3.04098 61
2.83098 3.04499 54
3.47498 3.89497 49
4.09497 4.31498 49
4.09697 4.31597 56
5.34797 5.56097 61
5.34996 5.56398 53
6.62097 6.82397 51
6.62198 6.82896 54
7.25196 7.87096 61
7.25396 7.86896 54
7.25496 7.66796 49
7.66796 7.93795 44
7.66796 7.87096 49
7.86896 8.08096 54
7.87096 8.08196 61
7.87096 8.08196 51
7.87096 8.08396 49
8.52997 9.43195 61
8.53296 8.97996 49
8.97796 9.88995 44
8.97996 9.43296 49
9.43195 10.3419 61
9.88995 10.8079 44
9.89095 10.343 49
10.3419 10.8839 61
10.343 10.8079 49
10.8079 11.7459 44
10.8079 11.2759 49
11.2769 12.2399 61
11.7459 12.7619 44
11.7489 12.2419 49
12.2399 15.7769 61
12.7619 15.7769 44
12.7639 15.7769 49
16.1309 16.9759 44
16.5649 17.1849 56
16.9759 17.2829 44
17.4019 18.2379 44
17.8279 18.4409 56
18.2379 18.5419 44
18.6569 18.8709 53
18.6589 19.5009 44
19.5009 19.8229 44
19.9249 20.7749 44
20.3559 21.2059 53
20.3589 20.9739 56
20.9859 21.2059 56
21.2099 22.0559 44
21.6369 22.2589 56
22.0559 22.3609 44
22.2589 22.4799 56
22.4809 23.3169 44
23.3169 23.6139 44
24.5809 24.8909 44
25.0069 25.8509 44
25.8509 26.0569 44
26.2849 27.1279 44
26.7188 27.3348 56
27.1279 27.4318 44
27.3348 27.5478 56
27.5489 28.3919 44
27.9799 28.5919 56
28.3919 28.6888 44
28.8089 29.0249 53
28.8089 29.0249 56
28.8119 29.6559 44
29.6559 30.0179 44
29.9669 30.0749 60
30.5119 31.1278 56
30.9329 31.1388 49
31.3638 32.2099 44
31.7908 32.4098 56
32.2099 32.5078 44
32.4098 32.6228 56
32.6268 33.4708 44
33.4698 33.8868 60
33.4708 33.7668 44
33.6698 33.8868 56
33.8878 37.6028 53
33.8898 34.7328 44
34.9368 35.1848 56
35.1498 36.0048 44
36.4588 36.8908 65
36.4628 37.3058 49
37.3058 37.7228 49
42.8038 43.6408 37
43.8418 44.0638 49
44.4878 45.3278 65
45.7618 46.6308 65
46.1788 46.3878 37
46.6308 47.0678 65
46.6338 47.4748 49
47.0678 48.7367 65
47.4748 47.8968 49
47.9008 49.1497 37
48.3248 48.7348 59
50.4247 51.2787 37
53.3987 54.2317 65
53.8157 54.1127 37
54.6627 55.5027 65
56.3497 56.5597 37
56.7847 57.0277 44
58.0476 58.2876 44
59.3066 59.5556 44
60.5746 61.4246 44
61.8586 62.0966 44
62.6916 62.9956 44
62.9006 63.1086 54
63.7346 64.1476 54
63.9456 64.2486 44
64.1476 64.3646 54
64.3656 64.6166 44
66.9206 67.1646 44
68.1796 68.4235 44
69.4425 69.6805 44
70.0735 70.4855 53
70.4855 70.7025 53
70.9205 71.3435 53
71.9905 72.2355 44
72.4175 73.6775 70
72.6275 73.0405 54
72.8345 73.1395 44
73.2575 73.4965 44
74.0955 74.3985 44
74.2945 74.5075 54
74.5145 74.7275 44
78.7395 79.5855 72
79.5935 80.0075 73
82.4914 83.3274 75
83.3314 83.7574 72
83.7574 84.6014 72
86.6874 86.8934 61
87.5243 87.9363 44
91.7103 92.1133 44
92.9523 93.3763 44
94.6503 95.0883 53
94.6513 97.3443 37
94.6533 97.3443 44
96.0423 97.7403 73
98.1723 98.7943 54
98.1743 98.5913 49
98.7913 99.0103 49
98.7943 99.0113 54
98.7943 99.0113 58
99.0083 99.8443 44
99.8443 100.085 44
100.047 100.256 61
100.048 100.261 58
100.048 100.261 54
101.108 101.506 44
101.317 101.53 53
101.318 101.531 56
102.564 102.784 61
103.217 103.635 49
103.634 104.002 44
103.838 104.051 51
103.838 104.051 54
104.468 105.084 61
104.471 104.885 49
104.885 105.087 49
105.084 105.304 61
105.085 105.304 54
105.086 105.305 51
105.087 105.307 49
106.196 106.648 49
106.645 107.562 61
106.648 107.565 53
106.648 107.107 49
107.107 107.565 49
107.562 108.1 61
107.565 108.1 53
108.031 108.969 44
108.031 108.493 49
108.97 109.486 49
109.484 113.06 61
109.486 113.06 53
