0.519987 0.943991 69
0.523983 0.947987 45
4.02101 4.427 62
8.92496 9.33396 62
9.33396 9.54095 62
11.2969 11.3669 78
11.3639 11.4379 79
11.4969 11.5729 79
11.6299 11.6999 79
12.9629 13.0759 67
14.4538 14.5308 81
14.6538 14.7308 79
14.8528 14.9268 81
14.9228 14.9898 79
17.8218 17.9158 54
18.0178 18.1148 54
18.2208 18.3258 54
19.4457 19.5437 55
25.1756 25.2556 76
25.1756 25.2586 45
26.2706 26.3686 73
26.9136 27.1135 61
27.3375 27.5375 62
27.7506 27.9505 64
28.5865 28.7865 66
30.2575 30.4565 64
30.6625 30.8765 64
31.0795 31.2825 64
31.9085 32.3365 57
32.3365 32.5525 57
34.0515 34.1035 78
34.0515 34.2575 62
34.1045 34.1525 76
34.2085 34.2575 76
34.4645 34.5655 64
35.3004 35.5064 66
35.7764 35.8254 74
35.9274 36.1404 76
37.2044 37.6484 62
37.6424 38.0894 61
38.0804 38.1884 68
38.1314 38.2404 69
38.1884 38.3004 68
38.3004 38.4464 68
41.6772 41.7882 74
45.8221 46.0311 69
45.9301 46.1461 61
46.0311 46.1461 69
46.5751 46.6811 57
47.1231 47.3401 69
47.2351 47.463 68
47.417 47.463 76
47.46 47.564 78
48.542 48.776 68
48.999 49.107 68
49.433 49.66 61
51.2949 51.4169 59
51.9439 52.1669 62
51.9989 52.2819 73
52.2019 52.2819 71
53.0559 53.1699 69
53.2699 53.4859 69
53.5938 53.7068 57
54.2568 54.4868 68
54.4068 54.4838 78
54.4838 54.5918 78
55.2438 55.3588 69
56.0238 56.1318 68
56.8848 57.1117 59
57.8757 57.9937 59
58.3227 58.4417 59
58.9147 59.0227 73
58.9667 59.0827 71
58.9667 59.1907 62
59.0227 59.3127 73
59.0827 59.2257 71
59.0827 59.3127 56
59.1907 59.3127 62
59.2257 59.3127 71
63.2506 63.3655 73
63.7135 63.8355 62
64.1885 64.3145 61
67.2965 67.7205 69
67.3005 67.7235 45
70.8075 71.2095 62
75.7315 76.1375 62
77.3525 77.4605 66
78.0275 78.1044 79
78.3005 78.3704 79
78.3634 78.4405 78
78.4965 78.5665 78
81.2544 81.3314 81
81.5274 81.5974 81
81.7194 81.7934 79
84.6184 84.7224 54
84.8224 84.9194 54
86.2433 86.3463 55
91.9852 92.0622 73
91.9922 92.0662 76
92.2032 92.2792 45
92.4062 92.4822 52
93.1052 93.2062 73
93.7452 93.9522 61
94.1662 94.3762 62
94.5802 94.7882 64
95.4222 95.6182 66
95.6182 95.8351 62
96.6641 96.8822 62
97.0881 97.2881 64
97.9181 98.1141 64
98.7451 99.1721 57
98.9541 99.3911 61
99.1721 99.3911 57
100.886 100.938 78
100.89 101.089 62
100.939 100.991 76
101.047 101.092 76
101.302 101.404 64
102.14 102.339 66
102.664 102.709 73
102.766 102.975 76
104.044 104.483 62
104.481 104.928 61
104.919 105.026 68
104.97 105.079 69
105.026 105.139 68
105.139 105.285 68
108.519 108.632 74
112.671 112.888 69
112.775 113.003 61
112.888 113.003 69
112.993 113.094 59
113.206 113.433 59
113.424 113.532 57
114.084 114.312 68
114.235 114.309 78
114.309 114.417 78
114.967 115.187 68
115.393 115.624 68
115.849 115.96 68
118.74 118.849 73
118.799 118.908 71
118.849 119.136 73
118.908 119.058 71
119.695 119.912 69
119.808 120.028 61
120.126 120.336 69
120.448 120.552 57
120.672 120.895 57
120.895 121.34 62
121.106 121.344 68
121.256 121.34 78
121.298 121.344 76
121.34 121.445 78
121.991 122.212 68
122.872 122.987 68
123.736 123.96 59
125.823 126.043 62
125.872 126.159 73
125.932 126.081 71
130.1 130.218 73
130.566 130.684 62
131.041 131.163 61
133.012 133.575 69
135.871 137.576 59
142.708 144.419 57
147.943 148.157 86
152.073 152.182 85
154.796 155.24 71
154.898 155.114 62
155.664 156.115 86
156.098 156.533 85
157.498 157.719 62
158.149 158.264 62
158.481 158.59 66
159.147 159.377 73
159.37 159.49 62
161.118 161.617 62
166.854 167.064 67
168.267 168.495 66
168.411 168.492 76
168.492 168.6 76
169.145 169.37 66
170.466 170.693 59
170.684 170.784 57
171.113 171.218 55
171.67 171.886 57
172.002 172.45 48
172.443 172.866 50
172.866 172.923 69
172.923 173.031 71
173.031 173.322 71
173.084 173.238 69
173.161 173.318 67
173.42 173.644 62
173.644 173.78 62
173.983 174.204 59
175.478 175.52 74
175.52 175.624 76
176.171 176.387 66
177.7 177.808 57
178.686 178.904 57
178.795 179.026 52
178.904 179.026 57
179.025 179.473 48
179.467 179.89 50
179.887 179.939 69
179.94 180.055 71
180.108 180.258 69
180.184 180.335 67
180.22 180.339 60
180.258 180.339 69
180.335 180.439 67
194.35 194.447 64
194.951 195.052 56
198.626 198.83 45
200.484 200.558 76
200.894 200.971 76
201.593 201.695 78
202.018 202.276 62
202.234 202.441 66
202.655 202.865 67
203.068 203.27 85
203.071 203.271 69
203.272 203.477 62
203.911 204.107 71
205.577 205.78 69
205.98 206.197 69
206.403 206.603 69
206.809 207.019 62
207.236 207.656 62
207.446 207.876 66
207.656 207.876 62
207.87 208.303 57
208.966 209.168 81
208.968 209.169 65
209.39 209.591 67
209.802 209.899 69
210.638 210.841 70
211.062 211.107 81
211.108 211.163 79
211.164 211.208 78
211.208 211.265 79
211.677 211.877 57
212.317 212.517 69
212.739 212.945 69
213.154 213.351 65
213.564 213.777 62
213.998 214.432 62
214.212 214.68 65
214.649 214.866 81
214.65 214.87 61
214.652 214.87 57
215.517 215.628 78
215.629 215.737 81
218.898 219.313 74
219.002 219.111 69
219.209 219.313 69
219.419 219.523 69
219.628 219.73 69
222.797 223.01 74
222.901 223.128 66
223.119 223.219 64
223.219 223.437 74
223.332 223.555 64
223.548 223.657 62
224.206 224.444 73
224.357 224.442 83
224.4 224.444 81
224.442 224.543 83
225.093 225.308 73
225.3 225.523 67
225.516 225.748 73
225.747 225.859 66
225.974 226.086 73
227.055 227.161 62
227.609 227.827 64
227.827 227.95 64
228.491 228.707 66
228.596 228.814 62
228.862 228.974 78
228.924 229.034 76
228.925 229.142 67
228.974 229.261 78
229.034 229.184 76
229.142 229.261 67
229.184 229.261 76
229.363 229.474 69
229.583 229.715 69
229.719 229.93 54
229.821 230.037 62
229.93 230.153 54
230.037 230.153 62
230.143 230.251 52
230.252 230.458 62
230.356 230.58 52
230.574 230.678 50
230.797 231.021 50
231.232 231.469 61
231.344 231.469 73
231.424 231.469 69
231.466 231.567 71
231.466 231.568 55
231.679 231.787 73
232.117 232.334 74
232.541 232.775 61
232.999 233.11 61
233.436 233.657 42
234.633 234.851 52
234.851 234.974 52
235.407 235.837 45
235.837 236.289 45
235.995 236.289 78
236.283 236.705 69
236.289 236.71 45
237.129 237.535 62
239.782 240.188 62
240.188 240.39 62
240.593 240.79 62
242.019 242.12 62
242.424 242.525 64
244.675 245.077 62
245.077 245.284 62
245.487 245.679 62
245.988 246.093 76
246.201 246.295 62
247.829 248.025 66
248.025 248.228 66
248.637 248.837 67
248.837 249.036 67
249.242 249.348 67
249.452 249.551 62
251.104 251.199 66
251.707 251.815 74
251.918 252.021 67
256.355 256.585 71
256.575 256.69 69
256.579 256.69 78
257.044 257.162 76
257.044 257.163 67
257.286 257.526 76
257.519 257.642 74
257.52 257.642 66
258.024 258.167 64
258.024 258.168 73
259.483 260.053 66
