0.551986 2.029 50
0.673986 1.868 62
0.733987 2.029 66
1.868 2.878 62
2.988 4.16101 62
3.037 4.26301 69
4.16101 5.32601 62
13.992 15.161 62
14.111 15.269 74
15.161 16.194 62
17.437 18.584 62
19.663 20.7439 74
21.8189 22.9209 62
36.8588 37.9258 74
43.1138 44.2148 42
44.2018 45.2998 55
45.2888 46.3918 42
46.3778 47.4588 55
50.6517 51.7467 55
57.2797 58.3967 55
60.6277 63.6777 43
61.8527 63.1817 55
61.8557 63.1817 50
65.4817 65.7717 62
74.0257 74.1787 62
74.4627 74.7597 73
76.7827 77.0806 69
76.7836 77.0836 71
79.5546 79.8836 62
80.9996 81.1516 62
81.2836 81.7386 45
81.4346 81.7386 62
81.8646 82.1486 62
85.6276 85.7875 62
85.9105 86.3515 45
86.0545 86.3515 62
86.4855 86.7715 62
88.3605 88.6525 74
98.5276 98.8396 66
99.1346 100.048 71
100.339 100.646 73
100.938 101.255 66
101.547 102.459 68
101.547 102.463 71
102.767 103.082 73
103.376 103.688 66
103.838 104.324 42
103.996 104.324 73
114.117 114.272 62
114.118 114.275 67
115.906 116.074 62
116.505 116.666 62
118.604 119.06 42
118.906 119.06 50
119.82 120.173 62
120.999 122.182 62
121.108 122.297 74
123.309 124.475 62
124.475 125.622 62
126.697 127.778 74
134.309 135.479 62
134.418 135.59 74
137.645 138.899 55
137.754 138.899 62
142.129 143.224 62
157.174 158.234 74
164.515 165.599 55
165.596 166.694 62
165.596 166.694 42
166.687 167.769 55
170.966 172.07 55
177.587 178.71 52
177.59 178.71 55
182.165 185.34 43
183.659 188.71 55
183.66 188.71 59
185.34 187.026 43
187.026 192.066 43
188.71 192.07 59
