2.33897 4.03197 37
3.46995 4.06696 85
3.47196 4.06996 65
3.47295 4.07396 56
5.29895 5.92995 68
5.29995 5.92995 49
5.29995 5.93096 61
5.30195 5.93195 56
5.93595 7.66793 61
6.07294 7.06693 68
6.21995 7.06394 73
6.77994 7.66793 89
7.06394 7.72094 97
7.06394 7.72094 73
7.06693 7.72194 68
8.88993 10.6679 48
9.50692 10.6679 60
9.50892 10.6689 44
10.6679 11.2769 48
10.6689 11.2739 44
11.2739 12.4399 53
11.2739 12.4429 44
12.4399 13.0589 53
12.4409 13.7839 61
12.4419 13.0649 37
12.4429 13.0629 49
12.4429 13.0629 44
13.0629 14.2149 49
13.0649 14.6589 37
14.2149 14.8549 49
14.8529 15.6729 58
14.8539 15.9479 34
14.8549 15.9499 46
15.9569 16.5239 34
15.9569 16.5249 46
16.5309 17.7518 39
16.5309 17.7518 46
16.6559 17.7518 51
16.7929 17.6158 54
18.2638 19.3278 46
19.3348 19.8978 46
23.1308 24.2408 44
24.8398 24.9768 53
24.8428 27.1077 44
25.9208 26.5098 65
26.5087 27.1778 97
26.5098 27.1807 65
31.0137 31.9157 74
34.2967 34.6537 60
34.2977 34.6537 56
35.7807 36.3667 51
36.9287 37.2297 73
37.5237 37.8187 51
40.1566 41.3046 60
41.3046 41.7546 60
42.5006 43.4986 65
45.0836 45.9876 74
49.8825 50.4675 51
56.5005 56.6085 92
56.6435 56.7915 92
57.7995 57.9565 92
57.9525 58.0685 80
58.0965 58.2505 80
58.2535 58.3805 92
58.2615 60.0115 56
58.4225 58.5655 92
58.4295 60.0145 65
58.5725 58.6815 80
58.7165 58.8625 80
59.1545 59.2585 80
59.2865 59.4305 80
59.5805 59.7275 92
59.7275 59.8365 80
59.8635 60.0115 80
60.0185 60.1405 92
60.1785 60.3265 92
61.1975 61.2995 92
61.3345 61.4845 92
61.7885 61.9085 92
61.8765 63.7004 61
61.9605 62.1075 92
62.1005 62.2055 80
62.3985 62.5065 92
62.8285 62.9724 80
62.9654 63.0774 92
63.2525 63.3614 80
63.5424 63.6584 92
63.6974 63.8364 82
63.7734 63.9104 80
63.9104 64.0424 80
63.9764 64.1094 82
64.1094 64.2494 82
64.1864 64.3134 80
64.3754 64.5264 82
64.4554 64.6044 80
64.5264 64.6794 82
64.6034 65.3235 66
64.6044 64.7604 80
64.6794 64.8485 82
64.7604 64.9325 80
64.9325 65.0855 80
65.0015 65.1705 82
65.2475 65.4045 80
65.3175 65.4925 82
65.4045 65.5625 80
65.4925 65.6365 82
65.5625 65.7085 80
65.6365 65.7685 82
65.7085 65.8385 80
65.7685 65.8985 82
65.8985 66.0375 82
65.9745 66.1085 80
66.1715 66.3145 82
66.2445 66.3845 80
66.3145 66.4475 82
66.3845 66.5175 80
66.5175 66.6675 80
66.6025 66.7525 82
66.8225 66.9595 80
66.8925 67.0425 82
66.9595 67.1235 80
67.0425 67.1585 82
67.1245 67.2835 80
67.2285 67.3605 82
67.2835 67.4275 80
67.3605 67.4975 82
67.5645 67.6965 80
67.6265 67.7605 82
67.6965 67.8305 80
67.8305 67.9695 80
68.0435 68.1975 82
68.1135 68.2745 80
68.1975 68.3585 82
68.2745 68.4495 80
68.3585 68.5195 82
68.6035 68.7715 80
68.7715 68.9326 80
68.8526 69.0026 82
68.9326 69.0725 80
69.0026 69.1496 82
69.1496 69.2756 82
69.2126 69.3526 80
69.2756 69.4226 82
69.4786 69.6116 80
69.5486 69.6886 82
69.6116 69.7516 80
69.6886 69.8186 82
69.7516 69.8816 80
70.0146 70.1546 80
70.0846 70.2236 82
70.2236 70.3676 82
70.3046 70.3956 80
70.3686 70.4626 82
70.4306 70.5256 80
70.5016 70.5876 82
70.5716 70.6616 80
70.6406 70.7876 92
71.8036 71.9496 92
72.2516 72.3766 92
72.4226 72.5686 92
72.7126 72.8626 80
73.0036 73.1496 92
73.1506 73.2586 80
73.4416 73.5496 92
74.1825 74.3266 92
75.0475 75.1945 80
75.3345 75.4885 92
75.9645 76.1075 92
77.4725 78.6235 56
77.5425 77.6585 92
77.6995 77.7875 82
77.7635 77.8505 80
77.8225 77.9105 82
77.8965 77.9835 80
77.9635 78.0465 82
78.0185 78.1065 80
78.1515 78.2395 80
78.2285 78.3165 82
78.2855 78.3785 80
78.4775 78.5685 82
78.6975 78.8025 80
78.7925 78.8905 82
79.5065 79.5905 82
79.8215 79.9126 80
79.9446 80.0385 80
80.0975 80.1895 80
80.1535 80.2485 82
80.3015 80.4095 82
80.3815 80.4865 80
80.4585 80.5566 82
80.5425 80.6376 80
80.8406 80.9346 80
80.9036 81.0045 82
80.9796 82.7415 63
80.9825 81.0536 80
89.6915 91.4245 60
102.791 103.968 61
103.972 104.601 61
107.556 108.175 61
108.185 109.942 61
108.185 109.943 65
108.186 109.943 56
108.189 109.943 49
115.35 117.058 65
118.91 119.83 73
120.687 121.842 61
121.846 122.459 61
126.026 126.949 73
127.804 128.941 61
128.945 129.556 61
133.138 134.061 78
134.946 138.038 61
141.597 142.266 44
142.293 143.228 77
142.296 143.473 61
143.175 143.518 73
143.477 143.759 65
143.477 143.819 68
143.479 144.081 61
143.479 144.082 56
143.48 144.082 49
143.763 144.082 65
144.086 145.002 70
146.469 147.092 53
146.469 147.093 44
146.47 147.093 49
146.472 147.095 37
147.092 147.708 53
147.093 147.709 49
147.093 147.708 44
147.095 147.709 37
147.708 148.94 53
147.708 148.94 44
147.709 148.943 37
147.709 148.944 49
149.563 151.359 37
150.448 151.033 61
150.449 151.034 68
150.452 151.033 65
151.033 151.407 65
151.033 151.407 61
151.034 151.407 68
151.359 152.933 37
151.646 152.24 61
151.649 152.241 68
151.649 152.241 65
152.24 152.828 61
152.241 152.828 65
152.241 152.825 68
152.825 153.143 68
152.828 153.144 65
152.828 153.146 61
153.15 154.935 37
153.441 154.032 61
153.441 154.03 65
153.442 154.029 68
154.029 154.617 68
154.03 154.613 65
154.032 154.617 61
154.613 155.156 65
154.617 155.156 68
154.617 155.156 61
154.935 155.226 37
155.229 155.817 68
155.23 155.815 65
155.23 155.817 61
155.815 156.401 65
155.817 156.405 68
155.817 156.402 61
156.401 156.714 65
156.402 156.714 61
156.405 156.715 68
156.717 158.505 32
157.011 157.599 66
157.011 157.597 68
157.597 158.184 68
157.599 158.183 66
158.183 158.558 66
158.184 158.558 68
158.505 160.108 32
158.505 160.108 44
158.793 159.386 68
158.793 159.385 66
159.385 159.971 66
159.386 159.969 68
159.969 160.284 68
159.971 160.284 66
160.287 162.075 37
160.581 161.169 68
161.166 161.758 65
161.169 161.76 68
161.758 162.1 65
161.76 162.1 68
162.075 163.678 37
162.369 162.955 68
162.369 162.957 65
162.955 163.541 68
162.957 163.539 65
163.539 163.854 65
163.541 163.854 68
163.857 165.652 30
163.857 165.65 42
164.151 164.739 61
164.151 164.738 70
164.152 164.739 66
164.738 165.33 70
164.739 165.331 61
164.739 165.33 66
165.33 165.712 66
165.33 165.712 70
165.331 165.649 61
165.65 167.434 42
165.652 167.434 30
165.939 166.534 66
165.939 166.534 70
166.534 167.116 66
166.534 167.118 70
167.116 167.434 66
167.434 169.222 37
168.316 168.908 68
168.317 168.907 61
168.319 168.907 65
168.907 169.233 61
168.907 169.233 65
168.908 169.233 68
169.222 170.734 37
169.507 170.104 61
169.509 170.104 68
169.51 170.102 65
170.102 170.688 65
170.104 170.689 61
170.104 170.689 68
170.688 171.0 65
170.689 171.001 61
170.689 171.001 68
171.004 172.792 30
171.004 172.792 42
171.291 171.886 66
171.291 171.886 70
171.292 171.883 61
171.883 172.47 61
171.886 172.47 66
171.886 172.471 70
172.47 172.789 61
172.47 172.925 66
172.471 172.925 70
172.792 174.591 42
172.792 174.591 30
173.084 173.674 66
173.086 173.674 70
173.674 174.258 66
173.674 174.259 70
174.259 174.591 70
174.578 176.362 37
175.463 176.048 65
175.463 176.048 61
175.463 176.049 68
176.048 176.391 65
176.048 176.391 61
176.049 176.391 68
176.362 177.885 37
176.647 177.244 61
176.649 177.242 68
176.649 177.244 65
177.242 177.83 68
177.244 177.831 61
177.244 177.83 65
177.83 178.137 65
177.83 178.14 68
177.831 178.141 61
178.144 179.929 32
178.435 179.026 72
178.438 179.026 68
179.026 179.612 72
179.026 179.612 68
179.026 179.611 66
179.611 179.926 66
179.612 179.957 68
179.612 179.957 72
180.224 180.814 72
180.814 181.4 72
181.4 181.722 72
181.4 181.722 68
182.015 182.607 73
182.607 183.198 73
183.198 183.517 65
183.199 183.617 68
183.818 184.417 73
184.417 185.022 77
184.417 185.022 73
184.419 185.02 68
185.02 185.333 68
185.022 185.334 77
185.022 185.334 73
185.631 186.219 65
186.219 186.81 65
186.808 187.136 68
186.81 187.136 61
186.81 187.136 65
187.423 188.033 68
187.426 188.032 60
187.426 188.948 65
188.032 188.627 60
188.032 188.948 63
188.033 188.948 68
188.627 188.948 60
188.627 188.948 56
188.948 190.863 37
189.264 189.901 56
189.901 190.542 56
189.904 190.544 61
189.904 190.541 65
190.541 191.496 65
190.542 191.496 56
190.544 191.496 61
192.714 194.465 46
192.715 194.503 34
194.465 195.077 46
195.018 195.605 48
196.421 197.531 53
197.805 199.158 29
198.088 199.158 53
198.966 199.245 57
199.536 201.233 34
199.537 201.233 46
199.816 200.958 53
200.667 201.233 58
200.958 201.248 53
201.255 201.808 46
201.805 202.392 48
203.207 204.317 53
204.874 206.033 53
206.246 206.323 61
206.323 208.062 34
208.595 209.138 48
208.595 209.14 36
209.145 209.715 46
209.147 209.715 34
210.565 211.496 60
211.436 211.986 36
213.421 214.559 53
215.146 216.294 54
216.865 218.006 53
218.583 219.178 53
219.799 220.121 53
220.032 220.121 61
220.12 221.838 46
220.12 221.877 34
220.4 221.544 53
221.838 222.377 46
222.389 222.906 57
223.515 223.791 53
223.791 224.901 53
225.174 226.911 41
225.178 226.911 29
225.459 226.617 53
226.038 226.911 63
226.617 226.911 53
226.833 226.911 61
226.911 228.629 46
226.911 228.629 34
227.189 228.327 53
228.629 229.139 46
229.174 229.7 57
230.303 231.961 39
230.585 231.688 51
231.414 232.528 55
231.961 232.244 51
232.244 233.41 51
233.129 233.7 55
235.397 236.486 72
238.765 239.854 73
240.714 241.845 51
240.991 241.562 55
243.262 243.899 55
243.899 245.347 56
244.176 245.31 59
245.025 245.347 62
245.31 245.593 59
249.033 250.122 72
252.401 253.49 73
254.35 255.481 51
255.198 256.331 55
255.768 257.505 39
256.905 257.505 55
258.357 259.873 72
259.268 259.873 84
262.995 264.728 60
272.089 275.603 44
277.318 277.616 68
277.465 279.894 67
277.468 278.668 56
277.923 279.893 68
278.381 279.562 53
278.665 279.894 89
278.763 279.894 87
278.858 279.894 85
278.959 279.894 84
279.054 279.894 82
279.152 279.894 80
279.256 279.894 56
279.562 279.894 73
279.831 279.894 65
279.894 283.489 37
280.18 281.374 53
280.919 281.22 68
281.066 282.264 56
281.98 283.16 53
282.263 283.489 89
282.365 283.489 87
282.456 283.489 85
282.557 283.489 84
282.655 283.489 82
282.752 283.489 80
282.854 283.489 56
283.373 283.489 73
283.488 285.298 44
283.778 284.972 56
284.664 285.866 60
284.969 286.758 75
285.578 286.76 56
285.865 287.089 90
285.866 286.452 60
285.963 287.089 89
286.057 287.089 87
286.156 287.089 85
286.156 287.089 66
286.253 287.089 84
286.352 287.089 82
286.452 287.089 60
286.967 287.087 73
287.023 287.089 65
287.087 288.108 73
287.089 290.688 37
287.38 288.57 53
288.262 290.46 72
288.263 289.466 56
289.179 290.359 53
289.463 290.688 89
289.561 290.688 87
289.655 290.688 85
289.757 290.688 84
289.95 290.688 80
290.052 290.688 56
290.566 290.688 73
290.687 292.491 54
291.71 292.011 70
292.319 294.165 70
292.777 294.286 94
292.869 294.286 92
293.062 294.286 89
293.156 294.286 87
293.253 294.286 85
293.352 294.286 84
293.355 294.286 66
293.446 294.286 82
293.652 294.286 61
294.222 294.286 65
294.285 296.096 37
295.462 296.663 61
295.609 295.917 68
296.096 297.884 37
296.374 297.884 89
296.47 297.884 87
296.567 297.884 85
296.662 297.884 84
296.754 297.884 82
296.855 297.884 80
296.953 297.764 65
297.247 297.884 61
297.82 297.884 66
298.905 299.209 70
299.972 301.484 94
299.976 301.156 58
300.26 301.484 89
300.553 301.484 84
300.553 301.484 66
300.641 301.484 82
300.848 301.484 61
301.418 301.484 65
301.481 303.293 37
302.657 305.083 67
302.66 303.858 61
303.293 305.083 37
303.57 304.757 56
303.858 305.083 89
303.956 305.083 87
304.05 305.083 85
304.152 305.083 84
304.246 305.083 82
304.445 305.083 61
304.961 305.083 73
305.082 306.892 32
305.083 306.893 44
305.373 306.567 56
306.258 307.459 60
306.857 308.142 73
306.893 308.688 44
307.171 308.688 90
307.175 308.355 56
307.266 308.688 89
307.364 308.688 87
307.459 308.688 85
307.557 308.688 84
307.648 308.688 82
307.751 308.565 66
308.047 308.688 60
308.142 308.684 73
308.684 309.71 73
308.688 308.823 37
308.97 310.164 56
309.562 310.49 65
309.856 311.06 61
310.774 311.952 56
310.871 312.286 89
311.057 312.286 85
311.249 312.286 82
311.351 312.222 65
311.644 312.286 61
312.222 312.286 65
312.283 314.213 73
313.51 314.213 56
314.151 314.301 32
314.151 314.302 44
315.705 316.055 56
316.02 316.055 80
316.051 317.839 89
316.052 317.839 37
316.356 317.543 56
316.807 317.839 85
317.244 317.839 73
317.248 317.696 61
317.696 317.839 61
317.808 317.839 60
317.864 319.705 32
317.865 318.165 44
319.394 319.705 56
320.003 320.315 56
320.16 320.923 61
320.314 321.875 49
320.314 321.875 53
320.315 320.924 56
320.612 321.875 73
320.923 321.875 80
320.924 321.568 65
320.924 321.571 56
321.074 321.875 85
321.238 321.875 89
321.567 322.18 97
321.568 322.229 61
321.568 322.232 65
321.571 322.232 56
324.799 326.041 60
325.379 326.195 68
325.407 327.246 72
325.438 327.246 32
326.349 327.246 66
326.639 327.246 60
327.209 327.246 65
327.245 329.026 37
327.538 328.704 56
329.026 330.829 37
330.227 330.829 61
330.796 330.829 72
331.116 332.295 56
331.707 332.54 66
332.002 333.177 60
332.568 334.063 72
334.346 334.375 68
334.374 336.117 37
335.539 336.117 61
337.867 337.899 65
338.231 339.431 56
339.138 340.338 61
339.687 341.353 71
339.716 340.93 73
339.743 341.353 37
340.933 341.353 61
341.542 342.747 73
342.75 343.946 61
343.328 345.162 73
343.359 345.158 37
344.549 345.162 61
345.126 345.162 72
346.879 348.591 25
346.879 348.591 37
347.447 348.591 56
347.45 348.591 51
350.198 350.569 44
353.484 354.146 61
354.461 355.92 89
354.461 354.758 80
354.461 354.755 85
354.755 355.92 85
355.059 355.92 80
355.059 355.353 77
355.06 355.353 73
355.659 355.92 73
357.164 357.786 61
358.111 358.402 85
358.112 359.539 89
358.112 358.401 80
358.402 359.539 85
358.703 358.999 73
359.298 359.539 73
360.793 361.408 61
363.533 373.703 32
363.534 363.816 41
363.534 363.82 37
363.816 364.115 41
363.82 364.114 44
363.82 373.703 37
364.114 364.405 44
364.115 373.703 41
364.405 365.287 44
364.702 364.996 53
364.702 364.996 56
364.996 365.583 56
364.996 365.289 53
365.287 373.703 44
365.289 365.58 53
365.583 365.877 56
365.877 366.172 56
365.882 366.171 61
365.882 373.703 53
366.169 366.467 65
366.171 366.466 61
366.172 367.054 56
366.466 366.763 68
366.467 366.763 65
366.76 367.657 73
366.763 367.054 65
366.763 367.348 68
367.05 367.348 61
367.054 373.703 56
367.054 367.349 65
367.348 367.657 68
367.349 367.656 65
367.657 367.964 68
367.657 367.96 73
367.964 368.874 68
368.265 368.874 73
368.266 368.573 80
368.268 368.573 77
368.569 369.517 85
368.573 369.192 80
368.874 369.195 73
369.192 369.518 80
369.517 369.86 85
369.86 370.222 85
369.861 373.703 80
370.221 370.733 92
370.222 373.703 85
370.732 373.703 89
370.733 373.703 92
370.733 373.703 97
374.261 375.527 56
374.261 375.527 65
375.531 376.217 56
375.535 376.221 32
376.228 377.239 29
377.24 377.608 42
377.243 377.609 30
377.61 378.499 56
377.614 378.503 29
378.503 383.875 56
378.506 383.876 61
378.507 383.878 25
