6.688 7.75599 46
8.92798 11.409 46
9.57199 9.925 75
14.563 15.595 38
15.598 16.663 46
17.716 18.79 48
18.797 19.841 36
19.939 22.378 48
20.583 20.94 75
20.845 22.378 72
34.261 35.286 55
39.515 40.572 34
42.371 42.724 75
46.606 46.951 59
46.95 47.287 62
46.951 47.286 59
47.286 47.624 59
47.288 47.623 55
47.624 47.985 59
48.323 48.673 55
48.324 48.674 59
48.67 49.014 62
48.673 49.017 55
48.674 49.013 59
49.013 49.363 59
49.014 49.363 62
49.363 49.717 62
49.364 49.718 55
49.717 50.074 62
49.717 50.074 59
49.718 50.074 55
50.42 50.7629 60
50.7629 51.1139 60
51.1139 51.4499 60
51.4499 51.7929 60
51.4499 51.7899 55
52.4929 52.8359 60
52.8359 53.1819 60
53.1819 53.5319 60
53.1819 53.5309 63
53.1849 53.5319 55
53.8859 54.2419 60
54.9319 55.2749 56
54.9319 55.2719 58
55.9469 56.3079 56
57.6688 58.0088 58
59.5588 60.2238 46
60.2238 61.5707 46
61.5707 62.2397 46
62.2397 64.5066 46
62.3687 65.6626 104
64.5066 65.6626 46
66.0026 66.0836 65
66.0866 66.4506 63
66.0876 66.4506 65
66.8146 67.7126 65
66.8176 67.7126 46
69.0016 71.8576 65
73.2996 73.3936 54
73.3986 73.8036 54
73.4006 73.8036 59
73.4006 73.8076 45
76.8246 79.4286 46
80.0656 80.6816 58
80.6816 81.9236 58
81.6296 82.8195 55
82.5216 83.7255 58
84.3075 85.4935 58
85.2105 86.3615 55
86.0705 86.7015 58
86.9955 88.1745 55
88.5075 88.8035 51
89.3785 90.3065 63
89.6695 90.3065 58
91.1715 92.1535 72
93.2815 93.9295 58
93.9285 95.7275 34
93.9295 95.7005 46
94.2275 95.3645 56
96.5715 97.5065 62
96.8545 97.5065 58
97.5025 98.6465 75
99.2435 101.082 70
100.449 101.082 58
101.373 102.521 56
102.223 102.748 72
102.826 103.123 56
103.679 104.576 74
106.332 106.63 51
107.467 108.099 58
108.391 109.535 56
109.846 110.137 56
110.697 111.593 74
114.214 115.135 63
114.498 115.135 58
115.132 116.881 46
115.135 116.902 34
118.017 118.629 58
119.775 120.405 58
120.382 120.671 51
121.526 122.153 58
126.556 129.398 63
126.838 127.626 58
129.394 131.21 34
130.563 131.21 58
131.182 133.006 74
132.341 133.006 58
133.004 134.826 34
133.3 134.479 53
135.38 135.953 57
135.953 136.574 57
136.573 138.371 46
136.573 138.371 34
136.867 138.026 53
137.437 138.371 73
137.724 138.371 74
139.205 140.108 74
140.109 140.405 53
140.405 141.561 53
141.561 141.885 53
141.885 142.173 53
143.041 143.653 57
143.651 145.469 34
143.653 145.441 46
146.313 147.265 62
150.216 150.829 57
150.517 150.829 54
154.363 154.44 86
154.444 154.527 87
155.169 155.305 86
155.305 155.452 86
155.672 155.83 87
155.903 156.061 86
156.274 156.421 87
156.555 156.694 87
156.835 156.978 87
157.118 157.268 87
157.268 157.377 87
157.338 157.411 86
157.415 157.552 87
157.905 157.968 86
157.968 158.109 87
158.245 158.378 87
158.584 158.727 86
158.727 158.864 86
158.795 158.934 87
159.081 159.225 87
159.298 159.453 86
159.673 159.83 87
159.911 160.061 86
160.965 161.496 87
172.914 173.389 75
180.586 180.802 75
181.353 182.004 65
187.093 188.439 34
187.095 188.439 46
189.884 190.97 34
190.432 190.693 62
190.966 191.24 58
190.967 191.237 56
191.237 191.505 56
192.339 192.612 62
192.339 192.615 58
192.612 192.875 62
192.875 193.137 62
193.686 193.96 58
193.96 194.162 58
193.96 194.165 65
195.045 195.322 58
195.59 195.866 58
196.147 196.428 56
196.151 196.428 58
197.235 197.504 67
198.319 198.565 63
198.32 198.569 58
198.86 199.129 60
198.989 199.129 75
199.524 199.674 74
201.044 201.324 60
204.085 205.208 34
204.085 205.208 46
207.424 208.512 34
207.973 208.23 89
208.232 208.509 58
209.331 209.604 58
209.331 209.605 64
209.335 209.605 61
210.157 210.419 62
210.419 210.68 62
210.68 210.949 62
210.949 211.232 62
210.952 211.228 58
212.051 212.322 58
213.409 213.685 58
213.685 213.966 56
213.685 213.966 58
214.514 214.776 67
214.776 215.046 67
215.315 215.589 67
215.316 215.589 63
215.316 215.588 58
215.862 216.106 58
215.862 216.106 67
215.864 216.107 63
218.606 218.889 60
220.286 220.579 56
220.579 221.68 46
221.679 222.824 34
221.68 222.824 46
222.824 222.957 51
222.957 223.954 51
225.078 225.217 53
225.217 226.217 53
226.205 227.345 34
228.608 229.602 51
229.589 229.728 53
229.728 230.722 53
230.708 230.844 34
231.986 232.924 51
232.967 234.096 39
235.214 236.341 38
236.477 237.421 55
237.46 237.606 56
237.606 238.587 56
238.867 239.668 58
239.714 240.834 34
241.965 243.099 34
242.532 243.099 74
243.236 244.243 51
244.229 245.357 34
244.789 245.357 74
253.14 253.892 67
253.89 254.614 48
263.757 264.457 59
265.173 265.925 48
265.925 266.622 48
266.618 267.424 54
266.619 267.424 45
268.026 268.727 55
268.727 269.433 55
269.429 270.157 38
271.589 272.327 31
272.94 274.632 46
272.94 276.348 34
276.348 278.032 46
279.76 281.427 46
279.761 283.142 34
281.427 283.139 46
283.138 283.419 70
283.139 283.988 46
283.979 284.261 70
284.824 285.669 65
286.506 286.8 70
287.076 287.356 82
287.079 287.359 69
287.919 288.196 82
288.759 289.035 82
288.76 289.032 70
289.585 289.863 70
289.585 289.865 82
289.865 290.127 82
290.408 290.677 82
292.074 292.365 70
292.953 293.257 36
292.955 293.257 48
293.254 294.971 34
293.256 294.971 46
294.1 294.971 74
294.965 296.662 33
294.965 296.662 45
297.503 297.782 72
298.349 300.029 29
299.189 302.735 80
299.19 302.591 74
299.192 302.665 77
299.193 304.656 86
300.028 304.656 34
301.974 304.656 46
310.169 310.683 82
314.38 315.971 34
335.474 335.786 34
335.477 335.786 46
337.602 339.265 72
338.239 339.722 103
341.029 341.316 75
342.586 342.886 75
343.654 344.469 65
343.905 344.172 74
346.048 347.629 35
349.215 350.826 84
350.822 351.62 34
364.983 366.744 46
365.102 366.744 65
365.106 366.744 74
369.96 371.035 70
369.967 373.179 37
370.226 370.502 49
370.502 370.779 51
370.779 371.039 49
370.78 371.039 58
371.039 371.297 49
371.039 371.3 58
371.041 371.301 51
371.297 371.57 49
371.3 371.573 58
371.301 371.574 51
371.57 371.84 49
371.84 372.098 49
372.098 372.358 49
372.358 372.621 49
372.621 372.892 49
372.89 373.179 55
372.892 373.179 49
373.177 376.4 36
373.988 374.251 48
373.992 374.248 51
374.248 374.506 56
374.251 374.503 48
374.503 374.779 48
374.503 374.776 60
375.042 375.309 48
375.574 375.836 48
376.4 379.623 32
377.216 377.47 56
377.216 377.468 59
377.468 377.723 59
377.726 378.003 56
378.276 378.543 51
378.276 378.542 59
379.62 386.018 27
380.435 380.698 51
380.695 380.957 63
380.957 387.597 63
380.96 381.227 58
380.961 381.224 51
381.227 381.499 58
381.227 381.5 46
381.499 381.759 51
381.499 381.759 55
381.759 382.028 51
381.759 382.029 55
381.762 387.596 58
382.028 382.291 51
382.028 382.287 43
382.029 382.29 46
382.029 382.287 55
382.287 382.554 43
382.291 382.557 51
382.553 387.596 55
382.554 383.641 43
382.556 382.833 46
382.557 382.837 51
382.833 383.106 46
383.106 383.373 46
383.373 383.639 46
383.641 383.908 51
383.907 384.17 43
383.91 384.167 46
384.167 384.432 46
384.17 384.432 43
384.429 384.685 34
384.43 384.688 39
384.432 384.684 46
384.432 384.688 43
384.685 384.947 34
384.688 384.948 39
384.688 384.947 43
384.947 385.21 34
384.948 385.21 39
384.948 389.231 46
385.206 385.469 43
385.209 385.469 31
385.21 385.472 34
385.21 385.472 39
385.469 385.732 43
385.469 385.731 31
385.472 385.731 34
385.472 385.731 39
385.731 386.018 39
385.731 393.844 31
385.731 386.019 34
385.732 393.844 43
386.012 393.844 103
386.014 393.844 94
386.015 393.844 99
386.018 393.844 27
386.019 393.844 34
387.594 393.844 75
387.596 389.143 55
389.231 393.844 46
