2.54798 4.50398 46
2.54899 4.46698 53
4.46698 6.45497 53
6.45398 7.49997 46
6.45497 8.47297 53
8.47297 9.51196 46
8.47297 10.531 53
12.554 14.5879 46
12.554 14.5879 34
14.549 16.493 56
14.553 16.53 36
14.553 16.53 48
16.2479 16.495 38
16.4919 18.536 53
16.495 18.536 50
16.495 18.536 38
18.495 20.5619 56
18.497 19.523 51
18.501 19.523 36
18.501 19.523 48
19.4979 20.5619 46
19.502 20.5619 34
21.5669 22.1019 43
21.5669 22.1019 31
22.0819 22.2669 44
22.0819 22.2669 32
22.2239 22.4099 43
22.2249 22.4099 31
22.3679 22.5569 30
22.5149 22.7009 31
22.5159 22.7009 43
22.6589 23.8549 48
22.6599 23.5039 44
23.5049 23.7969 41
23.5059 23.7969 29
23.7959 26.9289 44
23.7969 26.9289 29
23.7969 26.9289 41
24.7589 26.9289 43
24.8989 26.9289 67
24.8989 26.9289 62
24.8999 26.9289 53
27.7349 28.8639 63
27.8599 28.8639 57
27.8599 28.8639 48
32.8239 34.8869 55
38.3639 38.5979 49
47.8619 48.1149 34
48.0939 50.9279 33
50.9349 51.8909 33
51.8989 53.8119 34
55.6219 57.7748 48
57.7408 59.7028 58
57.7428 59.7028 46
58.5798 59.6649 63
61.6498 62.6958 58
61.6538 62.6958 46
61.6538 63.6688 53
63.6688 64.7078 46
63.6688 65.7258 53
67.7488 69.7898 42
67.7488 73.7658 50
79.1598 81.2878 34
91.6238 92.3927 62
92.7507 93.8917 62
96.4367 96.8697 50
96.8387 98.3747 34
97.2117 98.3747 50
98.3327 99.8407 36
101.298 102.788 48
108.676 110.19 34
109.046 110.19 62
109.404 110.19 60
109.761 110.19 58
110.874 111.633 69
112.666 113.089 62
113.421 114.541 67
115.588 117.478 69
116.704 117.478 67
118.532 118.962 75
118.927 120.495 62
119.295 120.495 66
121.153 121.923 60
121.517 121.923 58
123.764 124.898 60
124.492 124.898 57
125.252 126.393 58
126.724 127.845 63
127.079 127.845 62
127.436 127.845 60
128.196 129.319 62
128.549 129.319 58
131.115 132.263 57
131.828 132.263 50
134.103 135.261 55
134.479 135.261 62
136.358 136.771 46
138.987 139.739 58
138.989 139.739 67
140.105 141.268 58
140.852 141.268 51
141.607 142.034 60
142.378 142.836 50
144.243 147.235 36
144.618 145.758 65
145.349 145.758 55
146.115 147.235 63
146.476 147.235 60
147.595 148.702 60
148.299 148.702 57
149.055 150.199 58
149.773 150.199 51
150.165 151.674 42
150.533 151.674 60
150.901 151.674 57
151.652 153.248 43
152.052 153.248 58
152.808 153.248 55
154.369 156.563 55
154.795 156.563 62
154.796 156.003 50
156.003 156.563 50
156.528 159.614 48
159.583 161.543 46
163.496 164.542 46
163.496 165.516 53
165.512 166.554 58
165.516 166.554 46
165.516 167.577 53
169.596 171.629 46
169.597 171.629 34
171.592 173.538 56
171.594 173.566 60
171.595 173.566 36
171.595 173.566 48
173.292 173.54 50
173.293 173.541 38
173.541 175.577 38
175.539 176.564 56
175.54 176.564 36
175.542 176.564 48
176.541 177.604 55
176.544 177.604 50
177.572 178.644 48
177.573 178.644 44
178.603 179.144 46
178.605 179.144 43
178.606 179.144 31
179.12 179.33 48
179.121 179.331 44
179.123 179.333 32
179.284 179.497 46
179.285 179.501 43
179.288 179.501 31
179.448 179.662 44
179.449 179.663 29
179.613 179.778 46
179.617 179.824 31
179.617 179.824 43
179.782 181.223 46
180.797 181.276 50
180.797 181.276 44
180.799 181.276 41
180.8 181.276 29
181.223 184.146 46
181.223 184.146 51
181.224 184.146 31
181.227 184.146 43
184.055 188.02 52
184.058 187.895 33
184.059 188.02 45
187.892 207.26 54
187.895 207.26 57
187.895 207.26 26
187.895 207.26 33
187.898 207.26 38
