4.70397 5.70097 65
9.83694 10.0999 45
10.9129 11.9559 46
17.8428 18.2728 70
24.6228 25.6448 58
25.6448 26.1868 58
26.1848 26.6268 51
27.2338 27.7628 51
28.2728 29.2948 51
31.3808 31.8898 70
31.8927 32.4138 58
33.4537 34.4897 51
33.9787 34.5447 56
34.4897 35.5007 51
34.7397 35.2517 53
35.2517 35.5007 53
35.4997 36.5118 55
35.5007 36.5127 51
50.0707 50.6057 60
51.1287 52.2787 65
52.7427 53.2147 74
66.6086 67.1336 77
67.6796 69.2406 75
72.3696 72.9086 74
76.1246 76.6526 65
78.3376 78.8906 74
79.4266 79.9655 77
85.2185 85.7565 74
86.3035 86.8775 74
98.6485 99.2704 65
99.8554 100.488 65
104.655 105.65 65
109.792 110.058 45
110.867 111.912 46
124.31 124.825 55
124.579 125.595 58
124.825 125.335 55
125.595 126.141 58
126.141 126.585 51
127.186 127.72 51
128.23 129.252 51
131.331 132.37 51
131.842 132.371 58
133.41 134.44 51
133.938 134.501 56
134.191 134.501 53
134.44 135.457 51
134.95 135.457 56
135.201 135.457 53
135.457 136.469 51
139.85 140.959 62
150.0 150.528 60
152.664 153.139 74
166.548 167.08 77
167.616 169.18 75
172.298 172.837 74
178.264 178.82 74
179.362 179.894 77
185.133 185.679 74
186.218 186.799 74
190.341 190.849 62
198.57 199.193 65
199.775 200.404 65
235.527 236.038 60
235.782 236.817 63
236.301 236.856 56
238.631 238.894 58
240.942 241.454 60
241.978 242.922 60
242.744 243.0 56
243.776 244.309 56
244.309 244.589 56
244.588 244.84 51
245.366 245.883 54
245.883 246.167 54
246.143 247.158 56
246.395 246.899 54
246.899 247.409 54
247.157 247.665 72
247.409 247.665 54
248.956 249.464 52
249.464 250.209 52
250.787 252.365 46
252.372 252.902 46
252.908 253.437 46
253.44 253.976 46
253.98 255.043 46
255.585 256.136 65
258.011 258.084 80
258.235 258.385 82
265.161 265.896 56
265.417 265.896 62
266.201 266.873 58
270.066 270.327 45
271.122 272.155 46
283.1 284.044 58
283.628 284.044 51
285.181 285.721 58
286.773 287.312 51
287.306 287.764 56
288.32 288.838 56
288.573 288.838 74
288.575 288.838 53
288.915 289.095 75
289.619 289.877 55
291.425 291.951 70
291.429 291.951 58
322.758 323.288 46
323.296 323.835 46
325.956 326.485 70
344.562 345.098 82
345.644 346.225 70
350.019 350.963 70
357.992 358.615 65
359.199 359.829 65
395.124 396.153 63
395.635 396.191 56
396.153 397.178 63
396.409 396.916 60
396.916 397.44 60
398.998 399.254 58
399.257 400.279 60
400.279 400.79 60
401.316 402.263 60
402.078 402.337 56
403.384 403.923 60
403.646 403.923 56
404.703 405.218 54
405.218 405.501 54
405.487 406.496 56
405.736 406.241 54
406.241 406.744 54
406.744 407.007 54
407.006 409.54 73
410.122 411.704 46
411.707 412.238 46
412.243 412.779 46
412.782 413.31 46
413.317 414.385 46
414.92 415.473 65
417.345 417.419 80
423.975 424.241 72
424.485 425.221 56
424.742 425.221 62
425.525 426.197 58
429.39 429.651 45
430.446 431.478 46
442.423 443.368 58
442.952 443.368 51
443.995 444.505 70
444.506 445.046 58
446.099 446.637 51
446.623 447.088 56
446.878 447.138 53
447.645 448.157 56
447.905 448.157 53
448.328 448.418 77
450.74 451.265 58
450.999 451.265 55
451.265 451.513 51
469.797 470.903 70
471.4 471.788 82
482.023 482.546 46
482.551 483.079 46
485.204 485.739 70
503.795 504.334 82
504.881 505.461 70
509.255 510.2 70
519.073 521.631 62
519.077 522.653 39
519.08 522.653 51
