2.90597 4.48297 55
8.22497 9.70196 60
8.98897 10.407 55
12.6849 13.4829 58
13.4799 14.1829 55
19.3809 20.1249 55
20.8539 21.5749 62
20.8539 21.5749 57
22.2749 23.0339 62
23.7969 24.5709 59
23.8009 24.5709 62
27.6189 29.1079 62
29.8829 30.6579 62
30.6569 31.5849 67
30.6579 31.5849 62
30.6579 31.5849 58
30.6579 31.5849 43
33.4959 34.8429 62
38.7679 40.0899 70
40.0759 41.4089 60
42.0739 43.4429 58
43.4429 44.7419 58
49.2459 50.5239 70
50.4779 50.5309 74
50.5349 51.8299 60
51.1219 51.1749 74
51.8359 53.2189 55
56.4909 57.7859 46
57.7859 59.0919 46
58.4409 59.7429 50
59.7469 61.0489 55
61.7169 62.4019 45
63.1059 63.8629 38
66.5329 67.8349 62
68.8499 69.1969 62
71.8669 73.2529 62
72.5249 73.2529 78
74.2429 74.6069 62
75.2509 75.9999 78
76.9949 77.3539 62
79.7169 80.0989 62
82.5139 84.0399 62
84.0399 84.4639 62
89.6189 91.1729 55
91.1729 91.8729 55
91.5229 91.7569 43
95.5839 96.3359 60
95.5839 96.3359 62
96.3289 97.8189 50
97.0779 97.8189 62
98.5409 99.2469 62
99.9619 100.724 62
101.488 102.258 62
105.304 106.804 62
105.307 106.804 58
107.581 108.348 62
108.348 109.093 62
108.351 109.093 67
108.352 109.097 58
108.352 109.845 50
108.355 109.845 43
109.093 109.845 62
110.921 111.305 69
112.012 112.792 62
112.012 112.792 58
114.316 115.113 58
114.319 115.11 62
115.11 115.631 62
115.114 115.468 43
116.591 117.332 60
116.591 117.332 57
116.591 117.332 62
117.308 118.823 43
118.039 118.795 55
118.044 118.823 62
119.572 120.374 62
119.573 120.374 57
119.575 120.374 60
120.346 121.892 50
120.349 121.892 43
121.124 121.892 62
121.127 121.892 58
122.649 123.457 57
122.652 123.457 62
122.653 123.457 60
123.423 124.98 50
123.425 124.98 43
124.189 124.98 58
124.192 124.98 62
125.739 126.555 62
125.74 126.555 57
125.74 126.555 60
126.523 135.085 43
126.524 135.085 50
127.335 128.959 62
127.336 128.96 58
127.336 128.96 55
128.959 130.585 62
130.584 132.203 58
130.584 132.204 55
130.585 132.204 62
132.204 135.085 62
