2.54198 2.78997 45
8.01994 8.25994 62
8.25794 8.71594 59
8.48493 8.72593 62
8.95292 9.19493 62
9.66391 10.1199 57
10.1199 10.5949 57
10.3499 10.5949 61
11.0499 11.5149 54
11.2819 11.5159 59
11.7439 11.9849 59
13.8499 14.3329 57
24.0729 24.6139 69
24.6129 25.1479 64
28.2519 28.4979 45
33.7309 33.9689 62
33.9679 34.4269 59
34.1949 34.4309 62
34.6609 34.9059 62
35.8308 36.3028 57
36.0619 36.3028 61
36.7618 37.2238 54
36.9928 37.2268 59
37.4618 37.6988 59
39.5538 40.0438 57
40.3878 40.4428 76
49.7817 50.3247 69
50.3237 50.8587 64
53.8517 54.3237 66
54.3137 54.7967 62
59.7077 59.9417 62
70.9467 71.1976 45
76.4267 76.6606 62
76.6577 77.1166 59
76.8857 77.1196 62
77.3546 77.5956 62
78.0576 78.5166 57
78.5166 78.9886 57
78.7446 78.9886 61
79.2196 79.4646 61
80.3966 80.8576 57
80.3996 80.8616 62
81.8166 81.9386 76
82.1706 82.3096 78
91.7855 91.9075 78
91.9695 92.1036 80
92.0965 93.1365 52
92.6245 93.1365 62
95.2565 95.6695 78
96.6815 97.1465 66
96.9095 97.1465 64
97.1435 97.6265 62
98.0965 98.5645 66
102.534 102.767 62
113.776 114.02 45
119.249 119.484 62
119.707 119.949 62
120.17 120.418 62
121.338 121.811 57
121.57 121.811 61
123.221 123.687 57
123.222 123.688 62
124.639 124.761 76
124.994 125.132 78
134.73 134.925 78
134.919 136.001 52
135.458 136.001 62
139.234 140.814 69
145.136 145.387 79
145.387 145.891 81
145.885 146.406 83
146.402 146.924 85
151.061 151.586 62
156.578 156.83 85
156.833 157.074 83
157.078 157.33 85
157.585 158.089 88
158.082 158.589 85
158.579 159.086 83
160.078 160.584 62
160.078 160.584 52
169.041 169.299 76
169.548 169.798 79
170.301 170.819 83
170.812 171.334 85
175.472 175.996 62
180.987 181.242 85
181.245 181.491 83
181.494 181.739 85
181.994 182.498 88
182.491 182.998 85
182.991 183.496 83
184.493 184.994 62
184.497 184.994 52
190.104 190.601 84
190.352 190.601 83
193.611 193.832 55
193.86 194.087 42
196.914 197.146 42
197.171 197.65 64
201.559 201.825 62
221.133 221.383 66
223.672 223.928 69
229.507 230.015 83
230.005 230.505 64
230.254 230.508 62
230.442 230.508 80
231.432 231.509 80
235.783 236.031 85
236.532 237.036 81
239.027 239.531 45
240.026 240.535 43
240.528 241.054 45
244.694 245.194 84
244.943 245.194 83
245.184 245.696 64
246.681 247.189 64
248.202 248.422 55
248.447 248.678 42
248.705 249.181 64
249.233 250.258 64
251.25 251.477 55
251.757 252.24 64
253.314 253.793 64
256.146 256.409 62
275.211 275.473 69
275.718 275.971 66
278.005 278.508 71
278.255 278.514 69
279.012 279.519 64
284.591 285.096 64
284.846 285.098 62
286.025 286.103 80
290.372 290.613 85
291.122 291.621 81
292.119 292.626 76
293.617 294.123 45
294.615 295.124 43
295.117 295.65 45
299.514 299.759 45
304.992 305.226 62
305.226 305.682 59
305.453 305.692 62
305.919 306.16 62
306.858 307.094 61
307.088 307.558 57
307.316 307.558 61
308.018 308.481 54
308.25 308.484 59
308.716 308.954 59
310.815 311.305 57
321.039 321.582 69
321.578 322.121 64
325.103 325.565 66
325.564 326.047 62
330.726 331.192 64
330.955 331.192 62
342.2 342.441 45
347.661 347.895 62
347.891 348.349 59
348.119 348.353 62
348.581 348.829 62
349.292 349.75 57
349.75 350.223 57
349.981 350.223 61
350.453 350.698 61
350.696 351.158 57
351.388 351.632 61
351.63 352.095 57
351.63 352.095 62
353.05 353.169 76
353.407 353.543 78
356.372 356.841 71
363.869 364.416 62
