3.23695 3.84594 74
4.76894 5.06694 74
8.37492 8.67191 74
8.65891 8.95491 75
9.25691 9.55491 75
9.5609 9.87291 74
15.6788 16.8798 55
17.5058 18.1118 74
20.4358 20.7228 71
23.1228 23.5748 74
24.3418 24.6668 62
24.3418 24.6668 67
24.6708 25.0298 72
24.6708 25.0308 83
26.0778 26.4098 59
26.0808 26.4108 62
26.0818 26.4128 55
26.7738 27.1908 64
26.7768 27.1908 72
26.7768 27.1918 45
26.7778 27.1938 55
28.6717 29.4688 54
33.1867 33.7497 67
33.4727 34.0437 79
33.7497 34.3137 67
35.0657 35.2057 60
35.2057 36.0177 52
35.7787 36.0657 79
39.8257 40.3987 82
40.3987 40.9667 82
41.5407 42.1107 86
43.2657 43.8477 82
43.8477 44.4107 82
44.9807 45.5487 86
50.1616 50.7426 72
51.0296 51.6146 69
53.0736 53.6826 74
53.3766 53.6886 69
53.6826 54.2596 74
53.6826 54.2596 50
53.6826 54.2596 57
53.6846 54.2596 60
54.8266 55.3976 74
55.9636 56.5376 74
57.1115 58.2535 74
59.1595 59.4805 69
63.0445 63.1775 43
69.7325 70.0474 50
70.3394 70.6564 50
70.9414 71.5314 50
71.5314 71.8474 50
72.1374 72.4724 50
73.9584 74.2904 50
74.5804 75.2134 50
77.8574 77.9964 43
77.9964 78.6064 43
85.9733 86.2663 69
90.7933 91.6213 72
91.2603 91.4083 48
91.4083 91.7053 48
95.2543 95.9383 38
96.9043 97.5483 50
97.8743 99.0812 72
98.7762 99.0902 50
99.0832 99.7203 76
99.3992 99.7203 50
99.7182 100.925 74
100.022 100.624 50
100.624 100.925 50
101.215 101.541 50
103.666 104.268 50
104.268 104.873 50
104.575 105.196 55
104.873 105.196 50
105.492 106.101 50
106.101 106.42 50
106.409 107.039 60
106.41 107.039 64
106.718 107.039 50
107.334 107.943 50
107.943 108.253 50
108.251 108.869 55
108.554 108.869 50
109.784 110.452 50
110.452 111.47 50
113.669 114.281 43
113.966 114.292 60
114.277 114.879 59
114.281 114.873 43
114.872 115.492 60
115.163 115.492 55
115.78 116.364 55
116.066 116.685 43
116.364 116.692 55
116.682 117.872 62
116.682 117.872 65
117.253 117.872 43
117.869 119.056 60
117.87 120.245 69
118.173 118.747 55
118.456 119.059 43
118.747 119.065 55
119.059 119.633 43
119.93 120.245 55
120.242 122.586 72
120.245 120.812 43
120.812 121.404 43
121.403 122.586 64
121.984 122.584 43
122.275 122.586 55
123.164 123.75 43
123.459 123.759 55
124.326 124.901 43
124.9 126.629 74
132.554 133.866 72
133.867 135.155 77
135.148 136.427 76
136.107 136.433 74
141.21 141.529 74
144.112 145.4 74
146.674 147.31 74
147.94 149.218 74
149.218 150.5 74
150.5 152.652 74
151.924 152.655 31
159.135 159.694 60
161.091 161.377 84
167.562 168.181 55
167.88 168.5 43
168.5 168.804 43
177.604 177.897 74
184.918 186.141 74
186.14 187.386 43
187.387 188.66 55
189.249 189.823 36
189.538 190.103 48
189.822 190.97 64
189.823 190.961 67
189.823 190.379 36
190.103 190.669 48
190.669 190.97 48
190.963 191.24 36
191.52 192.083 36
191.797 192.083 48
192.08 193.256 65
192.08 193.256 69
192.371 192.951 48
192.661 193.249 36
192.951 193.256 48
193.249 193.799 36
193.522 194.079 48
193.799 194.362 36
194.079 194.368 48
194.362 195.506 67
194.932 195.499 36
195.216 195.506 48
195.499 196.619 72
195.779 196.333 48
196.052 196.616 36
196.333 196.619 48
196.616 196.884 36
197.169 197.75 36
197.445 197.75 48
197.75 198.3 36
198.02 198.583 48
198.3 198.862 36
198.583 199.142 48
199.426 200.007 36
200.277 200.83 48
200.83 201.383 48
201.11 201.663 36
201.383 201.663 48
201.66 202.24 74
201.663 202.236 36
201.933 202.24 48
202.507 203.07 48
202.786 203.35 36
203.07 203.623 48
203.35 203.903 36
203.623 203.906 48
203.903 204.477 74
204.173 204.477 48
204.747 219.176 36
205.335 228.874 43
207.69 216.753 76
208.982 209.353 91
209.353 228.874 91
209.353 228.874 96
209.355 211.803 72
213.065 214.329 64
213.066 214.332 67
213.068 214.332 72
213.068 214.333 48
213.068 214.333 55
214.329 228.874 64
214.332 216.75 67
214.332 216.751 72
214.333 216.754 48
214.333 216.754 55
216.753 228.874 76
