7.46196 8.50097 57
8.47297 9.51196 46
14.553 16.53 36
14.553 16.53 48
16.2479 16.495 38
16.495 18.536 50
18.497 19.523 51
18.501 19.523 36
18.501 19.523 48
22.0819 22.2669 32
22.2239 22.4099 43
22.3679 22.5569 30
22.6589 23.8549 32
22.6599 23.5039 44
23.5049 23.7969 41
23.5059 23.7969 29
23.7969 26.9289 29
26.9009 28.8639 51
28.8229 30.8489 47
30.8099 31.8569 48
48.0939 50.9279 33
51.8989 53.8119 34
55.6219 57.7748 48
63.6688 64.7078 46
67.7488 69.7898 42
67.7488 73.7658 50
69.7478 70.7178 43
92.7507 93.8917 62
101.298 102.788 39
109.046 110.19 62
112.666 113.089 62
118.532 118.962 75
127.079 127.845 62
127.825 128.549 58
128.196 129.319 62
138.254 139.739 39
146.115 147.235 63
147.595 148.702 60
148.299 148.702 57
150.165 151.674 42
150.533 151.674 60
151.652 153.248 43
154.795 156.563 62
156.528 159.614 48
159.583 161.543 46
163.496 164.542 46
171.595 173.566 36
171.595 173.566 48
172.56 173.566 39
173.292 173.54 50
173.293 173.541 38
173.538 175.577 53
173.539 177.57 58
173.541 175.577 38
175.542 176.564 48
177.572 178.644 48
177.573 178.644 44
179.12 179.33 48
179.284 179.497 46
179.285 179.501 43
179.288 179.501 31
179.449 179.663 29
179.613 179.778 46
179.778 181.224 58
180.8 181.276 29
181.223 184.146 51
184.058 187.895 57
184.058 187.895 33
187.892 207.26 54
187.895 207.26 26
187.898 207.26 38
