0.521985 4.64799 60
0.521985 4.64799 36
0.521985 4.65098 39
29.729 30.8799 74
34.4959 34.8669 74
40.5969 42.0179 74
42.0249 43.6699 72
42.0249 43.6699 76
43.6769 44.3699 72
54.2409 54.9829 58
55.7799 56.5259 60
57.2849 58.0269 60
58.7788 59.8578 59
58.7798 59.4968 38
60.2258 61.3068 65
60.2288 60.9428 36
61.7018 63.1968 65
62.4448 63.1978 47
63.2038 63.9448 47
64.6978 65.4398 46
66.1998 66.9458 53
67.7428 68.4848 46
70.7457 71.8167 61
70.7467 71.4557 33
71.4607 72.1807 45
72.1907 72.9017 31
73.6367 74.3657 30
73.6397 74.3677 42
74.3687 75.1077 54
95.4146 96.9856 89
101.337 101.739 74
102.139 102.575 74
113.997 114.437 60
114.878 116.432 60
121.118 121.22 48
121.221 121.294 64
121.315 121.415 48
121.419 121.605 36
121.61 121.804 36
121.703 121.805 48
121.808 121.993 36
121.895 121.994 48
122.095 122.186 48
122.189 122.27 72
122.189 122.4 36
122.295 122.494 48
122.399 122.791 72
122.4 122.596 36
122.494 122.686 48
122.686 122.791 48
122.789 122.861 76
122.882 122.983 48
122.987 123.173 36
123.176 123.25 76
123.376 123.562 36
123.463 123.562 48
123.565 123.754 36
123.655 123.755 48
123.755 124.16 72
123.852 124.048 48
123.954 124.16 36
124.156 124.559 71
124.346 124.559 38
124.744 124.952 39
125.042 125.238 53
125.543 125.75 43
125.64 125.75 55
125.75 125.942 44
125.942 126.152 44
126.751 126.957 43
126.954 127.03 72
126.955 127.155 36
127.051 127.155 48
127.159 127.355 36
127.649 127.746 48
127.751 127.939 36
127.944 128.133 36
128.038 128.133 48
128.135 128.328 36
128.332 128.517 36
128.42 128.521 48
128.523 128.594 72
128.524 128.734 36
128.622 128.821 48
128.731 129.126 72
128.734 128.922 36
129.122 129.184 70
129.122 129.189 76
129.209 129.308 48
129.312 129.506 36
129.406 129.507 48
129.507 129.573 76
129.511 129.696 36
129.598 129.697 48
129.7 129.888 36
129.79 129.889 48
129.893 130.085 36
129.986 130.088 48
130.088 130.491 72
130.092 130.491 75
130.092 130.285 36
130.182 130.382 48
130.382 130.491 48
130.487 130.886 71
130.778 130.886 50
130.883 131.281 72
131.075 131.281 39
131.369 131.572 53
131.971 132.076 55
132.076 132.276 44
132.483 132.678 42
132.678 132.875 42
132.772 132.877 54
132.875 133.07 42
133.07 133.284 42
133.28 133.477 71
133.685 133.883 59
134.48 134.974 79
134.481 134.681 60
136.039 136.136 32
136.336 136.434 44
136.437 137.246 43
136.637 136.848 62
136.847 137.642 79
136.848 137.043 62
136.848 137.042 59
137.239 138.037 55
139.189 139.387 32
139.391 139.583 32
139.588 139.78 31
140.266 140.36 43
140.651 140.749 43
141.032 141.134 43
141.916 142.107 31
142.009 142.107 43
142.111 142.306 31
142.707 142.906 32
142.909 143.101 32
144.355 144.456 44
145.044 145.236 33
145.138 145.239 45
145.24 145.428 33
145.831 146.034 34
145.929 146.034 46
146.125 146.223 46
146.314 146.416 46
146.506 146.608 46
146.699 146.801 46
146.804 146.99 34
147.091 147.183 46
147.473 147.571 46
147.574 147.763 34
147.665 147.764 46
147.861 147.959 46
148.442 148.54 46
148.638 148.733 46
148.93 149.124 34
149.023 149.124 46
149.125 149.317 34
149.321 149.51 34
149.418 149.51 46
149.511 149.703 34
149.706 149.902 34
149.8 149.902 46
149.902 150.09 34
149.996 150.091 46
150.095 150.286 34
150.189 150.287 46
150.291 150.487 34
155.527 155.722 65
155.527 155.722 68
155.726 155.918 68
155.922 156.118 68
168.421 168.62 63
172.048 172.253 65
174.906 175.102 70
175.298 175.504 70
178.151 178.351 72
178.354 178.553 72
178.557 178.759 72
179.772 179.975 63
180.587 180.79 65
181.21 182.053 58
181.416 181.629 70
182.273 182.493 70
182.277 182.494 62
182.277 182.497 65
182.498 182.715 62
182.718 182.935 62
183.047 183.264 58
183.471 183.681 63
183.471 183.682 58
183.682 183.786 58
183.884 184.094 58
184.192 184.605 75
184.293 184.504 63
184.297 184.506 58
184.504 184.605 63
184.506 184.605 58
184.717 184.934 63
184.717 184.934 58
184.934 185.144 58
185.039 185.865 75
185.452 185.662 55
185.76 185.966 58
185.966 186.172 58
186.383 186.491 56
186.59 186.691 56
186.894 186.994 48
187.191 187.289 56
187.391 187.482 56
187.681 187.779 48
187.974 188.067 53
188.07 188.165 48
188.459 188.556 72
188.459 188.556 41
188.843 188.938 41
189.13 189.228 72
189.131 189.228 48
189.323 189.417 72
189.421 189.487 85
192.589 193.833 51
192.693 192.904 63
192.694 192.906 58
193.421 193.63 67
193.63 194.041 67
193.934 194.14 58
194.043 194.247 55
194.138 194.247 63
194.14 194.247 58
194.355 194.576 58
194.576 194.785 58
194.785 194.989 58
194.989 195.093 58
195.401 195.607 58
195.507 195.923 75
195.814 195.926 58
195.926 196.003 48
196.027 196.132 56
196.23 196.329 56
196.532 196.63 48
196.832 196.931 65
196.833 196.932 56
197.221 197.319 55
197.323 197.418 48
197.617 197.711 53
197.712 197.81 48
198.002 198.099 51
198.1 198.19 72
198.1 198.191 41
199.07 199.135 85
199.16 199.258 73
199.161 199.258 46
199.549 199.64 74
200.435 200.532 31
202.437 202.633 63
202.437 202.634 67
202.633 202.833 63
202.832 203.038 86
202.833 203.038 63
203.035 203.84 60
203.238 203.638 86
203.434 203.84 83
203.437 203.64 63
204.036 204.239 65
204.436 204.638 65
204.529 204.638 77
205.038 205.237 62
205.236 205.436 72
205.237 205.436 62
205.642 205.839 63
205.839 206.045 63
206.448 206.65 60
206.65 206.847 60
207.243 207.445 56
207.336 207.539 77
207.646 207.844 53
207.943 208.652 74
208.242 208.652 69
208.443 208.652 50
208.541 208.652 70
208.869 209.065 39
209.468 209.66 39
209.87 210.059 39
210.067 210.259 39
210.263 210.468 39
211.568 211.662 51
212.679 212.87 38
212.775 212.873 50
213.493 213.681 36
213.584 213.685 48
214.295 214.483 34
214.385 214.487 46
215.292 215.488 32
219.762 219.964 48
219.964 220.16 48
220.36 220.458 48
220.462 220.654 36
220.555 220.654 48
220.658 220.846 36
220.749 220.847 48
220.941 221.039 48
221.042 221.235 36
221.136 221.238 48
221.239 221.312 72
221.336 221.535 48
221.442 221.835 72
221.535 221.735 48
221.833 221.903 70
221.928 222.026 48
222.031 222.222 36
222.316 222.415 48
222.418 222.607 36
222.505 222.607 48
222.705 222.796 48
222.799 223.205 72
222.803 223.205 75
223.093 223.205 48
223.199 223.604 71
223.391 223.604 38
223.601 223.997 72
223.793 223.997 39
224.087 224.283 53
224.396 224.585 43
224.486 224.69 55
224.794 224.993 44
224.993 225.194 44
225.193 225.393 42
225.795 226.006 43
226.005 226.198 36
226.096 226.198 48
226.205 226.398 36
226.299 226.499 48
226.6 226.789 36
226.691 226.793 48
226.797 226.988 36
226.891 226.989 48
226.993 227.181 36
227.08 227.181 48
227.272 227.371 48
227.377 227.563 36
227.472 227.567 48
227.568 227.64 72
227.568 227.776 36
227.667 227.871 48
227.776 228.168 72
227.776 227.966 36
227.871 228.063 48
228.166 228.239 76
228.452 228.55 48
228.554 228.742 36
228.647 228.743 48
228.746 228.931 36
228.841 228.932 48
229.033 229.131 48
229.132 229.537 72
229.229 229.425 48
229.534 229.936 71
229.933 230.329 72
230.126 230.329 39
230.419 230.615 53
230.92 231.127 43
231.017 231.127 55
231.319 231.529 44
231.529 231.722 42
231.722 231.918 42
231.918 232.12 42
232.324 232.523 71
232.734 233.53 79
232.736 232.929 59
235.081 235.18 32
235.281 235.379 32
235.48 236.296 31
235.481 236.296 43
235.893 236.088 59
236.687 237.178 79
238.435 238.627 32
238.634 238.829 31
239.416 239.603 31
239.701 239.796 43
239.799 239.984 31
239.894 239.988 43
240.863 240.964 43
240.967 241.157 31
241.161 241.356 31
241.756 241.956 60
241.756 241.956 32
241.85 241.958 44
241.959 242.151 32
242.241 242.344 44
242.627 242.725 44
242.823 242.918 44
243.015 243.11 44
243.207 243.3 44
244.09 244.282 33
244.184 244.283 45
244.283 244.479 33
244.679 244.877 33
244.972 245.081 46
245.084 245.269 34
245.174 245.27 46
245.274 245.459 34
245.364 245.462 46
245.749 245.844 46
246.133 246.226 46
246.52 246.618 46
246.817 247.002 34
246.904 247.006 46
247.296 247.398 46
247.59 247.782 34
247.685 247.783 46
247.783 247.976 34
248.073 248.168 46
248.171 248.36 34
248.262 248.364 46
248.367 248.552 34
248.461 248.556 46
248.556 248.753 34
248.759 248.945 34
248.843 248.945 46
248.948 249.14 34
249.145 249.332 34
249.239 249.333 46
249.333 249.532 34
249.536 249.735 46
249.537 249.736 34
251.353 251.556 63
251.559 251.748 63
254.776 254.964 65
254.966 255.161 65
265.654 266.458 56
267.469 267.661 63
269.478 269.678 73
271.089 271.295 65
271.092 271.298 68
271.303 272.11 58
273.738 273.944 75
273.948 274.151 70
274.553 275.361 60
277.192 277.392 68
277.193 277.395 72
277.398 277.599 72
277.601 277.802 72
278.823 279.026 63
278.823 279.027 67
279.03 279.223 67
279.481 279.527 75
279.636 279.835 72
279.636 279.838 65
280.255 281.102 58
280.466 280.679 67
280.683 280.889 67
281.323 281.543 70
281.326 281.543 62
281.327 281.547 65
281.548 281.763 62
282.096 282.314 58
282.209 282.418 55
282.418 282.626 55
282.52 282.723 63
282.52 282.726 58
282.726 282.831 58
282.933 283.136 63
282.934 283.138 58
283.138 283.345 58
283.241 283.654 75
283.345 283.549 58
283.549 283.654 58
284.291 284.501 67
284.291 284.501 55
284.501 284.703 67
284.703 285.117 67
285.222 285.334 58
285.432 285.534 56
285.641 285.735 56
286.233 286.335 65
286.234 286.335 56
287.017 287.112 53
287.115 287.21 48
287.406 287.501 51
288.275 288.372 41
288.466 288.536 85
291.634 292.887 51
291.738 291.952 63
291.739 291.955 58
292.155 292.366 63
292.158 292.368 58
292.26 292.471 67
292.263 292.473 55
292.471 292.674 67
292.473 292.676 55
292.676 293.087 55
292.779 292.982 58
293.726 294.549 75
293.829 294.039 58
293.933 294.137 67
294.137 294.346 67
294.137 294.347 55
294.451 294.651 58
294.549 294.976 75
294.651 294.864 58
294.864 294.977 58
295.07 295.176 56
295.477 295.578 64
295.582 295.68 48
295.876 295.974 56
296.373 296.464 48
296.659 296.754 53
296.755 296.852 48
297.143 297.24 72
297.145 297.241 41
297.245 297.338 51
297.63 297.72 70
298.21 298.304 73
298.591 298.69 74
299.479 299.579 31
301.483 301.675 63
301.483 301.679 67
302.085 302.89 60
302.179 302.89 87
302.281 302.682 86
302.484 302.89 83
302.582 302.778 84
303.082 303.282 65
303.282 303.478 63
303.481 303.685 65
303.685 304.48 58
303.779 304.48 74
304.279 304.48 72
304.279 304.48 62
304.693 304.888 63
304.888 305.088 63
305.088 305.294 63
305.292 306.099 48
305.494 305.694 60
305.694 305.893 60
305.893 306.099 60
306.289 306.495 56
306.495 306.694 56
306.694 306.89 56
306.89 307.696 46
307.184 307.387 70
307.587 307.696 70
307.916 308.108 39
308.013 308.108 51
308.413 308.514 51
308.518 308.71 39
308.715 308.909 39
308.815 308.91 51
309.109 309.308 39
309.313 309.518 39
310.516 310.705 39
311.019 311.118 51
311.723 311.918 38
312.535 312.73 36
312.629 312.734 48
313.337 313.528 34
313.43 313.529 46
313.529 313.724 34
313.729 313.921 34
314.737 314.939 32
315.745 316.711 86
316.718 318.708 42
318.715 322.839 31
318.719 322.839 34
318.719 322.839 38
337.127 341.911 58
347.913 349.061 74
365.823 371.122 54
371.532 371.717 40
371.721 371.916 40
371.92 372.105 40
372.007 372.105 52
372.691 372.886 52
373.089 373.282 59
373.684 373.879 59
373.884 374.076 59
374.08 374.278 59
375.274 375.469 60
375.473 375.665 60
376.277 376.466 38
377.055 377.12 74
377.145 377.244 50
377.44 377.635 50
377.842 378.036 60
390.413 390.61 46
390.803 390.995 43
392.364 392.552 29
392.458 392.556 67
393.144 393.337 30
393.434 393.529 62
393.925 394.114 30
394.705 394.799 31
395.098 395.188 31
395.188 395.285 56
395.486 395.577 31
395.58 395.678 43
395.874 395.971 48
395.877 395.972 31
395.972 396.063 56
396.067 396.165 31
396.361 396.451 55
396.661 396.756 31
396.757 396.847 56
396.851 396.945 31
396.949 397.046 43
397.047 397.145 50
397.146 397.242 56
397.148 397.243 43
397.245 397.337 53
397.438 397.532 48
397.635 397.729 31
397.732 397.831 48
397.831 398.026 47
399.006 399.191 31
399.196 399.265 85
399.388 399.462 86
400.616 400.662 87
400.662 400.715 89
400.764 400.812 89
400.813 400.861 87
400.911 400.966 87
400.97 401.163 86
401.362 401.457 31
401.46 401.547 56
401.554 401.649 31
401.751 401.842 31
401.94 402.038 53
402.14 402.233 48
402.14 402.237 31
402.527 402.622 47
402.626 402.723 55
402.818 402.919 47
402.923 403.021 31
403.021 403.112 56
403.113 403.21 52
403.115 403.21 31
403.41 403.504 56
403.507 403.599 53
403.699 403.794 48
403.703 403.798 31
403.801 403.896 56
404.096 404.288 47
404.389 404.487 43
404.88 404.953 74
405.079 405.265 31
405.46 405.53 85
407.033 407.074 89
407.077 407.13 87
407.176 407.232 87
407.232 407.298 83
407.233 407.298 86
408.453 408.506 87
408.506 408.55 89
408.551 408.604 87
408.604 408.656 89
408.755 408.804 87
408.804 408.877 83
408.807 408.877 86
408.999 409.072 85
410.077 410.13 89
410.13 410.182 87
410.186 410.227 89
410.329 410.381 87
410.385 410.476 86
416.737 416.941 48
417.242 417.434 36
417.333 417.435 48
417.438 417.629 36
417.532 417.63 48
417.634 417.822 36
417.721 417.822 48
417.917 418.015 48
418.018 418.204 36
418.113 418.204 48
418.208 418.285 72
418.417 418.81 72
418.809 418.88 76
418.809 418.998 36
418.901 418.999 48
419.005 419.191 36
419.195 419.268 76
419.289 419.39 48
419.394 419.58 36
419.482 419.583 48
419.674 419.773 48
419.775 420.178 72
419.87 420.069 48
420.175 420.577 71
420.368 420.577 38
420.574 420.972 72
420.767 420.972 39
420.966 421.368 65
420.97 421.368 74
421.06 421.259 53
421.163 421.368 41
421.365 421.561 43
421.459 421.658 55
421.561 421.768 43
421.964 422.17 44
422.369 422.574 42
422.974 423.17 36
423.069 423.174 48
423.178 423.374 36
423.272 423.468 48
423.667 423.766 48
423.77 423.961 36
423.968 424.154 36
424.056 424.154 48
424.245 424.347 48
424.35 424.535 36
424.441 424.536 48
424.542 424.613 72
424.543 424.753 36
424.644 424.836 48
424.749 425.144 72
425.142 425.327 36
425.235 425.33 48
425.334 425.522 36
425.527 425.592 76
425.53 425.715 36
425.813 425.908 48
426.006 426.104 48
426.107 426.51 72
426.597 426.796 48
426.796 426.905 48
426.901 427.301 73
426.902 427.095 37
426.993 427.188 49
427.095 427.301 37
427.297 427.7 72
427.487 427.7 39
427.696 428.106 65
427.787 427.994 53
428.106 428.296 42
428.193 428.392 54
428.296 428.505 42
428.392 428.505 54
428.697 428.9 44
429.306 429.505 44
429.397 429.604 56
430.1 430.497 75
430.293 430.497 39
430.494 430.899 74
430.587 430.79 53
431.495 431.697 44
431.894 432.096 46
432.096 432.289 46
432.187 432.393 58
432.289 432.499 46
432.499 432.695 46
432.695 432.901 46
432.897 433.297 72
432.898 433.3 84
433.297 433.696 72
433.695 434.091 76
433.786 433.982 55
434.286 434.497 44
435.183 435.294 60
435.691 435.883 48
437.514 437.71 68
437.713 437.909 68
441.324 442.125 60
443.964 444.163 68
444.17 444.356 68
447.185 447.379 62
447.384 447.571 62
447.575 447.768 62
448.783 448.986 65
450.407 450.606 60
450.81 451.005 63
453.628 453.823 62
453.63 453.824 65
453.826 454.016 62
454.019 454.211 62
455.223 455.426 86
456.857 457.058 67
457.061 457.26 63
457.67 457.873 65
458.486 458.689 61
459.301 459.504 63
459.507 459.706 63
460.124 460.33 60
460.336 460.533 60
460.959 461.163 60
461.166 461.369 60
461.638 461.687 82
461.8 462.016 79
462.238 462.458 60
462.514 462.562 82
462.678 462.895 79
462.679 462.899 62
462.903 463.126 62
463.493 463.753 60
463.753 463.96 60
463.855 464.684 72
463.96 464.162 60
464.061 464.268 63
464.062 464.27 51
464.162 464.27 60
464.268 464.47 63
464.27 464.474 51
464.685 465.097 48
464.784 464.989 60
464.785 464.992 55
464.884 465.097 63
464.989 465.097 60
465.202 465.419 55
465.419 465.626 55
466.557 466.775 64
466.557 466.775 52
466.871 466.973 60
466.874 466.973 56
467.274 467.378 64
467.277 467.379 58
467.673 467.77 65
467.676 467.775 56
467.875 467.97 56
468.17 468.261 48
468.943 469.038 48
469.619 469.714 48
469.812 469.906 72
470.197 470.294 47
470.388 470.483 76
470.392 470.486 46
470.773 470.868 44
470.872 470.966 36
471.272 471.369 36
472.262 473.076 43
472.562 472.755 74
473.178 473.395 60
473.178 473.396 55
473.599 473.806 60
473.806 473.914 60
473.808 473.914 55
474.327 474.733 48
474.421 474.63 60
474.527 474.733 63
474.63 474.733 60
474.957 475.166 52
475.374 475.579 64
475.786 476.198 64
476.094 476.303 55
476.303 476.419 55
476.51 476.615 60
476.511 476.616 56
476.714 476.818 60
476.917 477.014 58
477.315 477.413 56
478.1 478.194 53
478.198 478.293 48
478.585 478.68 48
478.872 478.971 71
479.457 479.551 72
479.458 479.552 48
479.65 479.744 47
480.035 480.132 76
480.035 480.133 46
480.525 480.616 36
480.619 480.714 44
481.915 482.713 43
482.919 483.119 60
482.922 483.119 63
483.119 483.318 63
483.318 483.528 60
483.723 483.92 60
483.92 484.126 60
484.323 485.125 53
484.522 484.724 62
484.722 484.92 60
484.92 485.125 60
485.524 485.722 62
485.72 485.92 59
486.128 486.328 60
486.328 486.531 60
487.134 487.332 56
487.731 487.934 48
487.934 488.13 48
488.13 488.33 48
488.133 488.33 53
488.427 489.138 71
488.729 488.927 47
488.924 489.138 68
489.135 489.347 36
489.239 489.351 48
489.446 489.547 48
489.754 489.953 36
489.852 489.954 48
489.957 490.148 36
490.054 490.153 48
490.155 490.348 36
490.251 490.352 48
490.353 490.544 36
490.447 490.545 48
490.548 490.744 36
490.647 490.744 48
490.748 490.95 36
490.849 490.95 48
490.957 491.153 36
491.056 491.157 48
491.157 491.356 36
491.455 491.557 48
491.56 491.751 36
491.657 491.756 48
491.759 491.951 36
491.853 491.951 48
491.955 492.147 36
492.051 492.148 48
492.253 492.365 48
492.368 492.557 36
492.458 492.56 48
493.166 493.971 72
493.167 493.354 34
493.257 493.355 46
493.656 493.754 46
494.78 494.976 31
495.621 496.582 87
495.623 496.582 30
496.587 498.584 45
496.589 498.584 48
496.589 498.585 42
503.085 504.206 74
507.936 509.435 71
520.285 521.783 75
527.41 527.781 76
527.787 528.936 76
528.947 529.43 85
528.948 529.43 76
529.437 532.66 76
532.632 534.256 72
532.636 534.256 84
534.233 535.842 82
534.235 535.835 60
537.434 539.058 51
540.633 542.25 48
540.634 542.25 60
545.767 551.074 43
551.677 551.868 36
551.77 551.869 48
551.876 552.061 36
552.064 552.253 36
552.257 552.443 36
552.351 552.443 48
552.45 552.642 36
552.543 552.642 48
552.646 552.719 72
552.743 552.943 48
552.855 553.248 72
552.856 553.045 36
552.943 553.138 48
553.138 553.248 48
553.244 553.31 76
553.338 553.433 48
553.437 553.629 36
553.53 553.629 48
553.633 553.817 36
553.825 554.017 36
553.919 554.021 48
554.022 554.209 36
554.308 554.503 48
554.503 554.612 48
554.609 555.004 72
554.61 555.005 84
555.004 555.397 72
555.198 555.404 32
555.599 555.806 31
555.803 556.002 87
555.805 556.002 42
556.611 556.825 66
556.615 556.825 72
556.618 556.825 75
557.42 557.661 72
558.257 558.511 59
558.259 558.511 53
558.26 558.511 38
558.263 558.511 35
559.148 559.558 36
