8.22497 9.70196 60
11.1589 12.7019 60
12.6849 13.4829 58
22.2749 23.0339 58
26.8319 27.6149 72
27.6159 29.1069 58
27.6189 29.1079 62
29.8829 30.6579 62
30.6579 31.5849 62
30.6579 31.5849 43
33.4959 34.8429 62
36.1949 37.4719 62
44.0909 45.3789 62
46.6609 47.9339 62
47.9379 49.2429 72
50.5349 51.8299 60
55.8689 57.1279 48
74.2429 74.6069 62
76.9949 77.3539 62
79.7169 80.0989 62
85.9159 87.3959 60
98.5409 99.2469 62
99.9619 100.724 62
102.986 103.745 72
104.523 105.303 72
105.304 106.804 62
105.307 106.804 58
107.581 108.348 62
108.348 109.093 62
108.355 109.845 43
109.093 115.113 55
112.012 112.792 62
114.319 115.11 62
115.114 115.468 43
116.591 117.332 57
116.591 117.332 62
117.308 118.823 43
118.044 118.823 62
119.572 120.374 62
119.573 120.374 57
119.575 120.374 60
120.349 121.892 43
121.124 121.892 62
122.649 123.457 57
122.652 123.457 62
122.653 123.457 60
123.425 124.98 43
124.192 124.98 62
125.739 126.555 62
125.74 126.555 57
125.74 126.555 60
126.523 135.085 43
127.335 128.959 62
127.336 128.96 58
128.959 130.585 62
130.585 132.204 62
132.204 135.085 62
