1.57899 1.79499 54
1.79199 2.62399 44
2.21099 2.83098 58
2.82999 3.04098 61
7.25196 7.87096 61
7.87096 8.08196 61
26.2849 27.1279 44
28.8109 29.0279 61
29.6549 29.9669 60
30.0779 30.9289 44
31.3598 31.5728 58
31.3638 32.2099 44
33.4698 33.8868 60
33.4708 33.7668 44
36.3408 37.6028 37
36.4628 37.3058 49
37.7258 38.9828 37
38.1508 38.5668 49
39.8338 40.2498 37
40.2498 41.1078 37
41.5418 42.3778 37
42.3778 42.6848 37
42.8038 43.6408 37
43.2288 43.9458 61
43.6408 43.9458 37
44.0648 44.9078 37
44.9078 45.2198 37
45.3318 46.1788 37
46.1788 46.3878 37
47.0668 48.3248 59
47.9008 49.1497 37
48.3248 48.7348 59
48.7348 49.0417 59
49.1537 50.0047 37
50.0047 50.4247 37
50.4237 51.7047 63
50.4247 51.2787 37
51.2787 51.4837 37
51.7097 52.5527 37
52.5527 52.8597 37
52.9757 53.8157 37
53.8157 54.1127 37
54.2367 55.0797 37
55.5067 56.3497 37
56.3497 56.5597 37
57.4197 57.8377 54
63.5356 64.2486 72
73.2575 73.4965 44
74.5125 74.7275 37
78.7395 79.5855 72
82.4914 83.3274 75
83.7574 84.6014 72
91.7103 92.1133 44
94.6513 97.3443 37
98.7913 99.0103 49
98.7943 99.0113 54
98.7943 99.0113 58
99.0083 99.8443 44
100.047 100.256 61
100.048 100.261 58
104.468 105.084 61
105.084 105.304 61
109.484 113.06 61
