7.47398 8.21896 62
7.47598 8.22897 43
9.78697 10.553 57
10.55 11.2959 43
12.8679 13.6609 42
15.2819 16.0899 46
16.0899 16.8989 39
16.0899 16.8989 46
16.8979 17.7189 34
17.7179 18.5189 46
18.5189 19.2959 34
18.5189 19.2959 46
19.3009 20.0839 48
20.9309 21.8129 39
21.5129 21.8129 45
21.8059 24.2069 57
21.8099 24.2109 38
24.9739 25.7189 74
25.7409 26.5139 72
27.2869 27.6579 74
28.0509 28.7838 74
36.8028 37.5938 60
39.3088 42.5368 74
42.5368 44.0728 43
43.2998 44.0688 59
44.0688 44.7828 59
44.8478 45.6308 53
45.6238 46.3748 62
47.1608 47.8738 43
47.9438 48.7288 59
48.7208 49.2328 87
48.7248 49.4348 84
49.2358 49.4978 60
49.2358 49.4978 72
49.5048 49.8688 72
49.9918 50.2508 84
49.9958 50.2508 72
50.2498 50.6158 60
50.7338 50.9188 74
50.7368 50.9218 71
50.7368 50.9228 60
51.4968 51.7558 74
51.4977 51.7558 71
51.4998 51.7558 60
52.1207 52.2517 72
52.2517 52.5007 72
52.5087 52.8808 72
52.8797 53.2577 86
52.9987 53.2607 84
53.0007 53.2607 72
53.2597 53.6287 60
53.6287 53.7508 60
53.7508 53.9368 60
54.5107 54.7617 60
55.2487 55.5047 72
57.0128 57.6988 74
57.0128 57.6988 72
63.9297 64.7267 74
66.2517 67.0437 72
66.2527 67.0437 62
68.6437 69.4506 57
69.4276 70.2006 74
70.1976 70.9946 62
70.1996 70.9946 60
73.0706 73.3646 58
74.9646 75.7586 62
74.9676 75.7586 43
75.7476 76.5356 63
76.7946 77.0286 55
77.8376 78.1035 62
77.9675 78.1066 50
78.1066 78.8695 43
78.8775 79.6675 49
79.7945 79.9375 54
79.9345 80.1995 55
80.4735 81.2825 42
81.9605 82.1115 49
83.7525 84.5724 39
83.8815 84.5724 45
85.3904 86.2094 39
86.3354 86.9864 45
86.4644 86.8634 46
86.8634 87.0044 46
87.1404 87.8684 47
87.2704 87.8684 48
87.6724 87.8684 41
87.8094 88.7084 53
88.0924 88.5194 46
88.5194 88.7084 46
88.6744 89.5834 39
89.1154 89.5834 48
89.2674 89.5834 60
89.5814 89.8804 38
91.1624 91.3414 33
92.8774 93.6224 62
92.8774 94.4104 43
93.6394 94.4074 59
95.1874 95.9724 53
95.9674 96.7154 62
95.9714 97.5014 43
98.2843 99.0653 74
98.7853 99.0653 79
99.0653 101.378 36
103.863 104.98 60
107.367 108.22 57
108.953 109.816 74
113.089 113.454 62
113.849 114.608 43
116.159 116.922 57
116.919 117.667 43
118.444 119.274 43
119.232 120.031 42
121.654 122.462 46
122.459 123.265 39
122.462 123.265 46
123.264 124.09 34
123.265 124.09 46
124.089 124.884 39
124.884 125.657 34
124.884 125.658 46
125.665 126.45 48
127.296 128.178 39
127.877 128.178 45
128.172 130.572 57
128.175 130.575 38
131.339 132.08 74
133.647 134.023 74
134.408 135.143 74
135.172 135.942 72
142.381 143.161 46
143.169 143.952 60
145.675 148.898 74
145.676 148.131 62
148.894 149.647 62
148.895 150.431 43
150.427 151.148 59
154.306 155.093 74
154.307 155.093 59
154.807 155.093 71
154.81 155.09 79
155.086 155.591 87
155.087 155.95 84
155.593 155.868 60
156.228 156.613 74
156.235 156.36 72
156.36 156.619 72
156.615 156.98 60
156.98 157.102 60
157.1 157.291 74
157.102 157.294 60
157.858 158.118 60
158.61 158.876 72
158.874 159.245 60
159.363 159.626 84
159.367 159.626 72
159.623 159.993 60
159.993 160.116 60
160.116 160.302 60
160.743 160.871 60
160.868 161.127 74
160.868 161.127 71
160.871 161.124 60
161.615 161.922 75
161.874 162.615 86
163.371 164.06 72
163.372 164.06 74
164.135 164.635 74
168.75 169.254 62
169.518 170.29 62
172.607 173.395 62
175.005 175.81 57
175.781 176.562 74
176.556 177.416 62
177.325 178.099 63
178.897 179.719 60
179.429 179.719 58
180.528 180.913 62
181.175 181.315 50
181.312 182.148 62
181.315 182.148 43
182.88 183.143 55
183.143 183.426 55
184.185 184.452 62
184.455 185.218 43
186.014 186.829 43
186.15 186.285 54
186.282 186.548 55
186.828 187.644 42
189.282 190.1 46
190.107 190.927 39
190.237 190.927 45
192.824 193.226 46
193.226 193.394 46
193.626 194.223 48
194.025 194.223 41
194.443 194.873 46
195.027 195.938 39
195.468 195.938 48
195.621 195.938 60
195.935 199.241 57
195.936 196.236 38
197.359 197.779 32
197.514 197.779 33
199.232 200.766 43
202.329 203.858 43
203.085 203.856 59
204.643 205.419 74
204.646 205.419 59
205.415 206.997 87
205.416 206.865 84
205.419 207.726 36
210.218 211.334 60
212.126 212.923 74
213.715 214.54 57
215.3 216.136 74
217.754 218.684 60
219.434 219.808 62
219.93 220.2 62
220.2 221.012 62
220.987 221.757 63
222.545 222.913 62
224.11 225.002 70
225.909 226.055 62
226.426 226.811 62
226.924 227.55 62
227.417 227.55 70
227.904 228.295 70
228.026 228.295 73
228.155 228.295 74
228.641 229.033 74
228.887 229.033 79
229.129 229.748 74
229.485 229.748 81
229.6 229.748 82
230.553 230.938 82
230.795 230.938 86
231.691 232.457 74
232.457 233.211 74
233.211 233.977 72
233.211 233.973 74
233.973 236.853 74
233.973 235.488 79
235.487 236.997 86
