0.519987 0.943991 69
0.520993 0.944983 74
0.524989 0.947987 38
11.3639 11.4689 66
11.4969 11.5729 79
11.5659 11.6369 78
11.6959 11.7699 78
11.9619 12.0669 73
14.7898 14.8638 79
15.1888 15.2868 74
17.8218 17.9158 54
18.0178 18.1148 54
19.4457 19.5437 55
19.8527 19.9497 56
25.1746 25.2556 73
25.1756 25.2556 76
25.1756 25.2586 45
25.1786 25.2596 52
25.1796 25.2616 49
25.3816 25.4586 76
25.3846 25.4586 73
25.3886 25.4626 45
25.5876 25.6606 76
25.5886 25.6646 73
25.5906 25.6656 52
25.5916 25.6676 49
25.5916 25.6676 57
25.7946 26.2176 73
25.7956 26.2206 76
26.6936 26.9555 75
27.7506 27.9505 64
28.5865 28.7865 66
30.2575 30.4565 64
33.6285 33.8305 61
34.0515 34.1035 78
34.0515 34.2575 62
34.1555 34.2045 75
34.2085 34.2575 76
34.4645 34.5655 64
35.3004 35.5064 66
35.8254 35.8694 73
35.9274 36.1404 76
37.2044 37.6484 62
37.6424 38.0894 61
38.2404 38.5244 69
38.5244 38.6283 69
45.8221 46.0311 69
46.0311 46.1461 69
46.1461 46.2431 59
46.2441 46.4611 69
46.5751 46.6811 57
47.3401 47.463 69
47.417 47.463 76
47.46 47.564 78
48.656 48.776 69
49.651 49.751 59
51.9429 52.0519 71
51.9439 52.1669 62
51.9989 52.2819 73
52.2789 52.4949 69
53.0559 53.1699 69
53.1679 53.2689 59
53.5938 53.7068 57
54.4448 54.4868 76
54.4838 54.5918 78
55.6808 55.7998 69
56.6748 56.7757 59
57.8757 57.9937 59
58.9147 59.0227 73
58.9667 59.0827 71
58.9667 59.1907 62
59.0227 59.3127 73
59.1487 59.3067 69
59.3067 59.5157 69
62.0266 62.3716 73
63.7135 63.8355 62
64.1885 64.3145 61
64.9805 66.1865 59
67.2975 67.7225 38
67.3005 67.7235 45
70.8075 71.2095 62
72.0155 72.0675 61
72.2285 72.6335 62
75.7315 76.1375 62
78.1684 78.2654 66
78.3634 78.4405 78
78.4264 78.5035 79
78.7665 78.8634 73
79.5634 79.6654 76
81.3974 81.4924 61
81.5274 81.5974 81
81.9934 82.0904 74
84.6144 84.7194 57
84.6184 84.7224 54
86.6483 86.7493 56
87.0533 87.1693 73
91.9852 92.0622 73
91.9922 92.0662 76
91.9922 92.0662 45
91.9932 92.0692 49
91.9962 92.0702 52
92.1982 92.2732 73
92.1992 92.2762 76
92.2032 92.2772 52
92.2032 92.2792 45
92.4022 92.4752 76
92.4022 92.4782 73
92.4062 92.4822 52
92.4062 92.4832 45
92.6132 93.0532 73
92.6132 93.0532 76
93.5282 93.7872 75
93.7452 93.9522 61
94.5802 94.7882 64
95.4222 95.6182 66
97.0881 97.2881 64
99.3821 99.8011 56
100.886 100.938 78
100.89 101.089 62
100.994 101.043 75
101.047 101.092 76
101.302 101.404 64
102.14 102.339 66
102.766 102.975 76
104.044 104.483 62
104.481 104.928 61
105.079 105.36 69
105.36 105.463 69
112.671 112.888 69
112.888 113.003 69
112.993 113.094 59
113.424 113.532 57
114.197 114.312 69
114.274 114.312 76
114.309 114.417 78
115.068 115.187 69
115.506 115.624 69
115.964 116.073 69
116.501 116.604 59
118.799 118.908 71
118.8 119.016 62
118.849 119.136 73
119.695 119.912 69
120.018 120.125 59
120.126 120.336 69
120.448 120.552 57
120.672 120.895 57
121.221 121.344 69
121.298 121.344 76
121.34 121.445 78
122.096 122.212 69
122.529 122.648 69
123.524 123.631 59
125.82 125.932 71
125.823 126.043 62
125.872 126.159 73
126.156 126.372 69
126.159 126.817 57
127.681 127.789 59
128.878 129.221 73
129.879 130.11 74
130.566 130.684 62
131.041 131.163 61
135.871 137.576 59
140.141 140.568 76
147.943 148.157 86
152.073 152.182 85
152.182 152.389 74
152.389 152.538 74
153.925 154.142 73
153.925 154.8 42
154.796 155.24 71
154.898 155.114 62
155.664 156.115 86
157.498 157.719 62
158.261 158.488 76
159.37 159.49 62
159.833 159.952 61
161.118 161.617 62
162.118 163.133 71
165.146 165.681 42
166.854 167.064 67
168.453 168.495 74
168.492 168.6 76
168.495 168.603 60
169.254 169.37 67
170.684 170.784 57
171.113 171.218 55
171.67 171.886 57
172.002 172.45 48
172.923 173.031 71
172.975 173.084 69
173.031 173.322 71
173.161 173.318 67
173.238 173.322 69
173.644 173.78 62
175.478 175.52 74
175.52 175.624 76
175.52 175.625 60
177.7 177.808 57
178.686 178.904 57
179.94 180.055 71
180.055 180.339 71
180.108 180.258 69
180.184 180.335 67
180.258 180.339 69
180.335 180.439 67
186.048 186.152 59
186.89 186.992 59
194.146 194.243 55
194.951 195.052 56
195.776 195.874 54
200.484 200.558 76
200.485 200.559 73
200.485 200.561 52
200.488 200.561 45
200.488 200.561 49
200.688 200.769 73
200.688 200.769 76
200.69 200.769 52
200.691 200.772 45
200.691 200.772 57
200.894 200.97 73
200.894 200.971 76
200.901 200.975 45
201.098 201.541 73
201.696 201.797 76
202.234 202.441 66
203.071 203.271 69
203.911 204.107 71
205.577 205.78 69
205.98 206.197 69
206.809 207.019 62
207.236 207.656 62
207.446 207.876 66
207.656 207.876 62
208.968 209.169 65
209.39 209.591 67
209.802 209.899 69
210.638 210.841 70
211.062 211.107 81
211.164 211.208 78
211.266 211.478 81
212.317 212.517 69
212.739 212.945 69
213.154 213.351 65
213.564 213.777 62
213.998 214.432 62
214.212 214.68 65
214.652 214.87 57
217.106 217.207 81
218.898 219.313 74
219.111 219.208 68
219.317 219.419 71
219.524 219.625 68
219.628 219.73 69
221.312 221.413 69
222.797 223.01 74
223.119 223.219 64
223.219 223.437 74
223.548 223.657 62
224.357 224.442 83
224.4 224.444 81
224.442 224.543 83
225.195 225.308 74
225.747 225.859 66
227.055 227.161 62
227.609 227.827 64
227.827 227.95 64
228.165 228.392 59
228.383 228.814 74
228.491 228.707 66
228.924 229.034 76
228.925 229.142 67
228.974 229.261 78
229.26 229.471 74
229.363 229.474 69
229.716 230.153 69
229.719 229.93 54
229.821 230.037 62
229.93 230.153 54
230.143 230.251 52
230.252 230.458 62
230.356 230.58 52
230.574 230.678 50
231.021 231.466 55
231.344 231.469 62
231.424 231.469 69
231.466 231.567 71
231.466 231.568 55
232.656 232.775 62
233.226 233.436 42
234.08 234.185 38
234.301 234.535 38
234.532 234.974 76
234.633 234.851 52
234.851 234.974 52
235.299 235.417 52
235.406 235.838 74
235.995 236.289 78
236.132 236.285 74
236.208 236.289 76
236.283 236.705 69
236.285 236.706 74
236.286 236.709 38
236.289 236.71 45
237.129 237.535 62
239.782 240.188 62
240.188 240.39 62
241.21 241.615 62
242.019 242.12 62
242.425 242.53 67
244.675 245.077 62
245.077 245.284 62
245.988 246.093 76
246.201 246.295 62
246.912 247.734 86
247.829 248.025 66
248.025 248.228 66
248.637 248.837 67
249.452 249.551 62
251.104 251.199 66
251.918 252.021 67
252.224 252.322 78
252.638 252.851 74
256.355 256.585 71
256.575 256.69 69
256.579 256.69 78
257.044 257.162 76
257.044 257.163 67
257.286 257.526 76
257.519 257.642 74
257.52 257.642 66
258.024 258.167 64
259.483 260.053 66
