3.455 3.808 46
9.35398 9.98596 73
11.701 11.88 28
15.296 15.653 46
16.498 17.089 59
22.783 22.947 66
27.511 27.875 49
28.715 28.848 66
28.719 28.848 73
28.957 29.215 66
28.96 29.216 69
29.215 29.352 66
29.216 29.352 69
29.716 29.852 69
29.717 29.852 65
29.717 29.852 73
35.477 35.848 54
35.954 36.324 54
36.188 36.324 73
36.681 36.814 71
36.682 36.814 74
36.923 37.187 74
37.186 37.321 71
37.437 37.815 47
37.68 37.815 74
37.927 38.327 47
38.18 38.327 74
38.712 38.849 71
38.712 38.849 75
38.715 38.849 78
39.51 39.922 47
39.777 39.922 64
44.7169 45.6729 38
47.65 48.004 46
48.849 49.435 59
54.154 55.0979 76
60.0159 60.2399 71
61.4399 61.8079 49
62.6449 62.7779 66
62.6489 62.7779 73
62.8899 63.1419 66
62.8909 63.1449 69
63.1449 63.2809 69
63.6459 63.7819 65
63.6459 63.7819 73
64.1389 64.2799 69
67.2969 67.5349 84
69.8819 70.2539 54
70.6119 70.7399 71
70.6119 70.7399 74
70.8529 71.1149 74
70.9889 71.2549 69
71.1149 71.2549 74
71.3629 71.7439 47
71.6119 71.7439 74
72.1089 72.2569 74
72.5149 72.7778 54
72.6448 72.7778 75
72.6448 72.7778 78
73.4418 73.8478 47
73.7088 73.8478 64
74.2408 74.3878 64
78.6468 79.6018 38
81.5728 81.9328 46
82.7807 83.3647 59
88.0857 89.0208 76
94.8657 95.6637 62
94.8667 95.6637 56
95.4827 95.6637 59
96.1287 98.2297 57
96.5527 98.2297 21
