1.93201 3.82709 53
3.97007 4.99503 99
4.18307 4.99503 95
5.50899 5.575 82
5.65299 6.17696 80
6.03096 6.17696 78
6.25096 6.49194 73
6.40496 6.49194 72
6.56294 6.76895 69
6.63594 6.76895 70
6.95795 7.28396 67
7.03895 7.36396 65
7.36396 7.44894 65
7.44795 7.81995 61
8.12096 8.49994 88
8.27195 8.65592 81
8.27395 8.57893 84
8.42194 8.72991 85
8.49994 8.73891 88
8.88791 9.19489 72
8.88791 9.27188 69
9.0379 9.32389 79
9.0379 9.32389 70
9.11388 9.32389 76
9.19489 9.32389 72
9.19588 9.32389 66
9.27188 9.34187 69
9.34587 9.59687 64
9.50687 9.66787 66
9.50987 9.66787 57
9.51086 9.66787 60
9.67487 9.83187 64
10.2459 10.3259 76
10.2479 10.3269 53
10.2489 10.3289 61
10.4059 10.4899 76
10.4099 10.4929 53
10.5739 10.6549 76
10.5779 10.6579 53
10.5779 10.6619 58
10.5809 10.6619 61
10.7379 10.8288 73
10.7388 10.8299 76
10.7399 10.8328 67
10.7408 10.8328 53
10.7419 10.8339 61
10.7419 10.8339 58
10.9169 11.0039 76
10.9199 11.0079 61
10.9208 11.0089 53
11.0849 11.2598 76
11.0888 11.4278 61
11.0908 11.4308 58
11.7718 12.0778 93
11.7718 12.1558 90
12.0778 12.6978 93
12.2298 12.5338 80
12.2328 12.6138 77
12.3798 12.6978 87
12.3828 12.6878 81
12.5368 12.6978 74
12.5408 12.6978 71
12.6878 13.3167 81
12.6878 13.0738 72
12.8428 13.3167 74
12.8448 13.2307 65
12.8458 13.1527 68
12.9988 13.3037 66
13.1527 13.3167 68
13.1537 13.3167 62
13.3037 13.4647 66
13.3047 13.4647 69
13.3047 13.4657 60
14.1327 14.2207 81
14.3007 14.3817 89
14.3037 14.3857 69
14.3047 14.3857 60
14.3047 14.3887 63
14.4657 14.5497 81
14.4667 14.5537 88
14.4667 14.5537 63
14.4677 14.5537 60
14.6307 14.7187 87
14.6367 14.7247 60
14.6377 14.7247 63
14.8157 14.9037 60
14.9807 15.1477 81
14.9837 15.3237 60
15.1517 15.2357 87
15.5197 15.5997 75
15.5227 15.6037 60
15.5237 15.6057 69
15.6907 15.7787 78
15.6917 15.7787 69
15.6917 15.7817 60
15.6937 15.7817 63
15.8587 15.9427 75
15.8587 15.9457 78
15.8587 15.9467 63
15.8627 15.9467 60
15.8627 15.9487 69
16.0297 16.1247 84
16.0307 16.1257 75
16.0337 16.1277 60
16.0347 16.1277 69
16.2157 16.3037 78
16.2197 16.3077 69
16.2207 16.3077 60
16.3917 16.6287 78
16.3937 16.7507 63
16.9297 17.0207 75
16.9327 17.0207 72
16.9337 17.0217 66
16.9357 17.0237 69
17.0977 17.3877 72
17.1007 17.3877 75
17.1017 17.4657 66
17.1047 17.4657 69
18.4107 18.5037 72
18.6027 18.6937 75
18.6037 18.6967 72
18.7897 18.8837 69
18.7917 18.8837 75
18.9767 19.0687 72
19.1597 19.2547 72
19.3477 19.4397 72
19.5347 19.6207 69
21.4877 21.6447 77
21.8027 21.9667 77
21.9667 22.1317 77
22.6527 23.4437 65
22.7497 22.9427 72
22.8448 23.4427 69
22.9427 23.4467 72
23.0407 23.2367 70
23.1397 23.3427 74
23.2367 23.4467 70
23.3427 23.4467 74
23.4427 23.6337 69
23.5337 23.9277 78
23.7257 24.1327 79
23.8247 24.0247 70
23.9277 24.0237 78
23.9297 24.1297 74
24.1297 24.2377 74
24.2347 24.3837 80
24.2377 24.3837 74
24.2377 24.4297 65
24.3327 24.4337 81
24.3357 24.4337 77
24.4367 24.5987 81
24.5287 24.5987 82
24.6267 24.8227 65
24.7217 24.7907 81
24.7237 24.7907 75
24.8237 24.9617 81
24.9167 24.9617 80
25.1067 25.1787 79
25.4147 25.6207 62
25.5147 25.6207 74
25.7157 25.8227 74
25.8277 26.0197 69
25.9247 26.1177 72
26.0187 26.2157 77
26.2157 26.4127 70
26.3137 26.5167 74
26.4127 26.6217 70
26.5167 26.6217 74
26.6177 26.8096 69
26.7096 26.8986 75
26.9016 27.3076 79
26.9996 27.4156 77
27.1036 27.1986 78
27.1036 27.3076 74
27.4116 27.5516 80
27.4116 27.6036 53
27.4126 27.6086 65
27.5106 27.6086 81
27.6116 27.7726 81
27.7056 27.7726 82
27.8006 27.9936 65
27.8016 27.9966 53
27.8986 27.9646 75
27.8986 27.9646 81
27.9976 28.1406 81
28.0916 28.1406 80
28.5886 28.6866 74
28.5886 28.9906 62
28.6896 28.7926 70
28.7946 28.8896 74
28.7946 28.8896 77
28.9986 29.1936 74
29.1926 29.3856 82
29.5866 29.7856 82
29.7856 29.9786 82
29.7886 29.9776 74
29.7886 30.5866 65
29.8846 30.0756 80
29.9776 30.5866 74
29.9786 30.1706 82
30.0756 30.5866 80
30.1706 30.5866 82
30.1706 30.3696 75
30.3656 30.5866 83
30.4746 30.5806 78
30.5806 30.7266 78
30.6806 30.7796 86
30.8776 30.9436 82
30.9726 31.1636 68
30.9746 31.1646 70
31.0676 31.1356 86
31.0696 31.1356 80
31.2626 31.3146 85
31.3566 31.5246 85
31.3576 31.5456 62
31.4486 31.5246 80
31.4516 31.5246 84
31.7546 31.8566 78
32.1406 32.3406 74
32.3406 32.9346 74
32.9346 33.1236 74
33.0336 33.2156 80
33.1236 33.7336 74
33.2166 33.4186 83
33.3166 33.7336 82
33.3166 33.5166 75
33.4186 33.5156 83
33.5156 33.7336 83
33.6226 33.7336 84
33.7296 33.9216 58
33.8246 33.9226 82
33.8276 33.9256 86
34.1226 34.3106 68
34.2136 34.2826 80
34.2156 34.2826 86
34.4056 34.4536 85
34.5036 34.6716 85
34.5976 34.6716 84
34.9056 35.1126 66
35.1165 35.2165 82
35.3336 35.5325 90
35.3365 35.7345 46
35.4346 35.7345 87
35.5325 35.7345 90
35.7285 36.0985 47
35.7285 36.0985 63
35.8195 36.0985 86
35.8225 36.0125 83
36.0125 36.1095 83
36.0155 36.1105 87
36.1105 36.3105 87
36.1135 36.3125 76
36.2085 36.4075 82
36.3125 36.5245 76
36.5225 36.7195 85
36.5235 36.8055 66
36.7215 36.8125 75
36.8165 36.9145 83
36.9215 37.1205 73
36.9215 37.1185 84
37.2165 37.3245 82
37.3205 37.5205 72
37.3245 37.6595 69
37.3265 37.6595 53
37.5235 37.6595 82
37.6185 37.7235 81
37.7235 37.9265 81
37.8245 38.0235 76
38.0215 38.1365 79
38.0235 38.1395 76
38.1355 38.3325 69
38.1365 38.3315 79
38.1365 38.5455 57
38.1365 38.5455 65
38.2345 38.4305 72
38.3325 38.5455 69
38.3325 38.5455 60
38.5365 38.7285 77
38.7285 38.9725 77
38.9355 39.3395 75
38.9375 39.3395 60
38.9375 39.0365 69
39.0365 39.3395 76
39.3365 39.7565 70
39.5325 39.7565 77
39.6275 39.7565 76
39.7425 39.8375 72
39.7425 39.8385 69
41.6265 41.8255 69
41.8255 41.9165 69
41.8265 41.9015 65
42.0175 42.2215 70
42.2215 42.3145 70
42.2225 42.2865 65
42.3155 42.4135 74
42.6125 42.6965 69
42.7004 42.7984 72
42.8014 43.0084 70
43.0114 43.0994 65
43.2075 43.5094 80
43.2114 43.4104 74
43.3124 43.4104 81
43.6024 43.7964 72
43.6984 43.7954 81
43.7954 43.9214 81
43.7984 43.9214 65
43.8944 43.9364 80
43.9884 44.2884 80
44.0824 44.1814 79
44.1824 44.2884 65
44.3874 44.5894 74
44.4894 44.6704 70
44.5894 44.6844 74
44.5904 44.6704 65
44.8974 45.0664 78
44.9924 45.0834 69
45.0864 45.1774 72
45.1814 45.3854 70
45.3854 45.4864 70
45.4864 45.5834 74
45.5874 45.7794 69
45.7794 45.8674 69
45.8704 45.9624 79
45.9634 46.1714 70
46.0704 46.1694 78
46.1754 46.2634 65
46.3744 46.5754 74
46.3754 46.6794 80
46.4804 46.5744 81
46.5744 46.6794 81
46.5754 46.6794 65
46.6724 46.7213 82
46.7663 46.9593 72
46.7673 47.0853 82
46.8694 46.9603 81
46.9603 47.0853 81
47.0613 47.1073 80
47.1513 47.4573 80
47.2534 47.3453 79
47.5584 47.7584 74
47.6594 47.8413 70
47.7584 47.8584 77
47.7584 47.8594 74
47.9644 48.1534 74
47.9653 48.1523 82
48.0614 48.2264 83
48.1523 48.2443 82
48.1534 48.2443 74
48.3433 48.5383 82
48.3453 48.5354 75
48.4373 48.6044 83
48.5354 48.6294 75
48.5383 48.6324 82
48.6364 48.7313 84
48.8224 48.9673 80
48.9123 49.0023 77
48.9163 48.9673 70
49.0033 49.0943 80
49.0063 49.0953 84
49.0973 49.3013 75
49.1013 49.3913 82
49.1993 49.3013 83
49.4023 49.4483 84
49.4983 49.7903 85
49.5983 49.6903 86
49.7883 49.8333 87
49.9763 50.0643 86
50.0643 50.1623 86
50.1553 50.1973 85
50.2463 50.5543 85
50.3413 50.4323 84
50.4323 50.5543 84
50.5333 50.5823 83
50.6303 50.8202 79
50.6353 50.8172 82
50.7253 50.8622 83
50.7263 50.8622 75
50.8172 50.9072 82
50.8202 50.8652 70
50.9072 50.9982 75
51.0022 51.1942 74
51.1982 51.2612 70
51.3842 51.5792 82
51.3862 51.5762 75
51.5762 51.6732 75
51.5792 51.6742 82
51.5792 51.6422 70
51.8702 52.0522 80
51.9602 52.0552 82
52.0522 52.1432 84
52.0522 52.1432 80
52.1462 52.4192 82
52.1472 52.3502 75
52.2482 52.3462 83
52.3462 52.4442 83
52.5452 52.8322 85
52.6402 52.7382 86
52.8322 52.8742 87
53.0172 53.1102 86
53.1102 53.2042 86
53.2032 53.2462 85
53.2952 53.5922 85
53.3892 53.4812 84
53.4812 53.5922 84
53.7892 53.8862 75
53.8902 53.9772 82
54.2012 54.2982 86
54.2022 54.2992 88
54.4042 54.8872 48
54.4982 54.6922 89
54.5972 54.8872 86
54.7862 54.8932 84
54.8982 55.0932 87
54.9992 55.0932 83
55.0002 55.0942 85
55.0982 55.1992 59
55.1952 55.2892 82
55.1962 55.2902 86
55.2432 55.5902 60
55.2902 55.5002 86
55.7132 55.9091 84
56.1061 56.2831 73
56.3121 56.4061 73
56.4071 56.5041 70
56.5041 56.9141 70
56.6021 56.8091 67
56.7031 56.9201 77
56.7071 56.9201 73
56.8051 56.9201 76
56.8091 56.9201 67
56.8581 57.3261 53
56.9141 57.3371 62
57.3241 57.5261 68
57.3241 57.7841 59
57.3261 58.1691 53
57.5261 57.7841 68
57.7501 57.8481 64
57.7501 58.1691 60
58.1631 58.3691 40
58.2651 58.4751 41
58.3691 58.5861 40
58.4741 58.5861 69
58.4751 59.0041 41
58.5771 58.7831 62
58.5791 59.0171 53
59.0031 59.2101 56
59.0041 59.4681 47
59.0041 59.8571 41
59.2101 59.4681 56
59.3181 59.4311 65
59.4311 59.8571 65
59.4341 59.8571 48
59.8501 60.2771 42
59.9581 60.1681 57
60.1651 60.2771 62
60.2771 60.536 34
60.5371 60.6271 53
60.6271 60.7171 62
60.7191 60.8121 54
60.7211 60.8131 58
60.9071 60.9981 58
60.9991 61.0951 62
61.0991 61.1951 58
61.2881 61.3731 53
61.2891 61.3731 58
61.3751 61.4591 62
61.4641 61.656 58
61.5581 61.6571 47
61.656 61.7431 46
61.8411 61.9891 63
62.1321 62.608 87
62.766 63.259 75
63.091 63.259 69
63.256 63.514 70
63.519 63.609 53
63.521 63.609 58
63.61 63.699 62
63.703 63.794 58
63.704 63.795 54
63.889 63.983 58
63.984 64.071 62
64.361 64.445 62
64.447 64.641 58
64.54 64.642 47
64.638 64.729 46
64.639 64.73 55
64.641 64.73 58
65.11 65.58 87
65.422 65.58 72
65.576 66.2659 74
65.726 66.2659 75
65.727 66.2659 66
65.884 66.2659 68
66.042 66.2659 60
66.175 66.3489 46
66.2029 66.353 59
66.7969 66.9509 74
67.0979 67.6579 77
67.4069 67.6579 65
67.4069 67.6579 62
67.5599 67.7389 46
68.1769 68.4139 85
68.1779 68.4139 75
68.9149 69.1149 87
69.0789 69.1529 75
69.5378 69.6918 69
69.5388 69.6918 66
69.9958 70.3438 59
70.1508 70.3438 101
70.2308 70.3438 87
70.5348 71.0548 94
70.5358 70.6998 98
70.6168 71.0608 93
70.6998 70.8688 98
70.7008 71.0608 53
70.7838 71.0608 91
70.8688 71.0568 98
70.9478 71.0608 89
71.0548 71.2138 94
71.0568 71.7628 98
71.2138 71.7628 94
71.2178 71.7628 62
71.3858 71.7628 84
71.3858 71.7498 89
71.4658 71.7628 83
71.5508 71.7628 86
71.6318 71.7628 81
71.7498 72.4528 89
71.7538 72.4528 30
71.9218 72.0928 86
72.0928 72.4428 86
72.2548 72.4428 82
72.3388 72.4528 77
72.6068 72.7778 77
72.6078 73.1508 82
72.6918 72.9397 74
72.7788 73.1508 72
72.8588 73.1508 71
72.9397 73.1508 74
72.9408 73.1458 70
72.9427 73.1508 58
73.0247 73.1508 68
73.1458 73.8457 70
73.1468 73.3288 66
73.1497 73.8457 39
73.3248 73.4997 90
73.4077 73.8457 86
73.5767 73.8457 84
73.6607 73.8457 87
73.8427 73.9197 90
73.8427 74.5567 37
74.0047 74.1687 87
74.1687 74.5327 87
74.3327 74.5567 82
74.5327 74.6127 87
74.5327 74.6127 78
74.5357 75.2107 35
74.7047 75.2107 82
74.7847 75.2107 74
74.8677 75.2107 73
74.8687 75.2107 59
74.9487 75.2107 72
75.0297 75.2047 75
75.3657 75.5297 75
75.5297 75.9086 75
75.6907 75.9086 70
75.6907 75.9086 66
75.6937 75.7716 63
75.7716 75.9086 63
75.9077 76.2297 32
75.9846 76.0647 45
76.0687 76.2047 95
76.1526 76.2336 46
76.2336 76.3236 47
76.4006 76.5337 47
76.5627 76.8947 37
76.5627 76.6627 49
76.7307 76.8417 49
76.8187 76.8987 51
76.9887 77.1497 53
77.2557 77.3457 54
77.3317 77.4197 55
77.4207 77.5527 85
77.4207 77.5527 54
77.5037 77.5847 56
77.5847 77.6787 57
77.6607 77.7447 58
77.7457 77.8537 57
78.0847 78.1967 59
78.1657 78.2427 75
78.3857 78.5956 90
78.5157 78.5996 63
78.7676 78.8966 65
78.8516 78.9316 67
79.0086 79.0886 69
79.0936 79.1806 68
79.1816 79.2576 69
79.4296 79.5326 74
79.4296 79.5326 70
79.5126 79.5906 73
79.5936 79.9476 77
79.5936 79.7856 74
79.7856 79.9476 74
80.1956 80.2756 87
80.3556 80.4366 70
80.4366 80.6256 82
80.4406 80.6256 75
80.5206 80.6256 87
80.5246 80.6016 78
80.6016 80.9406 78
80.8496 80.9406 87
81.1926 81.2806 90
81.2776 81.3616 85
81.2796 81.3616 61
81.7176 81.9866 74
81.8926 81.9866 73
81.9776 82.3406 71
82.0646 82.3406 77
82.1516 82.3406 64
82.3266 82.6906 65
82.9886 83.0966 86
83.1906 83.2886 85
83.3876 83.4806 83
83.5796 83.6746 82
83.5806 83.6776 85
83.6816 83.8486 54
83.7756 83.8736 84
83.9746 84.0696 80
84.2666 84.4586 89
84.2666 84.4616 85
84.2686 84.3636 61
84.6546 85.0186 74
84.7416 85.0186 62
84.9196 85.0186 64
84.9206 85.0186 61
85.0086 85.3646 68
85.0956 85.3646 62
85.1836 85.3646 52
85.3556 85.7186 74
85.3576 85.7186 53
85.6246 85.7186 76
86.0186 86.1206 74
86.0196 86.1216 37
86.1236 86.2886 85
86.2196 86.3166 73
86.2216 86.3206 37
86.4186 86.5136 71
86.4186 86.5156 37
86.6176 86.7056 37
86.8076 86.9046 72
86.8096 86.9056 37
87.0026 87.1006 68
87.0066 87.1036 37
87.1956 87.2936 66
87.1986 87.2936 72
87.1986 87.2946 37
87.3915 87.4815 65
87.3955 87.4855 37
87.5845 87.6735 62
87.5875 87.6745 65
87.7765 87.8675 37
87.9655 88.0555 59
87.9685 88.0605 37
88.1545 88.2465 37
88.2485 88.4095 42
88.3465 88.4375 60
88.3465 88.4375 37
88.5395 88.6335 56
88.5395 88.6335 60
88.5405 88.6335 37
88.7355 88.8325 37
89.2285 89.3225 48
89.2285 89.3235 36
89.4105 89.5085 60
89.4135 89.5125 56
89.4135 89.5125 37
89.6035 89.6935 53
89.6065 89.6985 38
89.9945 90.1775 48
90.1845 90.3705 50
90.5555 90.6535 65
90.7485 90.8425 60
90.9335 91.0315 72
91.1265 91.2205 62
91.3155 91.4135 74
91.3175 91.4155 59
91.7075 91.8885 62
92.0915 92.1865 65
92.2815 92.3745 36
92.2835 92.3745 48
92.4735 92.5645 60
92.6595 92.7605 38
92.8475 92.9465 65
93.2405 93.4215 59
93.2415 93.4255 50
93.8105 93.9005 68
94.1965 94.2905 62
94.3815 94.4865 74
94.3845 94.4895 59
95.3325 95.4205 76
95.8655 95.9655 74
95.8675 95.9665 83
95.8685 95.9695 65
96.4275 96.7715 86
96.5125 96.5955 81
96.6875 96.7745 71
96.6885 96.7745 80
96.7785 97.1285 80
96.7785 96.9035 71
96.7785 96.9035 87
96.9535 97.0375 73
96.9545 97.0405 85
97.1325 97.4675 83
97.2155 97.2965 87
97.2165 97.2965 75
97.2975 97.3805 76
97.2975 97.3805 88
97.3835 97.4715 86
97.3835 97.4715 77
97.4715 97.8175 86
97.5585 97.6475 78
97.6435 97.7305 91
97.7315 97.8185 89
97.7335 97.8205 80
97.8215 98.1645 89
97.8225 98.1675 95
97.8245 98.1645 80
97.9015 98.2495 93
97.9025 98.2495 81
97.9895 98.3325 94
98.0735 98.4175 92
98.0765 98.4195 83
98.1645 98.5045 98
98.1645 98.5105 80
98.1675 98.5075 95
98.2495 98.5115 93
98.3325 98.5115 94
98.4175 98.5115 92
98.4195 98.5115 83
98.5075 98.8505 95
98.5925 98.9315 93
98.6785 99.0215 94
98.7595 99.1065 92
98.7595 99.1085 83
98.9315 99.1935 93
99.1065 99.1935 92
99.1085 99.1935 83
99.1905 99.3645 101
99.1925 99.3645 98
99.1925 99.3645 95
99.2775 100.568 100
99.2785 99.6205 97
99.2785 99.6215 94
99.3645 99.5325 98
99.3645 99.5335 95
99.4525 100.568 99
99.4525 99.7925 96
99.5325 99.7075 98
99.5335 99.7085 95
99.6205 100.568 97
99.6205 99.9635 91
99.6215 99.9605 94
99.7085 99.8795 95
99.7085 99.8835 92
99.7925 100.568 96
99.7945 100.138 90
99.7955 100.135 93
99.8825 100.052 89
99.8835 100.052 92
99.9605 100.568 94
99.9635 100.31 91
99.9635 100.314 88
100.048 100.568 95
100.052 100.222 92
100.138 100.477 90
100.225 100.394 86
100.225 100.393 89
100.31 100.568 85
100.314 100.568 88
100.477 100.568 90
100.478 100.568 84
100.48 100.568 87
100.568 100.733 83
100.652 100.996 82
100.733 101.968 89
100.733 100.908 83
100.736 100.908 86
100.823 101.17 84
100.908 101.082 86
100.908 101.083 83
100.996 101.968 85
100.996 101.342 82
100.997 101.345 79
101.083 101.258 80
101.083 101.255 83
101.258 101.43 77
101.258 101.432 80
101.432 101.611 80
101.517 101.968 81
101.518 101.872 78
101.52 101.874 75
101.612 101.787 77
101.699 101.968 76
101.787 101.966 74
101.872 101.968 72
101.874 101.968 75
101.966 102.144 74
101.966 102.144 77
102.053 102.239 76
102.144 102.323 77
102.239 102.327 73
102.323 102.405 77
102.409 102.5 73
102.504 102.595 77
102.598 102.682 73
102.683 102.773 77
102.777 102.861 73
102.864 102.956 77
103.044 103.135 77
103.138 103.222 73
103.226 103.31 77
103.314 103.401 76
103.404 105.241 74
103.405 103.583 77
103.761 103.943 77
104.035 104.213 78
104.122 104.308 77
104.213 104.399 78
104.489 104.675 77
104.675 104.86 77
104.952 105.145 78
105.145 105.241 78
105.238 105.425 76
105.425 105.599 76
105.427 105.612 71
105.427 105.603 68
105.599 105.784 76
105.599 105.97 72
105.603 105.97 68
105.691 105.869 78
105.788 105.97 69
105.869 105.97 78
105.967 106.326 73
105.968 106.138 76
106.141 106.33 74
106.229 106.33 78
106.327 106.698 57
106.52 106.606 76
106.607 106.701 78
106.705 106.785 76
106.88 106.97 76
106.971 107.062 78
106.974 107.063 73
107.065 107.15 74
107.066 107.436 59
107.153 107.243 71
107.157 107.247 76
107.248 107.338 74
107.342 107.44 71
107.441 107.576 74
107.62 107.702 74
107.801 107.976 73
107.801 108.154 76
107.885 108.158 69
107.976 108.158 73
108.154 108.336 76
108.155 108.528 62
108.423 108.528 78
108.518 108.879 68
108.696 108.879 69
108.784 108.879 78
108.963 109.145 78
109.145 109.239 78
109.235 109.33 73
109.238 109.607 57
109.523 109.61 78
109.704 109.792 78
109.704 109.795 73
109.796 109.879 76
109.883 109.97 73
109.883 109.971 78
109.971 110.058 74
109.977 110.346 59
110.062 110.152 71
110.065 110.153 76
110.155 110.247 74
110.25 110.348 71
110.348 110.481 74
110.44 110.523 71
110.527 110.611 74
110.709 110.881 73
110.793 111.091 69
110.881 111.091 73
111.266 111.444 81
111.357 111.457 82
111.448 111.808 76
111.627 111.808 74
111.717 111.808 82
111.895 112.077 82
111.987 112.169 76
112.165 112.259 81
112.168 112.539 62
112.368 112.452 81
112.543 112.63 88
112.544 112.63 81
112.546 112.9 57
112.547 112.901 62
112.722 112.812 81
112.813 112.901 82
112.907 113.274 64
112.995 113.079 76
113.18 113.278 76
113.366 113.452 76
113.719 113.998 74
113.811 113.998 77
113.996 114.366 72
114.076 114.258 82
114.175 114.353 76
114.175 114.356 73
114.356 114.534 81
114.437 114.619 82
114.535 114.717 74
114.619 114.717 82
114.716 114.892 81
114.797 114.979 82
114.895 115.076 79
114.895 115.076 76
115.076 115.448 62
115.451 115.535 81
115.452 115.535 88
115.455 115.809 57
115.63 115.714 81
115.717 115.812 82
115.896 115.979 76
116.082 116.18 76
116.271 116.355 76
116.534 116.715 77
116.627 116.855 74
116.802 116.894 86
116.897 117.082 89
116.985 117.267 86
116.987 117.166 84
117.166 117.267 84
117.17 117.261 87
117.265 117.61 62
117.353 117.534 82
117.534 117.621 82
117.534 117.624 86
117.625 117.814 86
117.719 117.905 81
117.814 118.017 75
117.906 118.011 84
118.011 118.199 84
118.013 118.199 74
118.014 118.286 65
118.199 118.289 74
118.399 118.584 72
118.399 118.588 83
118.584 118.787 72
118.679 118.783 81
118.784 118.977 71
118.784 119.109 68
118.787 119.109 52
118.881 119.068 76
118.977 119.109 81
119.068 119.171 80
119.068 119.172 76
119.175 119.369 69
119.178 119.371 80
119.27 119.463 75
119.369 119.581 69
119.372 119.581 60
119.459 119.568 78
119.463 119.581 75
119.568 119.764 78
119.568 119.763 68
119.569 119.973 56
119.57 119.973 64
119.763 119.973 68
119.764 119.973 59
119.865 119.973 71
119.964 120.156 76
120.058 120.362 74
120.159 120.393 60
120.363 120.755 59
120.365 120.457 68
120.555 120.755 71
120.558 120.755 62
120.754 121.163 69
120.755 121.163 60
120.849 121.163 74
121.152 121.248 62
121.153 121.249 68
121.638 121.936 78
121.734 121.936 76
121.92 122.289 88
122.286 122.459 64
122.459 122.638 64
122.739 122.835 78
122.741 122.923 73
122.928 123.018 73
122.93 123.018 78
123.022 123.103 76
123.106 123.189 73
123.108 123.19 78
123.196 123.283 76
123.287 123.372 78
123.375 123.462 74
123.466 123.549 71
123.466 123.55 76
123.553 123.651 74
123.556 123.652 64
123.652 123.748 71
123.654 123.749 76
123.75 123.885 74
123.878 123.924 66
123.925 124.015 74
124.104 124.284 73
124.197 124.466 69
124.284 124.466 73
124.557 124.844 78
124.643 124.844 62
124.828 125.192 88
125.009 125.192 76
125.363 125.539 64
125.636 125.729 78
125.638 125.824 73
125.831 125.912 78
125.832 125.915 73
125.915 126.0 76
126.003 126.09 78
126.003 126.091 73
126.097 126.178 76
126.182 126.273 78
126.185 126.273 73
126.276 126.36 74
126.364 126.451 71
126.364 126.452 76
126.454 126.545 74
126.459 126.546 64
126.549 126.644 76
126.549 126.644 71
126.645 126.783 74
126.776 126.826 66
126.829 126.913 74
127.095 127.361 69
127.18 127.358 73
127.453 127.753 82
127.55 127.753 81
127.736 128.099 93
128.275 128.46 69
128.278 128.46 64
128.456 128.555 81
128.556 128.743 77
128.656 128.747 81
128.834 128.926 88
128.928 129.009 82
128.929 129.013 77
129.017 129.1 81
129.018 129.101 69
129.195 129.279 79
129.283 129.373 76
129.377 129.464 85
129.378 129.464 79
129.378 129.468 69
129.471 129.563 76
129.566 129.702 79
129.654 129.745 76
129.749 129.833 69
129.923 130.099 77
130.014 130.284 74
130.099 130.284 77
130.101 130.284 69
130.655 131.025 93
131.197 131.379 69
131.197 131.379 64
131.47 131.659 77
131.572 131.662 69
131.754 131.838 81
131.757 131.841 88
131.845 131.932 77
131.936 132.019 81
132.02 132.107 82
132.205 132.286 76
132.29 132.383 79
132.292 132.387 69
132.39 132.478 76
132.482 132.625 79
132.576 132.664 76
132.668 132.752 69
132.935 133.195 74
133.017 133.195 77
133.627 134.021 41
134.018 134.422 53
134.109 134.221 75
134.113 134.221 72
134.113 134.221 66
134.421 134.715 84
134.422 134.62 65
134.519 134.715 74
134.827 135.222 29
135.117 135.222 42
135.219 135.614 41
135.307 135.614 82
135.309 135.506 54
135.608 136.014 53
135.703 135.81 72
135.705 135.81 66
136.014 136.209 65
136.209 136.305 65
136.604 136.804 80
136.697 136.804 47
136.791 137.175 46
136.983 137.169 58
137.169 137.57 58
137.568 137.847 70
138.247 138.355 47
138.348 138.728 46
138.436 138.728 87
138.439 138.728 82
138.533 138.725 58
138.722 139.118 85
138.725 139.118 58
139.118 139.401 70
139.513 139.699 85
139.699 139.902 85
139.986 140.273 90
140.266 140.662 93
140.361 140.465 88
140.459 140.662 82
140.66 140.947 85
140.661 140.947 39
140.762 140.947 87
141.156 141.354 85
141.156 141.355 94
141.256 141.469 46
141.354 141.469 85
141.355 141.469 94
141.455 141.645 93
141.456 141.648 88
141.55 141.747 82
141.551 141.749 91
141.648 141.851 88
141.747 141.851 82
141.841 142.03 85
142.03 142.226 85
142.131 142.226 88
142.132 142.222 79
142.219 142.414 87
142.222 142.412 79
142.317 142.509 76
142.317 142.509 85
142.414 142.601 87
142.601 142.757 84
142.601 142.757 76
142.699 142.793 73
142.995 143.16 73
143.101 143.195 78
143.195 143.3 76
143.63 143.752 77
143.633 143.752 73
143.755 143.884 76
143.885 144.098 70
143.888 144.304 74
143.892 144.325 62
144.309 144.774 59
144.518 144.774 68
144.742 144.844 64
144.743 145.162 60
145.369 145.589 40
145.477 145.589 69
145.481 146.02 41
145.579 145.789 70
145.583 146.002 74
145.583 146.003 53
145.999 146.213 68
146.002 146.468 59
146.436 146.538 64
146.437 146.864 60
147.173 147.293 69
147.279 147.714 53
147.7 147.91 56
147.703 148.168 47
147.91 148.168 56
148.016 148.132 65
148.132 148.56 65
148.134 148.56 48
148.235 148.446 60
148.558 148.989 60
148.659 148.869 57
148.764 148.989 42
148.868 148.989 62
148.869 148.989 41
148.985 149.215 58
148.988 149.216 34
149.216 149.306 65
149.219 149.31 74
149.222 149.313 53
149.401 149.499 72
149.404 149.502 58
149.404 149.503 53
149.594 149.688 53
149.597 149.688 50
149.782 149.88 50
149.783 149.88 58
149.783 149.881 53
149.971 150.07 50
149.972 150.072 53
149.975 150.073 58
150.175 150.362 65
150.269 150.362 71
150.36 150.541 70
150.772 150.864 65
150.773 150.867 53
150.773 150.867 58
150.776 150.868 62
150.955 151.049 65
150.955 151.05 76
150.958 151.053 58
150.958 151.053 62
151.148 151.242 65
151.151 151.245 53
151.333 151.428 74
151.336 151.43 53
151.336 151.431 58
151.526 151.627 53
151.529 151.627 62
151.529 151.627 58
151.826 151.917 75
151.917 152.106 74
152.331 152.428 64
152.331 152.429 61
152.333 152.429 54
152.517 152.61 70
152.519 152.614 61
152.523 152.614 64
152.705 152.803 64
152.709 152.807 54
152.898 152.992 61
153.086 153.184 82
153.089 153.188 54
153.09 153.189 64
153.09 153.191 61
153.285 153.475 73
153.289 153.475 54
153.895 153.996 72
153.896 154.0 69
153.898 154.0 57
154.104 154.203 72
154.105 154.204 69
154.106 154.206 65
154.297 154.395 72
154.301 154.399 76
154.493 154.595 75
154.493 154.598 65
154.497 154.599 57
154.703 154.819 60
155.573 155.711 62
155.575 155.711 65
155.663 155.75 66
155.932 156.079 62
156.125 156.253 65
156.219 156.306 67
156.309 156.453 74
156.313 156.453 65
156.52 156.709 65
156.706 156.887 70
157.125 157.258 62
157.213 157.3 71
157.303 157.451 65
157.304 157.451 70
157.398 157.486 72
157.489 157.636 65
157.489 157.636 62
157.683 157.836 70
157.868 158.032 62
157.868 158.032 70
158.07 158.263 70
158.262 158.462 74
158.649 158.76 70
158.651 158.76 82
158.651 158.76 73
158.652 158.76 61
158.655 158.76 64
158.848 159.043 64
159.428 159.54 87
159.428 159.54 59
159.628 159.822 75
159.631 159.822 85
159.632 159.822 69
159.632 159.822 66
159.821 160.006 83
160.216 160.384 87
160.219 160.384 84
160.219 160.384 93
160.317 160.412 52
160.416 160.572 87
160.521 160.615 53
160.72 160.811 54
160.916 161.01 55
161.01 161.188 81
161.112 161.206 56
161.21 161.378 81
161.403 161.552 59
161.496 161.591 58
161.686 161.783 59
161.784 161.945 85
161.878 161.969 60
161.973 162.147 62
162.071 162.158 61
162.161 162.337 75
162.263 162.351 62
162.351 162.529 82
162.448 162.543 63
162.544 162.722 72
162.645 162.735 64
162.838 162.932 65
163.233 163.326 67
163.328 163.513 72
166.426 166.666 74
167.114 167.234 62
167.314 168.444 59
167.405 167.517 66
169.204 169.578 53
169.393 169.501 80
171.098 171.28 48
171.832 171.993 89
171.836 172.018 57
172.514 172.683 46
172.532 172.686 53
172.55 172.686 62
172.567 172.687 82
172.592 172.687 101
173.355 174.117 53
173.358 174.118 59
173.547 173.659 41
173.925 174.041 44
174.314 174.409 86
174.499 174.594 85
174.689 174.78 84
174.875 175.259 74
175.06 175.178 53
175.262 175.354 74
175.357 175.465 57
175.634 175.827 93
176.571 176.683 69
177.143 177.328 87
177.143 177.328 79
177.884 178.065 87
177.884 178.066 93
177.887 178.066 101
178.632 178.723 86
178.633 178.728 101
178.637 178.731 94
178.822 178.917 53
178.917 179.003 62
179.008 179.099 58
179.189 179.29 47
179.193 179.291 58
179.294 179.382 62
179.383 179.483 58
179.385 179.484 54
179.578 179.665 58
179.666 179.746 62
179.844 179.946 47
179.942 180.04 46
179.943 180.041 58
179.946 180.041 55
180.131 180.278 63
181.066 181.58 75
181.237 181.58 59
181.579 181.832 70
181.836 181.934 58
181.837 181.934 53
181.934 182.024 62
182.025 182.115 58
182.211 182.302 58
182.497 182.587 62
182.588 182.675 53
182.591 182.676 58
182.679 182.763 62
182.764 182.959 58
182.865 182.96 47
182.955 183.05 46
182.959 183.053 58
182.96 183.054 55
183.117 183.288 54
183.145 183.292 63
183.74 183.897 72
184.058 184.6 75
184.059 184.538 66
184.215 184.6 62
184.537 184.684 60
184.985 185.291 74
185.133 185.291 84
185.207 185.291 81
185.442 185.749 72
185.594 186.0 62
185.75 185.942 63
185.944 186.085 46
186.228 186.687 93
186.606 186.687 84
186.683 187.222 96
186.753 187.142 93
187.061 187.331 87
187.141 187.331 99
187.142 187.331 90
187.142 187.331 93
187.222 187.331 96
187.457 187.624 87
187.611 187.925 100
187.691 187.846 87
187.768 188.087 101
187.846 188.006 87
187.925 188.251 100
187.925 188.251 80
188.168 188.332 87
188.251 188.64 100
188.251 188.64 80
188.332 188.493 87
188.412 188.576 101
188.576 189.983 101
188.577 189.013 86
188.86 189.017 90
189.013 189.171 86
189.017 189.787 90
189.096 189.712 89
189.171 189.637 86
189.252 189.556 82
189.255 189.402 77
189.328 189.479 78
189.402 189.555 77
189.404 189.983 70
189.482 189.983 74
189.555 189.983 77
189.556 189.71 82
189.637 189.787 86
189.637 189.983 78
189.71 189.942 82
189.787 189.983 90
189.787 189.983 86
189.87 189.983 89
189.942 190.091 82
190.322 191.25 82
190.322 190.479 77
190.403 191.169 78
190.479 191.093 77
190.558 191.018 74
190.56 190.711 66
190.635 190.785 65
190.635 190.943 70
190.71 190.861 62
190.787 191.354 58
190.862 191.015 66
191.015 191.354 66
191.018 191.17 74
191.095 191.333 70
191.169 191.354 78
191.17 191.354 74
191.25 191.354 77
191.702 191.86 62
191.703 192.168 66
191.785 191.94 58
191.786 192.093 65
191.86 192.016 62
191.939 194.529 53
191.94 192.09 58
192.017 194.529 54
192.09 194.529 58
192.167 194.529 62
192.244 194.529 65
192.324 194.529 66
192.398 194.529 70
192.401 192.556 77
192.474 194.529 74
192.556 194.529 77
192.632 194.529 78
192.713 193.183 82
192.713 192.87 89
192.787 193.102 86
192.868 193.027 94
192.944 193.101 90
193.027 193.34 94
193.028 193.183 89
193.262 193.423 90
193.339 193.498 89
193.498 193.661 89
193.577 193.734 90
193.658 193.972 94
193.734 193.897 90
193.896 194.211 98
193.897 194.053 90
193.972 194.292 94
193.973 194.128 89
194.053 194.211 90
194.128 194.291 89
194.211 194.368 90
194.291 194.449 89
194.368 194.529 90
194.449 194.529 89
194.45 194.529 82
194.529 194.847 65
194.725 194.847 101
195.425 195.562 62
