2.54198 2.78997 45
5.43295 6.37395 76
8.01994 8.25994 62
8.25794 8.71594 59
8.48493 8.72593 62
8.95292 9.19493 62
9.66391 10.1199 57
11.0499 11.5149 54
13.8499 14.3329 57
24.0729 24.6139 69
24.6129 25.1479 64
28.2519 28.4979 45
33.7309 33.9689 62
33.9679 34.4269 59
34.1949 34.4309 62
34.6609 34.9059 62
35.3749 35.8308 57
36.7618 37.2238 54
39.5538 40.0438 57
45.1548 45.6198 54
49.7817 50.3247 69
50.3237 50.8587 64
59.4767 59.9417 64
67.4916 68.1916 76
70.4737 70.9527 61
70.9467 71.1976 45
73.8377 74.7827 76
76.4267 76.6606 62
76.6577 77.1166 59
76.8857 77.1196 62
77.3546 77.5956 62
79.4626 79.9276 57
80.3966 80.8576 57
80.3996 80.8616 62
82.1706 82.3096 78
83.2826 83.7466 76
91.6035 92.1036 59
91.8406 92.1036 76
92.0336 92.1036 81
92.0965 93.1365 52
92.6245 93.1365 62
93.1355 93.6755 57
102.306 102.767 64
110.321 111.021 76
119.249 119.484 62
119.484 119.939 59
119.707 119.949 62
120.17 120.418 62
120.88 121.338 57
122.287 122.749 57
123.221 123.687 57
123.222 123.688 62
124.994 125.132 78
134.411 134.925 59
134.853 134.925 81
134.919 136.001 52
135.458 136.001 62
136.0 136.536 57
139.234 141.334 38
143.859 144.39 38
144.379 144.88 62
144.632 144.891 76
145.136 145.387 79
145.387 145.891 81
146.402 146.924 85
156.578 156.83 85
157.078 157.33 85
157.585 158.089 88
158.082 158.589 85
159.086 159.59 81
159.584 160.084 59
160.078 160.584 62
160.078 160.584 52
160.579 161.078 57
161.078 161.585 59
162.104 162.604 57
168.275 168.795 38
169.041 169.299 76
169.548 169.798 79
170.812 171.334 85
180.987 181.242 85
181.494 181.739 85
182.491 182.998 85
183.496 183.999 81
183.996 184.497 59
184.493 184.994 62
184.497 184.994 52
184.994 185.494 57
185.487 185.998 59
186.513 187.013 57
193.86 194.087 42
195.672 196.117 64
196.914 197.146 42
197.174 197.651 76
197.702 198.728 76
218.29 220.386 38
223.421 223.922 71
223.672 223.928 69
226.96 227.471 64
230.005 230.505 64
231.502 232.003 62
235.012 235.534 62
235.783 236.031 85
236.281 236.528 83
236.532 237.036 81
237.03 237.536 79
238.033 238.54 74
239.027 239.531 45
240.026 240.535 43
240.528 241.054 45
245.184 245.696 64
246.681 247.189 64
248.201 248.422 79
248.447 248.678 42
250.262 250.71 76
251.498 251.736 42
251.757 252.24 64
252.293 253.314 76
252.803 253.657 71
277.493 278.014 69
278.005 278.508 71
278.255 278.514 69
279.012 279.519 64
281.546 282.054 64
284.591 285.096 64
286.093 286.593 62
289.598 290.116 62
290.372 290.613 85
291.122 291.621 81
291.621 292.12 79
292.119 292.626 76
292.623 293.129 74
293.617 294.123 45
294.615 295.124 43
295.117 295.65 45
302.398 303.339 76
304.992 305.226 62
305.226 305.682 59
305.453 305.692 62
305.919 306.16 62
306.629 307.088 57
308.018 308.481 54
310.815 311.305 57
316.418 316.884 54
321.039 321.582 69
321.578 322.121 64
330.726 331.192 64
332.137 332.603 64
338.742 339.442 76
345.077 346.019 76
347.661 347.895 62
347.891 348.349 59
348.119 348.353 62
348.581 348.829 62
349.292 349.75 57
350.696 351.158 57
351.63 352.095 57
351.63 352.095 62
353.407 353.543 78
362.822 363.337 59
363.331 364.416 52
364.415 365.031 57
