0.524989 1.70098 37
1.70598 2.33496 37
2.33897 4.03197 37
5.29995 5.93096 61
9.50692 10.6679 60
9.50892 10.6689 44
10.6679 11.2769 48
11.2739 12.4429 44
11.2749 12.4419 37
14.3509 14.8549 44
14.6589 14.8549 37
14.8539 15.9479 34
16.5309 17.7518 46
16.6559 17.7518 51
16.7929 17.6158 54
19.3338 19.8948 70
20.9718 21.3778 87
21.5468 21.6758 84
31.2977 31.9157 77
31.2977 31.9157 61
34.2967 34.6537 60
37.2297 37.8187 73
38.9977 40.7266 32
39.5787 40.1566 60
40.1566 41.3046 60
40.7266 41.7546 32
41.8886 42.1856 60
45.3676 45.9876 77
47.1736 48.3996 60
51.3385 51.9195 73
57.7995 57.9565 92
58.0965 58.2505 80
58.5725 58.6815 80
58.7165 58.8625 80
59.2865 59.4305 80
59.5805 59.7275 92
59.7275 59.8365 80
59.8635 60.0115 80
61.1975 61.2995 92
61.3345 61.4845 92
63.8364 63.9764 82
63.9104 64.0424 80
64.1094 64.2494 82
64.3134 64.4554 80
64.3754 64.5264 82
64.5264 64.6794 82
64.6794 64.8485 82
64.8485 65.0015 82
64.9325 65.0855 80
65.2475 65.4045 80
65.3175 65.4925 82
65.4045 65.5625 80
65.4925 65.6365 82
65.5625 65.7085 80
65.6365 65.7685 82
65.7085 65.8385 80
65.8385 65.9745 80
65.8985 66.0375 82
66.1085 66.2445 80
66.1715 66.3145 82
66.2445 66.3845 80
66.3145 66.4475 82
66.4475 66.6025 82
66.5175 66.6675 80
66.7525 66.8925 82
66.8925 67.0425 82
66.9595 67.1235 80
67.0425 67.1585 82
67.1245 67.2835 80
67.2285 67.3605 82
67.2835 67.4275 80
67.4975 67.6265 82
67.5645 67.6965 80
67.6265 67.7605 82
67.7605 67.9116 82
67.9695 68.1135 80
68.0435 68.1975 82
68.1135 68.2745 80
68.1975 68.3585 82
68.2745 68.4495 80
68.8526 69.0026 82
68.9326 69.0725 80
69.0026 69.1496 82
69.1496 69.2756 82
69.2126 69.3526 80
69.4226 69.5486 82
69.4786 69.6116 80
69.5486 69.6886 82
69.6116 69.7516 80
69.6886 69.8186 82
69.9436 70.0846 82
70.0146 70.1546 80
70.1546 70.3046 80
70.2236 70.3676 82
70.3046 70.3956 80
70.3686 70.4626 82
70.5016 70.5876 82
70.5716 70.6616 80
73.0036 73.1496 92
77.5425 77.6585 92
77.6995 77.7875 82
77.7635 77.8505 80
77.8965 77.9835 80
78.0955 78.1795 82
78.1515 78.2395 80
78.5575 78.6555 80
78.6975 78.8025 80
79.0755 79.1805 82
79.3065 80.2315 60
79.5695 79.6525 80
79.8215 79.9126 80
79.8885 79.9756 82
80.0206 80.1155 82
80.1535 80.2485 82
80.2345 80.3285 80
80.3815 80.4865 80
80.6825 80.7875 80
80.7595 80.8576 82
80.8406 80.9346 80
80.9825 81.0536 80
81.1936 81.3406 82
98.0185 98.7745 48
98.7775 102.137 60
107.556 108.175 61
109.988 111.167 75
114.731 115.129 73
118.91 119.83 73
120.687 121.842 61
126.026 126.949 73
127.804 128.941 61
128.945 129.556 61
132.504 133.13 75
134.944 136.91 73
138.621 139.556 73
144.085 145.247 60
144.088 145.248 44
146.469 147.093 44
146.472 147.095 37
147.709 148.943 37
149.563 151.359 37
151.359 152.933 37
153.15 154.935 37
154.935 155.226 37
158.505 160.108 32
160.287 162.075 37
162.075 163.678 37
163.857 165.652 30
164.151 164.739 61
164.151 164.738 70
164.738 165.33 70
166.534 167.118 70
167.434 169.222 37
167.725 168.317 61
169.222 170.734 37
171.291 171.886 70
174.259 174.591 70
174.578 176.362 37
176.362 177.885 37
178.435 179.026 72
179.026 179.612 72
179.612 179.957 72
179.929 181.722 44
180.224 180.814 72
180.814 181.4 72
181.4 181.722 72
181.718 183.52 37
183.52 183.818 37
185.336 187.136 37
186.218 186.81 61
186.81 187.136 61
188.032 188.627 60
188.627 188.948 60
188.627 188.948 56
188.948 190.863 37
192.714 194.465 46
192.715 194.503 34
194.465 195.077 46
195.018 195.605 48
196.139 196.421 53
197.805 199.158 29
199.536 201.233 34
199.537 201.233 46
201.805 202.392 48
202.931 203.207 53
204.591 204.874 53
208.038 208.597 37
208.595 209.138 48
208.595 209.14 36
209.145 209.715 46
209.147 209.715 34
211.436 211.986 36
211.993 212.608 37
213.149 213.421 53
215.146 216.294 54
216.585 216.865 53
220.4 221.544 53
221.258 221.838 58
221.838 222.377 46
222.389 222.906 48
223.515 223.791 53
225.178 226.911 29
226.617 226.911 53
226.833 226.911 61
228.629 229.139 46
229.175 229.7 48
230.303 231.961 39
231.961 233.7 39
235.397 236.486 72
238.765 239.854 73
242.132 243.899 39
243.899 245.347 56
249.033 250.122 72
252.401 253.49 73
255.768 257.505 39
258.357 259.873 72
271.329 272.085 48
272.088 275.599 60
276.288 279.894 37
277.171 278.959 61
279.894 283.489 37
280.775 282.558 61
283.488 284.517 75
285.578 286.76 56
287.089 290.688 37
289.655 290.688 85
294.222 294.286 65
294.285 296.096 37
296.096 297.884 37
297.82 297.884 66
297.884 299.689 42
301.481 303.293 37
303.293 305.083 37
303.57 304.757 56
306.857 308.142 73
307.175 308.355 56
307.266 308.688 89
307.459 308.688 85
308.684 309.71 73
308.688 308.823 37
310.491 312.286 37
312.222 312.286 65
312.283 314.213 73
312.286 314.213 37
314.151 314.301 32
316.02 316.055 80
316.052 317.839 37
317.808 317.839 60
317.832 317.86 66
320.003 320.315 56
320.923 321.875 80
323.58 325.438 32
324.189 324.799 60
325.407 327.246 72
326.639 327.246 60
327.245 329.026 37
329.026 330.829 49
329.026 330.829 37
330.796 330.829 72
330.828 332.596 44
332.568 334.063 72
334.374 336.117 37
336.125 337.811 37
337.933 339.743 37
339.716 340.93 73
339.743 341.353 37
341.543 343.359 37
343.359 345.158 37
345.126 345.162 72
345.734 346.88 60
346.879 348.591 25
346.879 348.591 37
347.447 348.591 56
354.461 355.92 89
354.461 354.758 80
354.755 355.92 85
355.988 357.159 61
357.164 357.786 61
358.112 358.401 80
358.402 359.539 85
363.534 363.816 41
363.534 363.82 37
363.82 364.114 44
363.82 373.703 37
364.114 364.405 44
364.702 364.996 56
365.583 365.877 56
365.877 366.172 56
365.882 366.171 61
366.169 366.467 65
366.171 366.466 61
366.172 367.054 56
366.466 366.763 68
366.467 366.763 65
366.763 367.054 65
367.05 367.348 61
367.054 367.349 65
367.349 367.656 65
367.657 367.96 73
367.96 368.265 73
368.266 368.573 80
368.569 369.517 85
368.874 369.195 73
369.192 369.518 80
374.264 375.528 61
376.228 377.239 29
377.614 378.503 29
378.507 383.878 25
378.51 383.878 37
