0.923981 1.72999 65
1.33098 2.156 62
1.72999 2.156 65
2.91698 3.76299 62
3.31899 3.76299 65
3.74898 5.39001 57
4.14499 4.954 65
4.54501 5.404 60
4.954 5.404 65
5.39001 7.04599 57
5.789 6.58799 65
6.18899 7.04599 60
9.41299 10.259 55
14.726 15.152 59
15.551 16.811 60
18.027 18.442 57
19.64 20.0879 62
22.1559 22.9789 65
22.5659 23.437 62
23.826 24.651 62
24.651 25.0819 62
25.0649 26.7349 57
29.9999 31.6409 56
30.4059 31.2109 65
30.8089 31.6549 60
31.6409 33.2959 56
32.0509 32.8459 65
35.7099 36.5609 54
42.2919 43.1308 55
43.5268 43.9538 56
44.3388 45.1438 56
45.1378 45.9278 55
46.7578 47.1528 56
47.5588 47.9788 56
48.7608 49.6268 55
49.6138 51.2558 57
52.0638 52.8998 55
52.8998 54.5408 52
54.5408 55.3668 52
59.4767 61.1187 52
61.1187 61.9367 52
64.8167 65.2166 76
69.3006 71.3306 62
69.3046 70.9396 60
69.3056 70.9396 57
74.9686 75.7946 64
75.7946 76.6226 64
77.4426 78.2575 57
78.2506 79.0875 55
79.0866 80.7275 52
80.7275 81.5475 52
84.8205 85.6575 55
85.6575 87.2975 52
87.2975 88.1245 52
91.0014 91.4024 76
95.5304 97.1694 60
95.5334 97.1694 57
103.528 103.695 76
103.608 103.695 77
108.616 109.439 62
115.225 115.396 69
115.312 115.484 67
115.396 115.575 69
115.742 115.91 69
115.91 116.071 69
115.952 117.426 52
116.386 116.543 69
116.621 116.772 67
116.698 116.856 69
116.705 118.304 48
116.932 117.069 67
117.009 117.157 69
117.157 117.338 69
119.754 119.844 77
120.643 121.538 60
121.458 123.078 57
122.984 123.078 77
125.937 126.386 62
126.368 127.243 60
132.416 132.829 65
132.816 133.642 62
133.218 133.642 65
134.023 134.411 65
134.406 135.252 62
134.801 135.252 65
135.633 136.439 65
136.035 136.886 60
136.439 136.886 65
137.271 138.079 65
137.673 138.537 60
138.079 138.537 65
140.897 141.748 55
145.406 146.634 55
147.033 148.296 60
149.518 149.931 57
151.131 151.548 62
153.994 154.862 62
155.25 156.076 62
156.076 156.507 62
173.336 174.137 58
180.262 181.193 64
183.23 183.643 65
183.626 184.466 63
183.629 184.465 60
184.018 184.466 65
186.919 187.78 60
186.919 187.78 63
187.311 187.78 65
189.824 190.236 65
190.22 191.06 63
190.222 191.059 60
190.616 191.06 65
191.059 192.699 57
193.507 194.357 60
193.902 194.357 65
198.428 198.781 75
199.663 200.086 74
200.068 200.432 72
200.927 202.554 65
202.548 203.152 75
202.55 202.95 72
204.167 205.004 62
206.667 207.482 69
207.485 208.301 58
207.891 208.295 65
208.295 208.486 65
208.689 209.137 65
209.123 209.942 62
209.526 209.942 65
209.93 210.765 60
210.32 210.769 65
210.768 212.407 57
211.179 211.577 65
213.218 214.065 60
216.102 216.516 65
216.502 217.346 63
216.502 217.345 60
216.901 217.346 65
217.345 218.938 57
219.329 219.743 65
219.725 220.579 63
219.725 220.579 60
220.124 220.579 65
220.568 221.432 58
226.085 226.487 74
227.166 228.798 74
227.169 228.798 71
228.794 229.395 75
228.794 229.193 72
234.849 234.947 70
235.268 235.353 70
246.829 246.867 74
246.864 247.045 72
247.381 247.545 72
247.865 248.018 72
248.043 248.792 63
248.095 248.253 74
248.253 248.407 74
248.407 248.564 74
248.49 248.645 72
248.97 249.146 72
249.146 249.331 72
249.519 249.803 72
251.48 251.571 70
251.557 252.389 67
253.191 254.805 62
254.644 254.805 69
254.714 254.805 70
256.82 257.244 62
257.647 258.084 60
258.074 258.494 62
258.938 259.404 63
259.405 259.995 60
259.995 262.098 60
259.999 262.068 65
262.064 265.747 62
262.068 265.747 65
