3.22808 3.33009 48
3.41707 4.63109 48
3.77409 4.63109 60
4.8391 6.07715 96
4.92609 6.07715 93
6.43815 6.61616 59
6.61616 7.57518 59
6.88317 7.57518 30
7.25417 7.62818 28
7.53418 7.62917 93
7.62917 8.96121 98
7.63117 9.0692 26
7.71618 8.96121 93
8.9792 9.07319 48
9.1572 10.4313 48
9.50822 10.4313 60
11.6843 11.7723 53
11.9583 14.5504 48
12.3083 14.2054 60
14.5554 14.6534 48
14.7364 15.9544 48
17.3525 17.4435 48
17.5295 18.7375 48
17.8805 18.7375 60
19.9796 20.1546 59
20.6906 21.5967 62
22.9377 23.0327 48
23.1197 24.3407 52
23.2077 24.3407 60
24.4247 25.7688 101
24.5058 25.7688 98
25.8428 27.2189 32
26.0138 27.1339 59
26.3548 27.1339 71
26.5288 27.1339 76
26.6168 27.1339 74
27.2219 28.5829 100
28.3529 28.5829 60
28.5239 28.6159 48
28.6989 29.945 48
29.0489 29.945 60
29.3989 29.945 72
29.837 29.945 93
30.099 31.331 95
30.187 31.331 93
31.149 31.331 59
31.331 31.426 47
31.426 34.2221 28
31.509 32.763 47
32.735 32.8221 95
32.9101 34.1971 95
34.1351 34.2231 47
34.2231 35.6011 33
34.2251 35.6051 45
34.6561 35.5481 64
34.8251 35.5481 73
35.6081 36.9932 38
35.6891 36.9662 84
36.9972 39.7593 31
37.6002 38.2992 72
39.8473 41.1423 48
41.2263 42.4584 94
42.4404 42.5284 48
42.6154 43.8504 48
42.9624 43.8504 60
43.0534 43.8504 63
44.8734 45.2154 59
45.2234 45.3104 47
45.3944 46.6445 46
48.1145 48.1945 45
48.1945 50.7856 45
49.5776 50.7916 93
50.7856 50.8826 45
50.9666 52.1987 45
52.2767 53.5807 96
53.2357 53.5807 55
53.5887 53.6827 43
53.8547 54.9738 48
55.1528 56.3958 88
55.2408 56.3958 84
55.5038 56.3958 76
56.3758 56.4628 41
56.5458 57.7429 41
57.9429 58.4849 86
58.6389 59.1609 72
59.3389 59.896 84
60.0329 60.592 71
60.648 61.271 88
60.648 61.342 24
60.7329 61.271 83
61.348 62.037 29
61.517 61.986 76
64.831 67.2561 28
64.919 66.8921 47
65.2621 66.8921 59
67.2641 67.6161 26
67.3451 67.4381 59
67.6211 70.3542 24
67.8732 68.0472 60
68.0472 69.9582 60
68.9932 70.3542 100
69.4302 70.3542 84
70.1372 70.3542 60
70.3192 70.4212 48
70.5072 71.7433 48
70.6832 70.8582 60
70.8582 71.7433 60
71.2122 71.7433 72
71.9323 73.2033 96
72.0203 73.2033 93
72.2803 73.2033 84
73.7003 74.6563 59
74.3443 74.6563 86
74.3443 74.7143 28
74.7223 76.0904 98
74.7223 76.1644 26
74.8073 76.0904 93
75.0763 76.0904 86
76.0674 76.1654 48
76.2524 77.4904 48
78.7755 78.9145 53
79.0495 81.6456 48
81.6456 81.7406 48
81.8266 83.0356 48
82.1706 83.0356 60
84.1797 84.5397 32
84.3547 84.4877 54
84.4487 84.5437 48
84.6277 85.8487 48
84.8027 84.9737 60
87.0788 87.2708 59
87.3548 88.7448 42
87.4378 88.6728 48
87.7808 88.6728 60
88.8248 89.3629 96
89.8709 90.0669 59
90.2178 92.8149 47
90.3929 90.5639 59
91.5999 92.8459 95
92.8149 92.9059 47
93.161 94.203 60
94.106 94.203 93
94.282 95.577 101
94.369 95.577 95
95.748 96.9691 48
96.441 96.9691 72
98.5371 99.7551 48
99.8331 100.469 87
100.088 100.469 72
101.124 101.222 47
103.99 106.769 31
106.77 109.573 24
107.204 109.125 55
108.163 110.818 96
109.307 110.818 55
109.573 111.001 24
