0.551986 2.029 50
0.673986 1.868 62
1.868 2.878 62
2.988 4.16101 62
4.16101 5.32601 62
12.901 13.87 50
21.8189 22.9209 62
36.8588 37.9258 74
45.2868 46.3918 62
48.5017 49.5837 62
48.5027 49.5877 47
60.6277 63.6777 43
67.5147 67.8127 67
70.2557 70.5387 61
74.0257 74.1787 62
76.7827 77.0806 69
76.7836 77.0836 71
81.2836 81.7386 45
81.4346 81.7386 62
81.8646 82.1486 62
83.7516 84.0416 74
83.8916 84.0486 55
86.0545 86.3515 62
86.4855 86.7715 62
88.3605 88.6525 74
98.5276 98.8396 66
99.1346 100.048 71
100.938 101.255 66
101.547 102.463 71
103.376 103.688 66
103.838 104.324 42
104.78 104.938 61
106.715 107.013 62
114.117 114.272 62
114.118 114.275 67
116.204 116.666 50
116.505 116.666 62
119.82 120.173 62
126.698 127.779 62
131.773 132.15 52
142.129 143.224 62
157.174 158.234 74
165.596 166.694 62
168.812 169.893 62
168.815 169.897 47
177.587 178.71 52
177.59 178.71 55
182.165 185.34 43
183.659 188.71 55
185.34 187.026 43
187.026 192.066 43
