0.668984 1.74696 39
0.67298 1.74696 27
1.73397 1.86997 32
3.87597 4.00097 82
3.87897 4.00198 75
4.90798 5.97798 39
4.90898 5.97798 27
5.83298 5.97798 31
5.97198 6.10198 46
7.06398 8.19397 37
8.10297 8.23196 82
9.00296 10.192 26
9.14296 10.192 39
9.14296 10.192 27
10.186 10.546 36
10.542 10.9239 37
11.3199 12.457 39
12.3639 12.4859 87
12.3659 12.4889 72
13.27 14.4339 26
13.4019 14.4339 39
13.403 14.4339 27
14.4279 14.9669 48
14.431 14.9669 36
15.2479 15.5619 53
15.5519 16.7089 42
16.5979 16.7509 93
16.6009 16.7559 90
18.1099 18.1949 60
19.4579 19.5349 62
19.7119 19.7829 69
20.3959 20.4589 74
21.8268 21.8818 93
22.0168 22.0678 86
22.1948 22.2538 81
22.3798 22.4318 82
22.3828 22.4318 88
22.9468 22.9828 101
22.9498 22.9828 86
23.0688 23.1078 102
23.0728 23.1118 87
27.1748 27.6829 62
36.1349 37.6189 46
37.6209 39.1379 46
39.143 39.894 47
39.1439 40.643 34
49.7439 50.4399 39
54.2209 54.2899 65
54.3599 54.9059 65
54.3629 54.9059 39
54.8919 55.0319 53
56.0389 56.1158 62
56.6239 57.2368 39
59.0278 59.6858 39
61.2548 61.3448 70
61.3008 61.4118 72
61.3448 61.4748 70
61.6018 61.7308 70
61.6678 61.7938 72
61.7308 61.8538 70
61.7938 61.9238 72
61.9238 62.0318 72
61.9828 62.5388 63
62.0318 62.1298 72
62.0838 62.1858 70
62.2378 62.5388 72
62.3568 62.5388 69
62.4198 62.5388 70
63.5018 63.5678 65
63.6448 64.2048 39
64.1728 64.3148 53
73.2527 74.0997 81
73.4097 74.0997 84
73.4867 73.9877 82
73.5677 73.8967 75
73.6487 73.8167 70
75.1317 75.3417 69
75.1987 75.3417 65
75.2017 75.3417 68
75.2027 75.3417 39
75.6617 75.7837 53
75.7267 75.8457 77
75.7307 75.8497 80
75.7307 75.7867 62
76.6897 76.8267 53
76.7577 76.8297 62
79.0796 79.2267 46
79.1577 79.3707 72
79.3467 79.7587 73
82.4537 83.0526 46
82.5167 82.8076 75
82.9546 83.0526 82
84.0356 84.3226 67
84.1756 84.3226 65
84.1756 84.3226 68
84.6416 84.7676 53
84.7086 84.8306 77
84.7096 84.8306 80
84.7116 84.7686 62
85.6716 85.8036 53
85.7376 85.8076 62
86.3526 87.0176 39
89.0516 89.1816 48
91.1406 91.3056 46
91.2076 91.3096 56
91.2466 91.3126 62
92.3386 92.8356 82
93.3006 93.4226 48
93.3606 93.4896 82
95.3686 95.5376 46
95.4036 95.5406 53
95.4386 95.5416 56
95.4776 95.5446 65
95.4786 95.5456 62
97.5156 97.6376 94
97.5746 97.6616 96
97.5746 97.6966 48
97.6376 97.7596 94
97.6386 97.7596 91
98.6636 98.7286 63
99.6426 99.8106 46
99.7516 99.8146 62
101.855 101.977 48
101.915 102.041 94
102.937 103.014 63
104.004 104.145 53
107.657 107.799 70
107.693 107.801 75
107.728 107.802 79
108.184 108.229 58
108.229 108.274 60
108.334 108.442 60
108.387 108.505 58
108.667 108.775 60
108.757 109.348 82
108.831 108.925 58
108.88 108.978 60
108.978 109.079 60
109.079 109.348 60
109.268 109.348 58
110.594 110.868 75
110.868 111.014 75
110.898 111.526 46
111.001 111.526 74
111.004 111.526 62
111.13 111.383 80
111.652 111.917 74
111.782 112.068 75
111.977 112.415 46
112.051 112.415 72
112.053 112.415 62
113.237 113.391 46
116.698 116.837 70
116.733 116.838 75
116.768 116.842 79
117.233 117.279 58
117.279 117.324 60
117.377 117.489 60
117.433 117.546 58
117.489 117.605 60
117.605 117.713 60
117.766 117.878 58
117.818 117.923 60
117.878 117.975 58
117.923 118.028 60
118.028 118.126 60
118.126 118.398 60
118.311 118.398 58
119.355 119.501 70
119.358 119.502 67
119.502 120.208 67
119.617 120.208 69
120.057 120.614 46
120.072 120.208 70
120.099 120.614 53
120.188 120.614 75
120.191 120.614 62
122.588 122.77 46
122.623 122.77 53
122.693 122.774 72
122.694 122.775 62
126.365 126.421 68
126.442 126.497 68
126.662 126.722 70
126.739 126.799 70
126.889 126.942 75
127.03 127.089 79
127.18 127.232 80
127.324 127.383 81
127.408 127.46 82
127.481 127.54 82
127.642 127.702 87
127.888 127.948 92
127.972 128.027 92
128.133 128.192 93
128.213 130.099 93
128.392 130.099 96
128.477 130.016 94
128.802 129.777 82
128.963 129.627 75
129.106 129.551 70
129.253 129.4 63
129.329 130.099 62
129.4 130.096 63
129.627 130.099 75
129.777 130.099 82
130.016 130.169 46
131.233 131.388 53
132.458 132.577 46
132.511 132.602 72
132.514 132.584 62
132.906 133.029 74
133.484 134.513 70
133.692 133.901 82
133.796 134.513 79
133.799 134.513 63
133.901 134.513 82
134.223 134.513 91
134.436 134.583 99
134.437 134.583 103
136.207 136.291 67
136.445 136.505 69
136.595 136.655 70
136.672 136.732 70
136.816 136.876 75
136.962 137.015 79
137.106 137.166 80
137.256 137.316 81
137.407 137.474 82
137.576 137.631 87
137.814 137.879 92
137.897 137.96 92
138.058 138.122 93
138.143 140.026 93
138.322 140.022 96
138.408 139.948 94
138.734 139.71 82
138.888 139.557 75
139.035 139.483 70
139.256 140.026 62
139.332 140.026 63
139.557 140.026 75
139.949 140.096 46
140.025 140.326 99
141.162 141.311 53
141.24 141.334 65
142.401 142.515 53
142.423 142.515 56
144.915 145.43 82
145.892 146.493 48
146.987 147.491 75
148.006 148.503 62
149.126 149.287 75
149.455 149.54 75
149.539 150.063 39
149.623 149.798 75
149.973 150.063 75
151.005 151.575 51
152.052 152.604 56
152.087 152.602 62
153.637 154.701 39
154.092 154.701 48
155.192 155.695 75
156.143 156.713 46
157.326 157.49 75
157.659 157.749 75
158.086 158.268 77
158.226 158.785 56
159.209 159.776 51
160.161 161.32 82
160.298 161.32 56
161.317 162.314 59
161.319 162.317 51
161.32 162.317 56
161.439 162.331 92
162.317 162.815 56
162.433 162.825 101
162.93 163.335 101
163.444 164.607 101
164.284 164.526 102
164.368 164.684 98
164.526 165.135 102
164.607 164.834 101
164.684 165.135 98
164.911 165.135 100
164.985 165.135 95
165.268 166.195 95
165.478 165.674 98
165.74 165.93 97
166.252 166.433 95
166.686 167.217 94
166.748 166.934 93
167.515 167.707 90
168.022 168.222 88
168.156 168.225 80
168.293 168.485 87
168.544 168.737 86
168.67 168.918 77
169.048 169.251 84
169.314 169.507 83
169.569 169.762 82
169.699 169.954 74
169.828 170.018 81
169.954 170.213 74
170.081 170.29 80
170.483 170.738 71
170.609 170.808 78
171.127 171.323 76
171.26 171.333 68
171.386 171.585 75
171.656 171.852 74
171.782 171.872 65
172.926 174.228 61
173.014 174.228 62
174.557 174.69 94
174.963 175.845 89
175.296 175.845 86
175.495 175.845 84
175.562 175.695 82
175.695 175.845 82
175.967 176.671 77
176.1 176.671 75
176.304 176.671 74
176.514 176.671 72
176.727 177.538 70
176.943 177.538 67
177.014 177.538 65
177.158 177.538 63
177.231 177.378 62
177.451 177.538 60
177.606 177.766 58
177.942 178.078 58
181.715 182.026 39
181.866 181.945 58
187.161 187.314 39
187.923 188.07 46
191.809 191.889 58
192.736 192.893 46
197.105 197.255 39
198.501 199.131 39
199.601 199.901 70
199.75 200.38 39
200.38 200.698 39
202.057 202.357 70
202.06 202.371 46
202.206 202.813 39
202.663 202.97 46
202.813 203.46 39
202.967 203.3 82
203.3 203.638 82
203.93 204.238 74
204.553 204.861 82
204.703 205.333 39
204.861 205.17 82
207.622 207.933 75
207.92 208.528 82
208.07 208.223 68
209.447 209.762 63
209.679 209.762 90
209.756 210.431 94
209.756 210.431 91
211.93 212.536 75
212.536 212.85 75
212.837 213.445 82
214.369 214.681 63
214.681 215.352 91
216.963 217.34 67
217.341 217.522 74
218.103 219.311 72
218.103 220.172 67
225.114 225.3 34
226.616 226.692 63
227.297 227.382 84
227.301 227.382 72
227.302 227.383 75
227.624 227.712 56
228.295 228.617 31
228.642 228.722 82
228.643 228.726 75
228.967 229.052 63
229.301 229.377 82
229.64 229.961 29
229.989 230.071 74
230.312 230.399 62
230.647 230.724 77
230.988 231.25 27
231.333 231.414 79
231.337 231.421 63
231.656 231.743 75
231.659 231.744 63
232.002 232.079 75
232.345 232.426 72
232.681 232.761 53
233.357 233.44 72
234.368 234.445 79
234.697 234.777 82
235.201 235.289 82
235.373 235.456 53
236.038 236.129 75
236.723 236.805 87
237.06 237.143 94
237.06 237.147 91
237.395 237.479 58
238.074 238.155 84
238.075 238.155 72
238.078 238.156 75
238.078 238.158 68
239.093 239.397 31
239.432 239.52 82
239.436 239.521 75
239.755 239.846 82
240.097 240.182 82
240.445 240.773 29
240.794 240.875 74
240.795 240.878 62
241.117 241.203 62
241.795 242.11 27
242.138 242.218 79
242.139 242.222 70
242.142 242.222 63
242.46 242.544 75
242.464 242.547 63
242.803 242.888 75
243.31 243.391 82
244.151 244.234 75
244.812 244.897 87
245.152 245.232 94
245.152 245.232 91
245.803 245.884 72
246.136 246.216 53
246.8 246.887 72
247.468 247.549 75
248.138 248.217 58
249.474 249.562 84
249.477 249.565 75
250.804 250.882 58
251.473 251.557 53
251.476 251.56 62
252.639 252.722 76
254.407 254.489 76
254.559 254.64 94
254.564 254.643 77
255.431 255.785 86
255.432 255.785 94
255.781 256.107 84
256.107 256.46 84
256.458 257.125 39
256.779 257.122 82
257.122 257.454 82
257.454 257.856 82
258.127 258.287 84
258.441 258.767 82
258.767 259.096 82
259.096 259.422 82
259.422 259.773 82
259.423 260.093 67
259.773 260.464 82
259.775 260.464 39
260.838 261.22 94
261.217 261.553 84
261.553 261.921 84
262.235 262.582 82
262.582 262.912 82
262.589 263.313 39
262.912 263.313 82
262.914 263.313 91
263.748 263.911 93
263.901 264.566 85
264.065 264.566 95
264.227 264.566 84
264.229 264.563 87
264.566 265.385 39
265.214 265.385 75
265.215 265.385 82
267.605 267.695 46
268.325 268.413 46
269.032 269.12 46
269.347 269.386 58
269.428 269.508 58
269.753 269.841 46
270.478 270.566 46
271.182 271.272 46
271.896 271.983 46
272.416 272.504 60
272.585 272.672 46
274.013 274.108 46
274.73 274.815 46
275.123 275.203 58
275.456 275.542 46
276.172 276.26 46
276.879 276.967 46
277.59 277.678 46
280.271 280.606 46
280.88 281.194 46
281.787 282.056 39
282.063 282.36 46
284.044 284.31 39
285.409 285.693 46
286.243 286.501 39
286.502 286.791 46
287.347 287.639 39
288.49 289.053 39
289.616 290.166 39
290.435 290.711 62
291.439 291.527 72
291.621 291.8 75
291.812 292.356 39
292.315 292.441 86
294.604 294.691 101
295.157 295.612 101
295.611 295.696 102
295.696 295.786 103
296.151 296.711 102
296.241 296.711 103
297.344 297.814 101
297.813 297.893 102
297.897 297.988 103
298.363 298.915 102
298.447 298.915 103
298.727 298.915 99
299.003 299.09 101
299.549 300.025 101
300.025 300.105 102
300.11 300.2 103
300.582 301.139 102
300.669 301.139 103
301.79 302.262 101
302.258 302.37 102
302.335 302.475 103
302.92 303.073 75
303.463 303.623 86
305.093 305.269 72
305.349 305.513 74
305.429 305.594 72
305.67 305.825 74
305.825 305.976 74
305.902 306.052 72
306.129 306.277 74
306.203 306.357 72
306.43 307.588 72
306.504 306.661 74
306.661 307.588 74
306.735 307.588 75
307.039 307.588 79
307.26 307.588 83
307.63 308.754 87
308.509 308.754 99
310.0 310.452 79
310.294 310.535 75
312.646 312.888 75
313.833 314.102 67
314.26 317.816 72
315.173 315.307 77
315.377 315.509 79
315.446 315.576 77
315.856 316.28 77
315.926 317.504 79
322.841 322.922 79
323.167 323.248 82
328.018 328.1 75
330.713 330.794 79
331.035 331.116 82
336.646 336.727 82
337.465 337.549 75
338.755 338.836 96
339.249 339.332 82
340.691 340.772 87
341.78 341.864 82
343.099 343.257 65
343.579 343.736 74
343.74 343.896 87
343.743 343.901 75
343.907 344.059 48
344.383 344.534 45
344.688 344.838 79
345.0 345.153 79
345.157 345.311 92
345.16 345.312 40
345.161 345.314 52
345.622 346.081 81
345.623 346.081 93
345.773 346.074 82
345.774 346.081 36
346.231 346.747 95
346.393 346.747 84
346.396 346.747 96
346.554 346.747 85
346.743 347.097 98
346.744 347.099 86
346.746 347.1 94
347.1 347.466 94
347.43 347.754 84
347.754 348.083 84
348.391 348.72 82
348.392 348.72 91
348.871 349.412 81
348.875 349.412 93
349.032 349.412 82
349.515 349.994 91
350.144 350.621 80
350.621 351.258 39
350.925 351.258 82
351.258 351.905 82
351.258 351.905 39
351.899 352.245 98
351.902 352.248 94
352.248 352.595 86
352.248 352.595 94
352.934 353.281 84
353.278 353.922 39
353.589 353.921 82
353.921 354.226 82
353.922 354.624 39
354.226 354.624 82
355.065 355.236 93
355.231 355.864 85
355.385 355.864 83
355.545 355.864 84
355.545 355.859 87
355.859 355.934 87
355.86 356.997 39
356.175 356.84 75
356.179 356.84 79
361.726 361.87 63
362.318 362.913 46
362.913 363.204 46
363.203 363.273 39
364.401 364.547 39
365.296 365.374 79
365.296 365.446 47
365.94 366.522 75
366.522 366.679 75
366.525 366.68 46
367.165 367.757 48
367.747 367.893 63
367.75 367.894 51
367.75 367.894 44
368.376 368.958 75
368.383 368.961 46
368.922 368.974 86
368.96 369.118 87
368.961 369.119 46
370.179 370.33 63
370.179 370.332 51
370.182 370.332 44
370.49 370.582 39
371.471 371.625 63
371.471 371.627 44
371.471 371.627 32
371.784 371.877 39
372.146 372.771 36
372.758 372.931 63
372.758 372.933 44
372.759 372.934 32
373.108 373.801 39
373.791 374.463 36
375.114 375.712 59
375.117 375.713 63
375.796 377.015 27
375.796 377.015 39
377.015 377.151 56
378.264 379.628 79
378.397 379.628 80
378.537 379.628 81
378.674 379.628 82
379.091 379.628 92
382.15 382.212 46
382.874 382.936 75
383.395 383.456 46
383.566 383.63 44
383.741 383.812 46
383.92 383.99 39
384.109 384.512 39
385.226 385.768 75
385.226 385.772 59
388.117 388.659 59
388.656 388.718 75
388.659 388.722 59
389.53 389.572 56
389.53 389.597 59
390.798 390.864 46
391.529 391.588 75
391.873 392.044 47
392.041 392.106 46
392.39 392.46 46
392.576 392.646 75
392.576 392.646 39
392.761 393.171 63
393.538 393.604 61
393.881 394.427 59
394.423 394.49 75
394.427 394.494 59
396.426 396.489 61
396.756 397.305 59
397.304 397.37 75
397.305 397.371 59
398.21 398.28 59
398.4 398.473 59
399.723 400.128 39
400.669 400.758 51
401.412 401.595 51
402.138 402.228 51
403.416 403.783 75
403.597 403.789 59
403.783 403.861 75
403.783 403.863 42
404.31 404.405 63
405.039 405.234 46
405.39 405.481 46
405.76 405.848 46
406.118 406.212 46
406.488 406.575 39
408.151 408.239 82
409.621 409.701 82
410.901 411.091 63
412.365 412.446 75
413.074 413.265 46
413.262 413.338 75
413.429 413.527 82
415.476 415.558 75
415.476 415.56 82
415.477 415.56 37
415.643 415.735 70
415.644 415.739 75
415.647 415.739 82
415.648 415.742 39
416.022 416.211 37
416.204 416.292 75
416.208 416.295 87
416.383 416.477 75
416.383 416.477 87
416.925 417.303 32
417.678 417.761 75
417.681 417.765 70
417.682 417.765 82
418.049 418.137 75
418.405 418.493 70
418.406 418.497 73
419.737 419.978 73
419.855 420.089 66
419.978 420.089 73
420.184 420.401 73
420.738 420.967 68
421.174 421.444 68
421.63 421.853 66
421.846 422.269 80
422.158 422.269 73
422.263 423.184 71
422.267 422.725 64
422.491 422.725 68
422.603 422.725 73
422.719 423.184 59
422.935 423.184 68
423.183 423.624 37
423.494 423.624 64
423.618 424.154 35
423.621 424.154 47
423.835 424.154 59
423.958 424.153 63
424.266 424.5 73
425.021 425.917 71
425.024 425.482 64
425.248 425.482 68
425.36 425.482 73
425.693 425.959 68
425.918 426.378 63
426.369 426.795 59
426.687 426.795 73
426.788 427.706 71
426.789 427.247 64
427.02 427.247 68
427.128 427.247 73
427.457 427.706 68
427.705 428.136 37
428.135 428.689 35
428.136 428.689 47
428.241 428.689 54
428.242 428.689 42
428.357 428.689 59
428.487 428.689 63
428.688 429.557 71
428.804 429.039 73
429.137 429.564 77
429.557 430.01 71
429.558 430.015 64
429.669 429.9 73
429.784 430.015 68
430.012 430.457 62
430.117 430.338 73
430.769 430.888 64
430.887 431.44 35
430.887 431.44 47
430.992 431.44 54
430.995 431.44 42
431.107 431.44 59
431.238 431.44 63
431.436 431.6 80
431.437 431.656 62
431.546 431.656 73
431.759 431.867 73
431.969 432.08 71
432.024 432.08 77
432.311 432.55 65
432.428 432.55 71
432.539 432.78 68
432.771 432.998 66
432.88 432.998 76
432.997 433.239 70
433.113 433.239 76
433.554 433.68 64
433.673 434.226 35
433.894 434.226 59
434.024 434.226 63
434.224 435.094 71
434.226 434.677 62
434.338 434.577 73
434.577 434.691 73
434.675 435.101 77
434.677 435.101 62
434.775 434.986 73
435.094 435.547 71
435.095 435.552 64
435.206 435.433 73
435.318 435.552 68
435.549 435.991 62
435.655 435.875 73
435.766 435.991 66
436.305 436.421 66
436.526 436.977 54
436.526 436.977 42
436.642 436.977 59
436.771 436.977 63
437.079 437.19 73
437.18 437.348 78
437.293 437.408 73
437.397 437.561 77
437.508 437.621 71
437.561 437.621 77
437.837 438.079 73
437.838 438.079 65
437.954 438.079 71
438.07 438.307 68
438.18 438.307 71
438.296 438.531 66
438.412 438.531 76
438.525 438.79 70
439.183 439.329 66
439.767 440.067 63
440.372 440.529 59
440.515 440.95 92
440.519 440.95 69
440.736 440.95 90
440.946 441.403 83
441.17 441.403 75
441.391 441.879 76
442.287 442.707 92
442.287 442.707 69
443.932 444.055 66
443.935 444.055 64
444.159 444.593 54
444.16 444.593 42
444.267 444.593 59
444.398 444.593 63
444.593 445.051 81
445.045 445.475 92
445.045 445.475 69
445.149 445.475 66
445.475 445.932 83
445.919 446.408 76
446.815 447.23 92
446.816 447.23 69
447.455 447.686 75
448.461 448.585 64
448.579 449.127 47
448.687 449.127 54
448.687 449.127 42
448.796 449.127 59
448.926 449.127 63
449.572 449.996 89
449.848 449.996 59
449.989 450.443 80
450.287 450.443 68
450.731 450.885 66
451.194 451.316 64
451.316 451.809 47
451.421 451.809 54
451.421 451.809 42
451.537 451.809 59
451.659 451.809 63
451.806 451.963 92
452.013 452.18 90
452.088 452.236 59
452.517 452.677 59
453.129 453.362 54
454.004 454.151 66
454.273 454.728 54
454.277 454.728 42
454.525 454.728 66
454.526 454.728 63
455.029 455.179 59
455.172 455.609 89
455.46 455.609 59
455.918 456.075 68
456.36 456.517 66
456.836 456.969 64
456.968 457.469 47
457.08 457.469 54
457.081 457.469 42
457.196 457.469 59
457.322 457.469 63
457.767 458.198 59
458.197 458.357 76
458.263 458.357 74
458.334 459.1 73
458.57 458.896 85
458.651 461.676 68
458.802 459.513 97
459.001 459.313 85
459.1 459.214 73
459.214 459.911 73
459.411 459.708 85
459.61 460.324 97
459.708 459.807 85
459.807 460.122 85
460.023 461.701 73
460.122 460.223 85
460.223 460.521 85
460.423 460.724 97
460.521 460.625 85
460.625 460.937 85
460.724 460.838 97
460.838 461.137 97
460.937 461.039 85
461.039 461.339 85
461.137 461.241 97
461.241 461.553 97
461.339 461.451 85
461.451 461.701 85
461.7 461.858 98
461.777 462.572 100
462.005 462.572 95
462.219 462.572 90
462.288 462.572 88
462.428 462.572 85
462.495 462.572 83
462.935 463.493 86
463.083 463.493 90
463.401 463.493 97
463.489 463.639 98
463.563 464.354 100
463.79 464.354 95
463.86 464.354 93
464.0 464.354 90
464.07 464.354 88
464.21 464.354 85
464.276 464.354 83
464.651 465.27 85
464.72 465.27 86
464.864 465.27 90
465.183 465.27 97
465.267 465.418 98
465.34 466.145 100
465.568 466.145 95
465.778 466.145 90
465.851 466.145 88
465.991 466.145 85
466.062 466.145 83
466.502 467.044 86
467.149 467.29 100
467.43 468.729 98
467.507 468.729 97
467.573 468.729 96
467.647 468.081 95
467.714 468.004 94
467.86 468.287 92
468.004 468.151 94
468.081 468.729 95
468.217 468.729 93
469.004 469.592 88
469.365 469.592 83
469.435 469.592 82
469.579 470.006 80
469.723 469.862 82
469.862 470.437 82
470.293 470.437 76
471.164 471.335 70
471.966 472.078 64
477.027 477.09 55
477.384 477.454 59
477.975 478.252 75
477.979 478.255 82
478.157 478.227 52
478.514 478.577 75
478.518 478.581 82
479.221 479.281 59
479.39 479.453 76
479.39 479.453 85
479.557 479.62 82
480.076 480.139 75
480.079 480.139 39
480.429 480.493 46
480.794 481.065 75
481.164 481.227 61
481.332 481.394 63
481.507 481.563 59
482.214 482.567 74
482.575 482.638 53
483.092 483.155 53
483.446 483.509 39
483.625 483.974 88
484.163 484.227 84
484.163 484.227 88
484.332 484.663 33
485.042 485.378 72
485.043 485.378 76
485.045 485.378 36
485.217 485.378 48
485.402 485.465 72
485.403 485.466 76
485.573 485.634 72
485.574 485.636 76
486.46 486.813 84
486.46 486.816 88
486.813 486.876 84
486.816 486.876 88
486.818 486.88 47
486.989 487.054 88
486.991 487.054 59
487.16 487.874 88
487.338 487.519 45
487.869 488.227 72
487.87 487.933 36
488.227 488.294 72
488.23 488.294 76
488.399 488.468 72
488.4 488.469 76
488.402 488.472 50
489.302 489.669 85
489.305 489.669 93
489.479 489.679 45
489.669 489.731 85
489.669 489.732 93
489.843 489.907 85
489.844 489.91 93
489.848 489.911 44
490.02 490.747 93
490.38 490.747 28
490.558 490.747 52
490.559 490.747 40
490.74 491.1 73
491.104 491.174 85
491.104 491.175 35
491.107 491.177 47
491.453 492.182 85
491.461 492.189 37
492.185 492.553 93
492.36 492.56 45
492.553 492.62 93
492.728 492.794 93
492.732 492.795 44
492.903 493.649 88
492.904 493.649 93
493.088 493.275 54
493.089 493.275 42
493.274 493.649 28
493.459 493.649 52
493.46 493.649 40
493.644 494.033 73
493.837 494.043 45
494.036 494.107 35
494.037 494.107 47
494.401 495.181 85
494.405 495.09 37
495.192 495.577 30
495.192 495.574 34
495.193 495.574 37
495.196 495.577 42
495.573 495.948 29
495.574 495.947 34
495.574 495.948 37
495.945 496.326 27
495.945 496.323 30
495.947 496.323 34
495.948 496.326 39
496.319 496.708 58
496.323 496.715 25
496.323 496.712 30
496.323 496.712 34
496.325 496.714 37
496.712 496.89 30
496.712 496.89 34
496.714 496.89 37
496.89 497.085 30
496.89 497.085 34
496.89 497.069 37
497.064 497.456 61
497.068 497.461 32
497.069 497.46 37
497.46 497.831 37
497.46 497.831 42
498.206 498.584 30
498.206 498.58 34
498.209 498.58 37
498.209 498.584 42
498.58 498.951 29
498.58 498.948 34
498.58 498.951 37
498.945 499.309 27
498.947 499.308 30
498.948 499.308 34
498.948 499.309 39
499.305 499.693 25
499.308 499.689 30
499.308 499.689 34
499.309 499.69 37
499.687 499.858 61
499.689 499.861 30
499.689 499.861 34
499.69 499.861 37
499.858 500.039 61
499.861 500.054 30
499.861 500.054 34
499.861 500.04 37
500.039 500.421 61
500.039 500.428 32
500.04 500.425 37
500.425 500.795 34
500.425 500.796 37
500.425 500.796 42
500.426 500.799 46
501.171 501.737 73
501.173 501.737 42
501.174 501.737 46
501.734 501.927 66
501.735 501.933 70
501.737 501.933 73
501.737 501.933 42
501.737 501.933 46
501.927 502.304 71
501.929 502.304 47
502.298 502.682 70
502.3 502.686 42
502.301 502.683 46
502.682 503.428 34
502.683 503.242 46
503.242 503.428 38
503.428 503.511 39
503.428 503.512 46
503.782 503.974 42
503.784 503.976 46
504.701 504.803 66
505.086 505.177 63
505.276 505.472 46
505.664 505.892 39
505.664 505.892 46
506.406 506.977 73
506.407 506.977 82
506.407 506.979 85
506.409 506.98 46
506.977 507.176 73
506.977 507.176 82
506.979 507.176 85
506.98 507.176 46
507.172 507.547 47
507.539 507.926 73
507.54 507.924 82
507.543 507.926 85
507.544 507.925 46
508.478 508.664 46
508.478 508.667 38
508.664 508.752 46
508.667 508.752 39
508.842 508.932 65
508.846 508.937 46
508.847 508.94 53
509.025 509.213 75
509.025 509.216 46
509.405 509.751 66
510.308 510.399 63
510.484 510.683 65
511.618 511.795 58
511.621 511.98 30
511.621 511.974 34
511.621 511.974 37
511.795 511.98 54
511.795 511.98 58
511.796 511.98 61
511.799 511.98 66
511.974 512.341 34
511.974 512.342 37
512.152 512.342 65
512.338 512.709 27
512.338 512.706 30
512.341 512.706 34
512.342 512.709 39
512.509 512.709 54
512.513 512.709 63
512.705 513.087 25
512.706 513.083 30
512.706 513.083 34
512.709 513.084 37
512.884 513.087 61
512.887 513.087 49
513.083 513.453 30
513.083 513.453 34
513.084 513.44 37
513.084 513.453 42
513.255 513.453 58
513.255 513.453 66
513.437 513.821 32
513.44 513.818 37
513.818 514.176 37
513.818 514.178 42
514.556 514.74 61
514.557 514.92 30
514.557 514.918 34
514.56 514.918 37
514.739 514.92 58
514.74 514.92 61
514.74 514.92 66
514.918 515.279 34
514.918 515.281 37
515.091 515.281 53
515.278 515.642 27
515.278 515.638 30
515.279 515.638 34
515.281 515.642 39
515.45 515.642 54
515.452 515.642 63
515.636 516.023 25
515.638 516.02 30
515.638 516.02 34
515.639 516.023 37
515.821 516.023 58
515.821 516.023 61
516.02 516.393 30
516.023 516.377 37
516.192 516.393 58
516.194 516.393 61
516.194 516.393 66
516.373 516.759 32
516.377 516.755 37
516.559 516.759 68
516.755 517.116 37
516.755 517.116 42
516.926 517.118 58
517.496 518.068 46
518.068 518.256 73
518.068 518.256 42
518.068 518.256 46
518.25 518.634 71
518.253 518.634 47
518.631 519.013 73
518.631 519.013 42
518.631 519.013 46
519.013 519.559 46
519.558 519.747 38
519.744 519.828 39
519.747 519.829 46
519.914 520.003 46
520.087 520.272 42
520.09 520.275 46
520.458 520.822 66
520.818 520.906 71
521.385 521.48 63
521.574 521.764 46
521.963 522.193 39
521.966 522.193 46
522.708 523.265 73
522.712 523.268 85
523.265 523.464 73
523.266 523.464 82
523.268 523.464 85
523.269 523.464 46
523.269 523.464 49
523.461 523.825 47
523.814 524.192 73
523.818 524.189 82
523.818 524.192 85
523.819 524.192 42
523.821 524.189 46
524.736 524.923 46
524.738 524.924 38
524.923 524.998 46
524.924 525.001 39
525.086 525.179 46
525.088 525.18 53
525.264 525.445 75
525.264 525.445 46
525.634 526.009 66
526.568 526.656 63
528.06 528.155 66
528.26 528.476 46
529.135 529.239 59
529.352 529.47 42
529.589 529.704 53
529.828 529.964 39
530.594 532.214 27
530.618 532.214 31
530.639 532.214 34
530.926 532.214 46
531.43 532.214 75
531.686 532.214 87
531.686 532.214 82
531.945 532.214 103
531.948 532.214 91
532.666 534.286 27
532.69 534.286 31
532.729 532.991 39
532.991 534.286 39
532.992 534.286 46
533.243 534.286 58
533.5 534.286 75
533.752 534.286 87
533.752 534.286 82
534.017 534.286 103
534.02 534.286 94
534.731 536.365 27
534.766 536.365 34
534.805 536.365 38
535.061 536.365 46
535.319 536.365 58
535.322 535.575 65
535.322 535.833 44
535.574 536.365 74
535.83 536.097 89
535.831 536.365 86
535.831 536.365 82
535.833 536.365 44
536.096 536.365 101
536.097 536.365 94
536.824 538.434 27
537.146 538.434 46
537.401 538.434 58
537.658 538.434 75
538.173 538.434 103
538.874 538.925 38
538.925 540.491 27
538.934 540.491 31
538.945 540.491 34
538.952 539.214 39
539.214 540.491 39
539.712 540.491 70
539.715 540.491 75
539.963 540.491 82
539.968 540.491 87
539.968 540.491 44
540.223 540.491 103
540.944 542.558 27
541.006 541.269 39
541.269 542.558 39
541.27 542.558 46
541.777 542.558 70
542.029 542.558 82
542.288 542.558 103
543.008 544.643 27
543.043 544.643 34
543.079 544.643 38
543.341 544.643 46
543.596 544.643 58
543.597 544.643 62
543.6 543.853 65
543.6 544.114 44
543.853 544.643 74
543.853 544.643 70
544.107 544.375 89
544.108 544.643 86
544.111 544.643 82
544.114 544.643 44
544.373 544.643 101
544.642 545.102 53
545.102 546.729 27
545.115 546.729 31
545.14 546.729 34
545.424 546.729 39
545.424 546.711 46
545.935 546.729 75
547.166 548.787 27
547.187 548.787 31
547.212 548.787 34
547.232 547.754 63
547.496 548.787 39
547.499 548.787 46
548.004 548.787 75
548.006 548.787 70
548.132 548.389 79
548.136 548.787 67
548.262 548.521 87
548.262 548.521 82
548.266 548.787 68
548.521 548.787 87
548.521 548.787 82
548.783 549.316 103
548.784 549.316 99
548.784 549.316 94
549.246 550.886 27
549.291 550.886 34
549.316 549.575 39
549.575 550.886 39
549.575 550.886 46
550.078 550.335 75
550.079 550.886 70
550.334 550.594 87
550.334 550.594 82
550.335 550.886 75
550.594 550.886 87
550.594 550.886 82
550.862 551.391 103
551.317 552.939 27
551.352 552.939 34
551.391 552.939 38
552.154 552.939 74
552.157 552.939 70
552.28 552.54 77
552.406 552.672 89
552.406 552.673 86
552.409 552.673 82
552.41 552.939 68
552.673 552.939 86
552.673 552.939 82
552.934 553.469 101
552.935 553.469 98
552.935 553.469 94
553.393 555.072 27
553.413 555.072 31
553.441 555.072 34
553.467 553.719 39
553.719 555.072 46
554.099 554.486 67
554.23 555.072 75
554.23 555.072 70
554.482 554.743 87
554.485 554.744 82
554.486 555.072 67
554.611 555.072 79
554.743 555.072 87
554.744 555.072 82
555.007 555.543 103
555.01 555.543 94
555.465 557.09 27
555.489 557.09 31
555.514 557.09 34
555.542 556.049 63
555.798 557.09 39
555.798 557.09 46
556.302 557.09 75
556.302 557.09 70
556.428 556.689 79
556.557 556.816 91
556.557 556.817 87
556.558 556.819 82
556.817 557.09 87
556.819 557.09 82
557.085 557.612 103
557.086 557.612 99
557.086 557.612 94
557.54 559.161 27
557.586 559.161 34
557.611 557.87 39
557.991 559.161 55
558.126 559.161 58
558.378 558.63 75
558.379 559.161 70
558.629 558.895 87
558.629 558.895 82
558.63 559.161 75
558.895 559.161 87
558.895 559.161 82
559.157 559.693 103
559.619 561.236 27
559.651 561.236 34
559.693 561.236 38
559.942 561.236 46
560.064 561.233 53
560.324 561.233 65
560.45 561.236 74
560.579 560.841 77
560.709 560.968 86
560.709 560.968 82
560.711 561.236 68
560.968 561.236 82
561.23 561.765 101
561.23 561.765 98
561.232 561.765 94
561.692 563.309 27
561.712 563.309 31
561.737 563.309 34
561.762 562.279 63
562.02 563.309 39
562.021 563.309 46
562.143 563.309 55
562.277 563.309 58
562.279 563.308 63
563.308 563.808 94
564.272 564.495 99
564.495 564.726 99
564.495 564.726 92
564.608 564.726 87
564.957 565.188 87
565.188 565.433 87
565.43 565.685 94
565.433 565.685 87
566.021 566.143 82
566.136 566.361 86
566.361 566.613 94
566.361 566.613 86
566.701 567.537 70
567.054 567.292 94
567.057 567.295 87
567.295 567.537 87
568.015 568.24 99
568.016 568.241 92
568.24 568.474 99
568.7 568.938 87
568.938 569.181 87
569.178 569.44 94
569.181 569.44 87
569.305 569.44 82
569.776 569.899 82
569.892 570.117 86
570.117 570.364 86
570.341 570.63 87
570.341 570.63 94
570.809 571.284 82
570.809 571.284 39
571.047 571.284 87
571.159 571.284 97
571.393 571.618 96
571.506 571.75 87
571.618 571.75 96
571.737 572.199 79
571.74 572.199 63
571.845 572.199 94
572.637 573.112 75
572.638 573.112 39
572.749 572.983 91
572.868 573.112 76
572.983 573.112 91
573.102 573.559 77
573.333 573.584 76
573.56 574.025 65
573.886 574.025 93
574.008 574.484 79
574.474 574.949 39
574.702 574.949 87
574.817 574.949 97
575.055 575.282 96
575.167 575.415 87
575.282 575.415 96
576.293 576.773 75
576.294 576.773 39
576.406 576.64 91
576.525 576.773 76
576.64 576.773 91
576.759 577.222 77
577.224 577.676 65
577.666 578.134 79
578.125 578.597 39
578.355 578.597 87
578.468 578.597 97
578.702 578.926 96
578.818 579.059 87
578.926 579.059 96
579.045 579.51 79
582.003 582.124 82
582.422 582.538 82
582.829 582.937 82
583.241 583.356 82
583.347 583.76 63
583.654 583.76 88
584.06 584.172 88
584.364 584.569 68
584.467 584.569 88
584.76 584.966 62
584.863 584.966 88
585.254 585.363 88
585.65 585.758 88
586.038 586.143 88
586.427 586.534 88
586.987 587.848 86
587.407 587.848 46
587.617 587.848 89
588.057 588.719 74
588.058 588.495 67
588.274 588.716 46
588.715 589.569 34
588.716 589.132 46
589.132 589.569 46
589.783 590.476 74
589.783 590.476 86
589.997 590.476 46
590.707 590.84 65
590.707 590.843 35
590.966 591.091 58
590.967 591.096 62
590.969 591.097 65
592.086 592.317 89
592.089 592.317 86
592.519 592.74 82
592.52 592.74 62
592.933 593.15 103
593.762 593.99 74
593.763 593.99 53
594.194 594.42 75
594.196 594.42 70
594.197 594.42 38
594.402 594.872 39
594.614 594.872 82
595.107 595.243 65
595.109 595.243 35
595.369 595.499 58
595.873 596.752 85
595.874 596.752 37
596.314 596.752 88
596.749 597.186 82
596.749 597.206 39
597.186 597.692 82
597.189 597.692 37
597.901 598.036 35
598.165 598.292 65
598.166 598.294 34
598.169 598.295 58
598.676 599.135 37
599.135 599.575 37
599.268 599.575 74
599.341 599.575 61
599.569 600.02 72
599.796 600.02 84
600.02 600.479 72
600.248 600.479 84
600.248 600.479 96
600.72 600.843 35
600.97 601.096 65
600.972 601.098 34
602.117 602.235 82
603.006 603.255 85
603.5 603.629 65
603.502 603.63 35
603.755 603.889 65
604.948 605.187 82
604.948 605.187 85
605.399 605.592 76
605.837 606.1 96
606.349 606.479 65
606.349 606.481 35
606.607 606.729 65
607.489 607.917 86
607.696 607.917 98
608.557 608.696 103
609.226 609.653 82
611.731 611.829 74
611.797 611.866 79
612.35 612.686 71
613.676 613.904 70
614.094 614.392 74
614.594 614.713 82
615.122 615.552 86
615.329 615.552 98
616.189 616.33 103
616.859 617.288 82
617.068 617.288 61
617.495 617.719 71
617.709 617.778 83
617.711 618.052 59
619.218 619.462 42
619.361 619.462 74
619.434 619.5 79
619.981 620.312 71
620.092 620.312 62
620.404 620.709 72
620.705 620.802 46
620.806 621.422 75
621.314 621.532 70
621.422 621.532 75
621.727 622.025 75
622.024 622.346 87
622.126 622.346 79
622.542 622.843 74
622.639 623.152 89
622.745 623.04 70
623.04 623.152 82
623.04 623.152 70
623.35 623.651 62
623.649 623.964 74
623.849 623.964 77
624.062 624.768 80
624.26 624.768 82
624.461 624.768 86
624.563 624.768 45
624.661 624.768 89
625.159 625.597 29
625.266 625.597 84
625.468 625.597 98
625.57 625.667 27
625.671 625.982 87
625.776 625.982 46
625.871 625.982 101
625.873 625.982 98
625.874 625.982 94
625.874 625.982 89
625.973 626.382 39
626.07 626.382 103
626.07 626.382 99
626.074 626.382 91
626.273 626.382 101
626.274 626.382 98
626.274 626.382 94
626.276 626.382 89
626.476 626.798 103
626.578 626.798 46
626.68 626.798 101
626.682 626.798 98
626.682 626.798 94
626.781 626.871 39
626.878 627.191 103
626.879 627.191 99
626.879 627.191 91
627.079 627.191 101
627.082 627.191 98
627.082 627.191 94
627.285 627.599 103
627.488 627.599 101
627.488 627.599 98
627.489 627.599 94
627.684 628.003 103
628.0 628.394 39
628.097 628.412 103
628.1 628.296 94
628.293 628.412 101
628.294 628.412 98
628.296 628.412 94
628.394 628.492 39
628.496 628.815 103
628.7 628.818 101
628.702 628.814 94
628.814 632.878 94
628.815 632.235 99
628.815 632.878 103
629.125 629.245 70
629.13 629.248 75
629.245 629.987 70
629.248 629.987 75
629.249 631.38 79
629.252 629.557 58
629.557 629.668 58
629.56 629.672 46
629.668 629.991 58
629.668 629.991 63
629.669 630.42 39
629.672 630.421 46
629.987 630.098 70
629.987 630.099 75
629.99 630.099 82
630.098 632.237 70
630.099 631.38 75
630.099 632.878 82
630.42 630.53 39
630.421 630.532 46
630.529 631.383 58
630.53 632.878 39
630.532 632.878 46
631.381 632.234 87
