5.09097 7.27094 53
5.09397 7.27094 60
7.45294 7.54395 70
9.47991 11.6949 60
13.7209 13.8189 70
13.8999 14.0159 70
21.1309 21.9049 60
21.9039 22.2659 62
21.9049 22.2679 58
22.9889 23.1889 74
25.4649 25.8359 58
26.0239 26.1149 65
26.0239 26.4109 55
26.2099 26.4109 62
26.2099 26.4109 58
26.4089 26.7809 72
26.4099 26.7799 56
26.5919 26.7769 70
26.7769 27.1509 70
26.7799 27.1519 56
27.5399 28.6639 51
27.5409 27.9119 55
27.9119 28.2849 74
27.9119 28.2759 55
28.2759 28.6639 72
28.2759 28.6639 55
29.0349 29.4059 56
29.7829 30.1479 55
30.5219 30.6119 65
30.5249 30.9099 55
30.7099 30.9099 58
31.0929 31.2779 56
31.2779 31.6489 53
31.8379 32.0409 56
32.2269 32.4129 60
32.9619 33.1679 60
33.1649 34.2809 51
33.1679 33.3459 53
33.5349 33.9019 53
33.7209 34.0919 60
34.0919 34.2809 60
34.4639 34.6509 60
34.8379 35.0329 60
35.4009 36.5219 48
36.3319 36.5219 58
36.7059 36.8909 57
37.077 37.2639 57
37.648 37.826 62
38.855 38.95 72
39.048 39.143 72
44.826 45.268 36
50.381 50.475 77
55.057 55.432 72
55.432 55.614 72
55.799 55.985 72
55.985 56.356 70
56.166 56.542 72
56.542 56.73 72
56.724 57.101 70
56.909 57.101 72
57.283 57.65 72
57.65 57.837 72
58.015 58.211 72
58.208 58.578 70
58.39 58.757 72
58.757 58.946 72
58.945 59.317 70
59.124 59.317 72
59.499 59.873 72
59.873 60.062 72
60.234 60.433 72
60.431 61.5359 62
60.609 60.98 72
60.98 61.1719 72
61.3429 61.5359 72
61.9069 62.6459 72
61.9069 62.2769 64
62.2769 62.6459 65
62.6449 63.0299 70
63.4639 63.5909 77
63.5279 63.6389 76
63.5909 63.7789 77
63.6389 63.7299 76
63.6849 63.8139 74
63.7299 63.8139 76
63.7789 63.8699 77
63.7829 64.1809 65
65.6379 65.8239 82
67.6849 67.8739 62
67.8669 68.0499 82
69.3589 69.7639 54
69.4499 69.6349 74
69.6349 69.7639 74
70.5689 70.7549 62
70.7549 70.8599 62
71.1259 71.2309 61
71.3149 71.4969 60
71.5949 71.9799 58
71.9789 72.3539 48
73.4739 73.8829 60
74.5949 74.9749 50
74.5959 74.9749 53
75.2559 75.4409 57
76.0889 76.1909 79
76.1419 76.2359 81
76.1909 76.2889 79
76.2359 76.3339 81
76.2889 76.3829 79
76.3339 76.4319 81
76.3829 76.4809 79
76.3829 76.4849 58
76.4319 76.4849 81
76.4809 76.5789 79
76.5789 76.6729 79
76.6239 76.7189 81
76.6729 76.7639 79
76.7189 76.8099 81
76.7639 76.8649 79
76.8099 76.8719 81
76.8649 76.9069 79
76.9579 77.0829 79
77.0199 77.2679 81
77.0829 77.1939 79
77.2408 77.6738 77
77.8658 78.0688 65
78.4548 78.8458 62
78.6508 78.8458 65
78.8438 79.2348 60
79.0328 79.2348 65
79.2278 79.6178 58
79.4178 79.6178 65
79.8058 80.1978 65
80.0018 80.2008 64
80.1978 80.3968 65
80.3868 80.7848 58
80.5798 80.7848 67
80.7828 81.5498 60
80.9748 81.3588 69
81.1648 81.5588 65
81.3568 81.5588 82
81.5498 81.9458 60
81.7448 81.9458 70
82.1398 82.3318 65
83.3028 83.5018 65
83.4948 83.8868 60
83.6868 83.8868 64
84.4568 84.8467 69
84.6547 84.8487 65
84.8467 85.0447 69
85.2297 85.4367 69
85.4337 86.1997 60
89.4217 89.8647 72
94.8837 97.0606 53
94.8837 97.0636 60
97.2456 97.3366 70
99.2796 101.492 60
110.929 111.705 60
111.701 112.066 62
111.702 112.066 58
112.797 112.986 74
113.935 114.078 74
115.261 115.636 58
115.822 115.912 65
115.822 116.209 55
116.008 116.209 62
116.01 116.209 58
116.206 116.584 72
116.207 117.347 50
116.207 116.577 56
116.392 116.577 70
117.34 117.711 55
117.708 118.089 74
117.711 118.082 55
118.079 118.468 72
118.834 119.206 56
119.206 119.581 56
119.58 119.948 55
120.133 120.332 58
120.323 120.409 65
120.323 120.714 55
120.508 120.714 58
120.708 121.076 53
120.893 121.085 56
121.076 121.449 53
121.642 121.845 56
122.023 122.216 60
122.766 122.966 60
122.965 124.085 51
122.965 123.147 53
123.889 124.085 60
124.264 124.456 60
125.001 125.206 60
125.205 126.325 48
126.129 126.325 58
126.505 126.696 57
126.876 127.07 57
127.248 127.449 57
127.448 127.627 62
128.656 128.754 72
128.849 128.94 72
129.037 129.131 72
134.619 135.058 72
134.62 135.061 36
140.266 140.457 76
144.851 145.219 72
145.219 145.407 72
145.586 145.778 72
145.778 146.146 70
145.96 146.331 72
146.331 146.523 72
146.701 146.888 72
147.07 147.444 72
147.444 147.629 72
147.623 148.001 69
147.808 148.001 72
148.0 148.365 70
148.179 148.551 72
148.551 148.739 72
148.732 149.11 70
148.918 149.11 72
149.285 149.664 72
149.664 149.849 72
150.027 150.22 72
150.219 151.329 62
150.401 150.769 72
150.769 150.961 72
151.137 151.329 72
151.7 152.439 72
151.701 152.071 64
152.064 152.439 65
152.439 152.819 70
153.32 153.433 76
153.38 153.573 77
153.433 153.524 76
153.478 153.597 74
153.573 153.663 77
153.573 153.975 65
155.245 155.434 62
155.431 155.607 82
157.472 157.661 62
157.658 157.839 82
159.236 159.429 74
159.429 159.547 74
159.614 159.722 74
159.806 159.901 74
160.363 160.548 62
160.548 160.647 62
160.912 161.02 61
161.104 161.291 60
161.291 161.423 60
161.389 161.767 58
161.766 162.144 48
163.265 163.67 60
163.268 163.67 57
164.385 164.763 50
164.388 164.763 53
165.043 165.228 57
165.228 165.414 57
165.414 165.599 57
165.599 165.784 57
165.883 165.984 79
165.932 166.029 81
165.984 166.075 79
166.029 166.127 81
166.075 166.173 79
166.127 166.222 81
166.173 166.274 79
166.176 166.275 58
166.222 166.275 81
166.274 166.366 79
166.366 166.466 79
166.411 166.512 81
166.466 166.558 79
166.512 166.604 81
166.558 166.65 79
166.604 166.666 81
166.65 166.701 79
166.701 166.807 81
166.75 166.87 79
166.807 167.055 81
166.87 166.986 79
167.034 167.46 77
168.252 168.647 62
168.444 168.647 65
168.637 169.029 60
168.826 169.029 65
169.022 169.411 58
169.215 169.411 65
169.606 169.991 65
169.796 169.991 64
169.991 170.19 65
170.181 170.576 58
170.379 170.576 67
170.576 171.35 60
170.765 171.15 69
170.957 171.35 65
171.35 171.737 60
171.538 171.737 70
171.737 171.93 69
171.93 172.129 65
172.511 172.703 62
173.095 173.294 65
173.484 173.676 64
174.257 174.639 69
174.448 174.639 65
174.639 174.839 69
174.831 175.226 60
175.226 175.996 60
179.207 179.657 72
180.589 181.074 72
180.592 181.075 39
181.74 182.118 56
182.118 182.31 56
182.301 182.693 53
182.486 182.693 60
182.692 183.826 48
182.868 183.053 68
182.87 183.062 56
183.056 183.428 54
183.623 183.826 56
183.819 184.19 53
184.008 184.197 56
184.19 184.558 53
184.375 184.568 56
184.558 184.946 70
184.746 184.946 56
184.946 185.314 54
185.314 185.685 54
185.499 185.871 56
185.685 186.066 54
185.871 186.066 56
186.612 186.808 56
186.99 187.193 60
186.993 187.193 56
187.186 188.323 48
187.555 187.927 51
187.736 188.12 54
188.12 188.323 54
188.502 188.694 58
189.443 190.563 52
189.996 190.367 61
190.367 190.563 61
190.556 191.687 53
190.749 190.934 60
191.113 191.305 60
191.485 191.684 62
191.684 191.865 62
191.866 192.237 65
192.052 192.422 62
192.237 192.607 65
192.607 192.806 65
192.798 193.168 60
192.982 193.168 63
193.353 193.549 63
193.923 195.046 57
193.924 194.098 60
194.102 194.477 62
194.477 194.847 62
194.847 195.04 62
195.037 196.168 58
195.23 195.417 67
195.594 195.789 67
196.346 196.72 69
197.374 197.472 74
197.564 197.658 74
202.839 202.94 66
208.845 208.897 80
220.646 220.692 58
223.678 224.048 62
224.422 224.801 65
224.423 224.804 69
225.938 226.305 60
226.31 226.676 62
227.065 227.426 62
228.196 228.567 62
228.567 228.934 60
228.938 229.312 62
229.319 229.69 60
233.845 234.212 72
235.725 235.92 48
237.265 240.047 53
237.268 240.048 57
245.497 247.681 60
247.862 247.954 70
249.889 252.104 60
254.135 254.232 70
254.313 254.425 70
261.548 262.315 60
262.314 262.675 62
262.314 262.675 58
263.406 263.598 74
264.547 264.694 74
265.874 266.252 58
266.438 266.527 65
266.441 266.826 55
266.623 266.826 62
266.823 267.196 72
266.823 267.957 50
266.826 267.195 56
267.007 267.194 70
267.565 267.957 56
267.956 269.073 51
268.327 268.691 74
268.327 268.691 55
268.689 269.073 72
268.691 269.073 55
269.445 269.815 56
270.19 270.56 55
270.931 271.022 65
270.931 271.323 55
271.215 271.323 63
271.501 271.694 56
271.687 272.059 53
272.254 272.457 56
272.633 272.828 60
273.945 274.312 60
274.688 275.81 55
274.876 275.068 62
275.247 275.432 62
275.611 275.81 62
275.81 276.924 60
276.364 276.734 70
282.982 283.422 72
286.919 287.311 62
288.245 288.438 70
288.438 288.491 70
288.536 288.634 70
293.031 293.402 62
293.216 293.59 65
293.59 293.773 65
293.954 294.147 70
293.955 294.147 65
294.329 294.697 65
294.697 294.885 65
295.257 295.625 62
295.806 295.995 65
296.17 296.366 70
297.844 298.21 61
298.589 298.953 62
300.434 300.808 58
301.185 301.969 62
301.623 301.75 70
301.795 301.893 69
303.149 303.335 65
304.171 304.261 74
307.048 307.145 77
307.514 307.608 74
308.644 309.014 60
308.82 309.014 64
308.914 309.014 67
309.098 309.284 66
309.191 309.386 60
309.284 309.386 66
309.471 309.663 65
309.564 309.795 62
309.756 310.136 51
309.757 310.136 63
310.135 310.507 53
310.136 310.507 62
310.503 310.884 82
310.506 310.885 51
310.507 310.885 60
311.638 312.038 65
311.638 312.038 62
312.76 313.132 58
312.761 313.132 60
313.22 313.412 62
314.15 314.268 62
314.248 314.346 72
314.3 314.399 74
314.346 314.447 72
314.399 314.493 74
314.447 314.545 72
314.493 314.591 74
314.545 314.636 72
314.591 314.64 74
314.636 314.737 72
314.689 314.779 74
314.737 314.829 72
314.779 314.881 74
314.829 314.93 72
314.881 314.973 74
314.93 315.021 72
314.973 315.031 74
315.021 315.063 72
315.115 315.238 72
315.175 315.423 74
315.238 315.351 72
315.305 315.406 70
315.351 315.423 72
315.63 315.837 62
316.806 317.009 70
317.002 317.391 65
317.188 317.391 70
317.58 317.776 70
317.776 318.356 62
317.968 318.354 70
318.161 318.356 69
318.354 318.552 70
318.941 319.711 53
319.13 319.516 62
319.322 319.712 58
319.516 319.712 62
320.101 320.295 62
320.489 320.684 57
321.461 321.661 58
322.621 323.005 62
323.005 323.204 62
323.394 323.59 62
327.579 328.023 74
328.959 329.445 72
328.962 329.448 39
330.113 330.484 56
330.484 330.68 56
330.856 331.063 60
330.858 331.063 56
331.062 331.436 70
331.062 332.195 48
331.241 331.436 56
331.427 331.798 54
331.608 331.993 56
331.798 332.195 54
332.189 332.559 53
332.372 332.566 56
332.559 332.931 53
332.745 332.938 56
332.93 333.317 70
333.317 333.684 54
333.498 333.869 56
333.684 334.054 54
333.869 334.241 56
334.054 334.435 54
334.982 335.181 56
335.361 335.563 60
335.363 335.563 56
335.557 336.696 48
335.927 336.298 51
336.109 336.493 54
336.493 336.696 54
336.879 337.064 58
337.814 338.936 52
338.184 338.552 58
338.737 338.936 61
339.12 339.304 60
339.484 339.678 60
339.857 340.056 62
340.056 340.236 62
340.236 340.61 65
340.61 340.978 65
341.359 341.548 63
342.475 342.85 62
343.221 343.417 62
343.414 344.538 58
343.599 343.788 67
343.967 344.158 67
345.461 345.657 69
345.748 345.842 74
345.944 346.038 74
346.13 346.223 74
369.023 369.069 58
372.055 372.425 62
372.8 373.178 65
372.8 373.181 69
374.313 374.683 60
374.686 375.053 62
375.436 375.802 62
376.566 376.94 59
376.566 376.94 62
376.944 377.311 60
377.697 378.06 60
378.821 379.187 62
382.215 382.589 72
384.101 384.29 48
393.867 396.054 60
396.236 396.323 70
398.266 400.482 60
402.504 402.606 70
409.917 410.692 60
410.691 411.052 62
410.692 411.052 58
411.782 411.976 74
412.924 413.063 74
414.251 414.622 58
414.81 414.902 65
414.811 415.196 55
414.996 415.196 62
414.997 415.196 58
415.193 415.574 72
415.196 415.567 56
415.378 415.564 70
416.694 417.078 74
416.883 417.078 58
417.069 417.454 55
417.822 418.192 56
419.308 419.399 65
419.309 419.7 55
419.494 419.7 62
419.879 420.075 56
420.064 420.436 53
421.017 421.201 60
421.954 422.133 60
422.321 422.693 60
422.508 422.874 63
423.067 424.195 55
423.252 423.444 62
423.623 423.816 62
423.989 424.195 62
424.191 425.307 60
424.747 425.119 70
431.355 431.8 72
435.294 435.692 62
436.868 436.92 72
436.92 437.011 70
441.415 441.779 62
441.596 441.965 65
441.965 442.153 65
442.331 442.527 70
442.332 442.527 65
442.709 443.081 65
443.637 444.001 62
444.555 444.75 70
445.299 445.484 65
445.478 445.856 63
445.664 445.856 65
446.22 446.594 61
446.966 447.334 62
448.81 449.185 58
449.185 449.569 63
449.562 450.354 62
450.007 450.126 70
450.126 450.322 70
450.179 450.273 69
450.322 450.409 70
450.322 450.721 58
451.526 451.715 65
452.549 452.639 74
453.109 453.294 76
454.312 454.407 77
455.892 455.988 74
457.025 457.393 60
457.48 457.668 66
457.668 457.77 66
457.854 458.039 65
457.945 458.169 62
458.134 458.519 51
458.134 458.519 63
458.511 458.893 53
458.512 458.893 62
458.882 459.265 82
458.883 459.269 51
458.883 459.269 60
460.013 460.42 65
460.014 460.42 62
461.135 461.515 58
461.136 461.515 60
461.603 461.788 62
462.163 462.346 62
462.628 462.73 72
462.631 463.024 53
462.677 462.775 74
462.73 462.825 72
462.775 462.874 74
462.825 462.923 72
462.874 462.974 74
462.923 463.02 72
462.974 463.024 74
463.02 463.115 72
463.066 463.164 74
463.115 463.212 72
463.164 463.258 74
463.212 463.305 72
463.258 463.352 74
463.305 463.398 72
463.352 463.411 74
463.398 463.446 72
463.45 463.559 74
463.496 463.621 72
463.559 463.799 74
463.621 463.733 72
463.688 463.779 70
463.779 464.205 70
464.01 464.219 62
464.601 464.804 69
465.189 465.392 70
465.382 465.773 65
465.571 465.773 70
465.963 466.162 70
466.162 466.739 62
466.351 466.737 70
466.544 466.739 69
466.737 466.936 70
467.124 467.324 63
467.323 468.095 53
467.509 467.902 62
467.703 468.095 58
467.902 468.095 62
468.283 468.482 63
468.482 468.682 62
469.841 470.04 58
471.002 471.384 62
471.384 471.583 62
472.553 472.753 62
