1.175 1.41599 72
2.45898 2.69698 71
2.46298 2.70097 74
6.25396 6.32797 57
6.89395 7.04794 53
9.74391 10.0659 65
11.4049 11.6439 72
17.1259 17.2849 53
21.9099 22.0769 62
22.3849 22.5529 62
27.3278 27.4808 60
27.9678 28.0478 62
31.8458 32.1718 74
33.1378 33.2978 59
37.3958 37.6348 72
38.0438 38.1208 74
42.4728 42.5458 57
43.1098 43.2688 53
55.9357 56.2787 65
63.0757 63.2337 69
73.0417 73.3807 62
73.2047 73.3807 59
74.3427 74.6787 62
75.6357 75.9737 62
75.7927 75.9737 59
79.0326 79.2706 72
79.0366 79.1106 57
80.3166 80.5546 71
84.1006 84.3386 72
84.7496 84.9016 53
91.2986 91.6116 62
92.7326 92.8866 62
93.2396 93.4176 67
99.7636 100.124 72
99.9186 100.098 76
100.098 100.42 76
101.829 101.998 64
102.474 102.646 76
103.653 104.749 76
103.999 104.749 43
