0.848987 1.00997 50
0.922976 1.00997 57
1.90995 1.98995 60
2.40295 2.49094 57
2.48094 2.54394 46
2.88993 2.98694 58
3.23292 3.47091 38
3.30894 3.47091 48
3.8739 3.96389 57
4.4509 4.5109 38
4.70291 4.93988 55
4.7039 6.18284 31
4.8529 4.93988 57
5.84086 5.91985 60
6.41184 6.47283 46
6.41184 6.47384 34
7.23984 7.40182 50
7.31383 7.40182 60
8.33679 8.46081 38
8.5908 8.8318 39
8.66779 8.8318 55
9.15878 9.31577 55
9.57077 9.81575 38
9.64778 9.81575 54
10.3208 10.3828 62
10.6527 10.8238 62
10.7338 10.8238 69
11.0768 11.3307 69
11.1528 11.3307 62
11.6578 11.8358 62
11.7308 11.8358 72
12.7177 12.7977 70
13.0637 13.2977 66
13.1337 13.2977 60
13.2107 13.2977 67
13.5547 14.0267 43
13.5547 14.0277 46
13.6307 13.7957 62
13.7057 13.7957 69
14.2577 14.3197 62
14.5827 14.7477 62
14.6637 14.7477 69
15.0797 15.2407 62
15.5877 15.7447 62
15.6617 15.7447 72
16.2457 16.3057 39
16.5857 16.7527 60
16.6617 16.7527 70
17.4637 17.7117 39
17.5447 17.7117 58
17.6207 17.7117 69
17.6977 17.7577 70
18.0937 18.1737 74
18.4297 18.9197 38
18.5027 18.6677 57
18.5777 18.6677 67
18.6497 18.7207 69
19.0706 19.1496 74
19.4796 19.6476 57
19.6336 19.6936 69
20.0506 20.1296 74
20.1276 20.1866 75
20.3896 21.8906 38
20.5366 20.6236 67
21.0376 21.1236 62
21.4676 21.6396 50
21.5476 21.6396 55
22.4026 23.8966 31
22.5556 22.6496 57
23.5536 23.6386 60
24.4705 24.6346 51
24.8835 25.3735 38
24.9605 25.1175 53
25.0305 25.1175 60
25.4505 25.8385 51
26.4065 26.7955 55
26.7915 27.0255 62
26.7945 27.2945 38
27.3765 27.5425 55
27.5335 27.6725 67
28.0715 28.3865 37
28.9445 29.4925 38
29.4965 30.2604 37
29.5705 29.7305 55
30.2604 30.5914 37
30.5924 31.1734 74
30.5964 31.1734 38
31.1734 31.9424 74
31.1734 31.9424 38
31.9364 32.9084 62
31.9404 32.9084 31
33.4544 34.2074 53
42.3374 42.9043 53
45.2773 45.8583 62
47.5813 48.0683 76
48.2393 48.8193 60
48.9693 49.5173 57
50.5773 50.6853 74
50.7273 51.1963 76
51.1933 52.8803 60
52.8773 54.5373 64
53.8983 54.5373 60
56.3903 57.1533 57
57.0463 58.0183 62
60.1823 60.9093 32
60.3533 60.9093 50
66.8733 67.4363 53
69.8092 70.3982 62
73.5022 74.0512 57
74.8292 75.7322 62
75.1132 75.2133 74
75.2562 75.7322 76
75.7312 77.4112 48
75.7322 77.4112 60
77.4092 79.0702 64
78.4302 79.0702 60
81.0482 81.9092 57
83.4872 84.2052 69
87.7482 88.5042 69
88.4922 89.2031 65
88.5042 89.1861 69
88.6702 89.2031 63
88.8462 89.2031 67
89.1861 89.9071 69
89.5522 89.9071 70
89.9031 90.6162 72
92.2121 92.7451 63
93.0951 93.4591 72
93.4491 93.6231 70
93.6231 94.2601 70
93.6241 94.2601 60
94.2081 96.3291 73
95.6161 96.3291 56
96.3151 97.0741 60
99.5491 99.9271 41
100.991 101.348 66
102.804 105.783 74
106.493 107.203 65
106.851 107.203 66
108.425 108.657 49
108.656 111.694 36
109.752 111.694 64
111.713 111.828 58
111.83 112.576 53
112.202 112.576 55
112.562 113.311 57
113.308 114.021 60
113.662 114.021 62
114.74 116.881 47
123.643 124.228 62
127.332 127.887 57
128.946 129.045 74
129.56 131.241 48
129.562 131.242 60
131.239 132.901 64
132.26 132.898 60
134.879 135.739 57
136.793 137.329 63
137.322 138.035 69
141.584 142.309 69
141.927 142.333 70
142.309 143.026 69
142.32 143.033 65
142.502 143.033 63
142.687 143.04 67
143.026 143.737 69
143.376 143.737 70
146.044 146.575 63
146.926 147.282 72
147.28 147.454 70
147.454 148.09 70
147.454 148.09 60
148.032 150.156 73
149.456 150.156 56
150.138 150.905 60
153.38 153.757 41
154.465 155.179 65
154.822 155.179 66
156.634 159.613 74
157.513 158.406 59
159.603 160.338 61
159.606 162.256 49
159.606 162.487 42
160.324 161.033 65
160.677 161.033 66
162.256 162.487 49
162.484 165.525 36
163.389 164.342 58
163.582 165.525 64
165.543 165.657 58
165.658 166.406 53
165.662 166.406 58
166.021 166.406 55
167.138 167.845 60
167.492 167.845 62
168.574 170.712 31
174.537 175.097 53
177.47 178.058 62
178.212 178.749 62
178.923 179.507 67
179.477 180.204 69
179.657 180.204 65
179.855 180.204 70
180.372 180.959 60
181.11 181.65 60
181.825 182.402 65
182.378 183.099 67
183.273 183.854 62
184.012 184.565 56
184.201 184.565 34
184.562 185.342 39
185.317 186.119 33
187.289 187.732 55
187.289 187.733 52
189.059 190.536 31
189.14 189.301 50
189.216 189.301 57
189.784 189.846 60
190.2 190.281 60
190.696 190.781 57
191.183 191.274 58
191.527 191.761 38
191.6 191.761 48
191.674 191.761 55
193.14 193.23 57
193.638 193.717 58
194.131 194.21 60
194.621 194.704 57
195.114 195.204 58
195.451 195.533 50
195.605 195.688 60
196.094 196.177 62
196.629 196.756 38
197.445 197.609 55
197.859 198.107 38
197.939 198.107 54
198.614 198.677 62
198.944 199.117 62
199.02 199.117 69
199.444 199.622 62
199.521 199.622 70
199.87 200.126 70
199.944 200.126 62
200.025 200.126 72
200.592 200.658 70
200.596 200.659 46
201.012 201.088 70
201.349 201.589 66
201.429 201.589 60
201.502 201.589 67
201.915 202.082 62
201.999 202.082 69
202.073 202.135 70
202.545 202.608 62
202.8 203.297 55
202.874 203.041 62
202.957 203.041 69
203.375 203.535 62
203.798 204.035 70
203.875 204.035 62
203.952 204.035 72
204.535 204.599 39
204.876 205.05 60
205.387 205.536 65
205.793 206.036 39
205.869 206.036 58
206.748 207.238 38
206.821 206.992 57
206.897 206.992 67
206.975 207.037 69
207.387 207.475 74
207.808 207.975 57
207.959 208.021 69
208.375 208.459 74
208.714 210.208 38
208.788 208.955 57
209.362 209.455 62
210.878 210.965 57
211.865 211.945 60
212.435 212.498 46
212.845 212.942 58
213.191 213.677 38
213.264 213.425 53
213.341 213.425 60
213.754 214.146 51
214.374 214.503 38
214.633 214.976 60
214.71 215.105 55
215.102 215.602 38
215.607 216.38 37
215.679 215.851 55
215.84 215.98 67
216.38 216.694 37
217.251 217.797 62
217.254 217.8 38
217.87 218.041 55
218.031 218.168 67
218.562 218.899 37
218.902 219.481 74
219.481 219.868 74
219.484 220.243 38
220.796 220.867 58
222.494 223.586 74
223.002 223.586 36
223.235 223.586 39
223.45 223.586 84
223.705 223.915 87
226.348 226.49 70
228.101 228.175 74
228.874 229.01 58
229.365 229.431 53
229.71 229.852 58
230.128 230.27 55
230.131 230.271 51
230.198 230.271 53
230.27 230.373 55
230.544 230.683 58
230.964 231.1 55
230.965 231.1 51
231.1 231.202 55
231.385 231.518 48
231.447 231.518 62
231.448 231.518 50
232.147 232.35 31
232.21 232.35 46
232.28 232.35 57
232.347 232.552 38
232.616 232.756 48
232.756 232.958 38
232.962 233.162 31
233.022 233.162 46
233.162 233.361 38
233.424 233.561 48
233.89 233.96 60
234.219 234.349 55
235.332 236.486 31
244.062 244.386 62
245.157 246.393 36
246.393 246.57 36
246.57 248.034 36
246.738 248.034 33
247.096 248.034 30
247.449 248.034 27
247.806 248.034 24
248.033 251.079 31
