1.58999 2.07198 64
2.54198 2.78997 45
5.43295 6.37395 76
8.01994 8.25994 62
8.25794 8.71594 59
8.48493 8.72593 62
8.95292 9.19493 62
9.66391 10.1199 57
10.1199 10.5949 57
10.3499 10.5949 61
11.0499 11.5149 54
11.2819 11.5159 59
11.7439 11.9849 59
13.8499 14.3329 57
24.0729 24.6139 69
24.6129 25.1479 64
28.2519 28.4979 45
33.7309 33.9689 62
33.9679 34.4269 59
34.1949 34.4309 62
34.6609 34.9059 62
35.3749 35.8308 57
35.8308 36.3028 57
36.0619 36.3028 61
36.7618 37.2238 54
37.4618 37.6988 59
39.5538 40.0438 57
45.1548 45.6198 54
49.7817 50.3247 69
50.3237 50.8587 64
53.8517 54.3237 66
54.3137 54.7967 62
55.0247 55.2687 62
55.2657 55.7307 66
59.4767 59.9417 64
59.7077 59.9417 62
62.2916 62.7697 62
67.4916 68.1916 76
70.4737 70.9527 61
70.9467 71.1976 45
73.8377 74.7827 76
76.4267 76.6606 62
76.6577 77.1166 59
76.8857 77.1196 62
77.3546 77.5956 62
78.5166 78.9886 57
78.7446 78.9886 61
79.4626 79.9276 57
80.3966 80.8576 57
80.3996 80.8616 62
82.1706 82.3096 78
83.2826 83.7466 76
91.6035 92.1036 59
91.7855 91.9075 78
91.9075 92.1036 78
92.0965 93.1365 52
92.6245 93.1365 62
93.1355 93.6755 57
96.6815 97.1465 66
96.9095 97.1465 64
97.1435 97.6265 62
98.0965 98.5645 66
102.306 102.767 64
102.534 102.767 62
105.12 105.591 62
110.321 111.021 76
119.249 119.484 62
119.484 119.939 59
119.707 119.949 62
120.17 120.418 62
120.88 121.338 57
121.338 121.811 57
121.57 121.811 61
122.287 122.749 57
123.221 123.687 57
123.222 123.688 62
124.994 125.132 78
134.411 134.925 59
134.73 134.925 78
134.919 136.001 52
135.458 136.001 62
136.0 136.536 57
139.234 141.334 38
141.328 141.824 62
143.859 144.39 38
144.379 144.88 62
144.632 144.891 76
145.136 145.387 79
145.387 145.891 81
146.402 146.924 85
151.061 151.586 62
156.578 156.83 85
157.078 157.33 85
157.585 158.089 88
158.082 158.589 85
159.086 159.59 81
159.584 160.084 59
160.078 160.584 62
160.078 160.584 52
160.579 161.078 57
161.078 161.585 59
162.104 162.604 57
168.275 168.795 38
169.041 169.299 76
169.548 169.798 79
170.812 171.334 85
175.472 175.996 62
180.987 181.242 85
181.494 181.739 85
182.491 182.998 85
183.496 183.999 81
183.996 184.497 59
184.493 184.994 62
184.497 184.994 52
184.994 185.494 57
185.487 185.998 59
186.513 187.013 57
193.86 194.087 42
195.672 196.117 64
196.914 197.146 42
197.174 197.651 76
197.702 198.728 76
201.559 201.825 62
202.067 202.575 64
204.583 204.846 62
218.29 220.386 38
221.133 221.383 66
223.421 223.922 71
223.672 223.928 69
226.96 227.471 64
227.211 227.471 62
230.005 230.505 64
230.254 230.508 62
231.502 232.003 62
235.012 235.534 62
235.783 236.031 85
236.281 236.528 83
236.532 237.036 81
237.03 237.536 79
238.033 238.54 74
239.027 239.531 45
240.026 240.535 43
240.528 241.054 45
245.184 245.696 64
246.681 247.189 64
248.201 248.422 79
248.447 248.678 42
250.262 250.71 76
251.498 251.736 42
251.757 252.24 64
252.293 253.314 76
252.803 253.657 71
256.146 256.409 62
256.657 257.157 64
259.173 259.433 62
275.211 275.473 69
275.718 275.971 66
277.493 278.014 69
278.005 278.508 71
278.255 278.514 69
279.012 279.519 64
281.546 282.054 64
281.802 282.055 62
284.591 285.096 64
284.846 285.098 62
286.093 286.593 62
289.598 290.116 62
290.372 290.613 85
291.122 291.621 81
291.621 292.12 79
292.119 292.626 76
292.623 293.129 74
293.617 294.123 45
294.615 295.124 43
295.117 295.65 45
302.398 303.339 76
304.992 305.226 62
305.226 305.682 59
305.453 305.692 62
305.919 306.16 62
306.629 307.088 57
306.858 307.094 61
307.088 307.558 57
307.316 307.558 61
308.018 308.481 54
308.25 308.484 59
308.716 308.954 59
310.815 311.305 57
316.418 316.884 54
321.039 321.582 69
321.578 322.121 64
325.103 325.565 66
325.331 325.565 64
325.564 326.047 62
326.518 326.978 66
330.726 331.192 64
330.955 331.192 62
332.137 332.603 64
332.946 333.075 69
333.542 334.013 62
338.742 339.442 76
343.628 344.499 69
345.077 346.019 76
347.661 347.895 62
347.891 348.349 59
348.119 348.353 62
348.581 348.829 62
349.292 349.75 57
349.75 350.223 57
349.981 350.223 61
350.696 351.158 57
351.63 352.095 57
351.63 352.095 62
353.407 353.543 78
362.822 363.337 59
363.331 364.416 52
363.869 364.416 62
364.415 365.031 57
