4.21796 4.61996 72
10.4689 10.6749 76
10.7769 10.8789 76
12.1249 12.9398 48
13.3698 13.7448 69
13.3708 13.7488 57
13.7798 13.9758 76
13.7868 14.5888 48
14.5928 15.4178 65
14.5948 14.7948 74
15.6238 15.7188 72
16.2448 16.8708 60
27.7736 27.8215 57
28.1865 28.2315 45
28.1865 28.2345 53
29.0016 29.0435 45
30.6465 31.0385 72
30.6495 30.6915 45
31.0415 31.2375 38
31.4275 31.8325 72
31.4305 31.4795 45
32.2365 32.6585 72
32.2365 32.6585 69
32.2385 32.2875 45
33.0655 33.1135 72
33.0675 33.1135 45
33.8815 33.9225 45
34.6925 34.8535 72
34.6955 34.7445 45
35.5295 35.6225 74
36.1835 36.2425 79
36.3135 36.5125 76
36.9255 37.1385 74
37.9685 38.3364 71
37.9685 38.3395 76
38.3705 38.7834 66
38.7884 39.5844 72
39.6234 40.4504 68
39.6244 40.0364 63
39.6264 40.0364 66
43.5544 43.6524 59
43.5544 43.6524 62
43.9494 44.0474 60
43.9534 44.0514 57
44.1454 44.2434 60
44.3454 44.4434 59
44.5374 44.6114 59
44.5374 44.6114 64
44.9434 45.0244 71
45.3774 45.7724 81
45.9874 46.0844 59
45.9874 46.0854 62
45.9894 46.0874 52
46.1794 46.2454 62
46.3674 46.4694 60
48.2164 48.3144 72
48.4134 48.5064 65
48.7974 48.8954 72
48.9964 49.0884 72
50.2253 50.6173 72
50.6313 50.7323 72
50.8273 50.9253 65
51.2123 51.3113 72
51.9923 52.0943 72
52.6483 52.8633 75
60.9282 62.5511 48
63.7841 64.1341 60
68.663 69.017 60
69.069 69.685 60
70.501 70.703 60
72.703 72.891 72
73.095 73.48 70
73.095 73.868 74
74.691 76.2049 74
75.089 75.4989 76
75.093 75.5019 60
75.4989 75.8989 76
76.2929 76.6849 72
77.4959 77.6859 72
77.8899 78.2769 70
77.8909 78.6619 74
78.2769 78.6379 70
79.4709 80.9829 74
79.8669 80.2699 76
80.2699 80.6659 76
81.0469 81.7028 72
82.2248 82.5899 72
82.5969 82.9849 72
83.3638 83.5448 76
83.7349 83.9158 81
84.2938 84.4798 76
86.3598 86.7328 82
86.3618 86.7338 86
86.7328 87.0868 82
87.4768 87.8638 82
88.6448 88.8368 82
89.0448 89.2428 82
90.2418 91.0208 60
90.8668 91.0458 74
91.0848 91.8288 28
91.8328 92.1688 76
91.8338 92.5818 29
92.5758 92.9498 59
93.3238 93.6948 64
94.8318 95.6868 59
94.8328 95.2488 65
95.2528 95.6938 29
95.6978 96.4318 28
96.4358 97.1918 29
97.9348 98.6818 33
97.9348 98.6858 45
99.5298 100.576 36
99.5328 100.577 48
100.58 100.633 60
102.085 102.393 38
102.19 102.347 64
102.974 103.079 45
103.026 103.236 71
105.526 109.557 60
109.082 109.144 90
112.036 113.096 76
112.039 112.893 48
112.9 113.296 71
112.904 113.691 62
120.223 122.571 29
125.031 127.372 29
129.843 132.195 27
134.656 135.401 79
134.656 136.997 27
140.036 140.19 60
140.844 140.984 60
141.437 141.845 60
142.658 143.458 64
142.662 143.459 46
145.885 146.298 71
146.721 147.54 69
146.721 148.337 47
149.767 149.913 60
150.567 150.707 60
151.16 151.565 60
152.385 152.755 64
152.387 152.755 47
153.214 153.615 61
153.217 153.619 69
154.438 154.845 74
156.476 157.071 74
156.479 158.393 81
157.264 157.861 74
158.053 158.396 74
158.445 158.852 72
158.446 158.853 75
158.863 159.261 74
158.863 159.262 79
159.268 159.458 74
159.664 160.455 74
159.668 160.458 76
160.463 161.281 76
161.288 161.68 74
167.789 168.202 47
168.204 168.627 59
172.278 172.69 73
172.695 173.101 74
177.584 179.526 46
178.491 179.558 70
178.536 179.562 75
178.584 179.565 79
178.637 179.566 82
179.572 181.623 46
181.452 182.526 70
181.493 182.527 75
181.591 182.533 82
182.537 183.857 46
185.071 185.175 72
187.529 187.629 70
187.529 187.633 74
188.372 190.814 46
190.819 191.622 46
191.628 192.026 73
191.959 192.029 65
195.673 196.453 42
196.457 196.842 76
198.79 199.166 76
203.542 204.076 73
204.259 204.639 81
204.262 204.643 85
204.265 204.643 73
204.64 205.374 61
209.039 209.409 73
209.042 209.41 76
209.414 209.742 73
209.771 210.466 73
209.774 210.503 57
211.776 211.948 65
211.951 212.312 68
211.955 212.672 71
211.956 212.676 59
213.403 213.764 73
213.404 213.765 76
213.407 214.128 45
214.135 214.828 73
215.589 215.934 71
216.291 216.638 71
217.723 218.086 74
217.726 218.43 32
218.258 218.419 71
218.433 219.119 74
218.437 219.879 59
219.525 219.703 74
219.885 220.585 37
220.414 220.586 75
220.592 220.907 80
220.593 222.031 59
221.31 221.565 75
222.388 222.563 73
222.748 223.102 73
224.598 224.961 81
224.777 225.138 74
224.961 225.31 81
225.138 225.492 74
225.674 226.034 81
226.034 226.408 81
226.406 226.755 78
226.408 226.756 81
226.577 226.828 74
228.945 229.314 86
229.313 229.668 81
229.314 229.67 86
229.318 230.035 62
230.032 230.391 81
230.034 230.392 86
230.391 230.78 81
230.392 230.778 86
230.581 230.784 78
230.778 231.134 86
230.78 231.134 81
230.78 232.695 69
230.78 232.236 66
230.781 232.236 62
231.134 231.501 86
231.134 231.505 81
231.502 231.864 78
231.684 232.051 74
231.864 232.419 78
231.865 232.695 81
232.051 232.695 74
232.233 232.594 83
232.233 232.596 86
232.236 232.695 66
232.236 232.695 62
232.594 232.772 83
232.596 232.775 86
232.961 233.1 93
232.964 233.101 88
233.499 233.668 62
233.675 233.714 60
234.766 234.857 83
235.123 235.218 84
235.128 235.219 72
235.131 235.222 48
235.844 235.887 72
236.93 237.023 83
237.29 237.385 76
237.829 238.003 64
238.372 238.463 69
238.372 238.466 60
239.096 239.187 83
239.457 239.558 72
239.996 240.171 62
240.174 240.216 72
241.281 241.379 71
241.686 241.784 71
241.687 241.785 83
245.127 246.782 69
245.344 246.782 74
245.417 246.782 76
245.641 246.782 81
245.708 246.782 83
245.859 246.782 86
245.929 246.782 88
246.086 246.782 91
246.163 246.782 93
246.239 246.782 95
246.317 246.782 96
246.401 246.782 98
246.475 246.782 100
246.562 246.782 101
246.642 246.782 103
246.73 247.135 105
