0.923981 1.72999 65
1.33098 2.156 62
1.72999 2.156 65
2.53399 2.93399 65
2.91698 3.76299 62
3.31899 3.76299 65
3.74898 5.39001 57
4.14499 4.954 65
4.54501 5.404 60
4.954 5.404 65
5.39001 7.04599 57
5.789 6.58799 65
6.18899 7.04599 60
6.58799 7.04599 65
9.41299 10.259 55
13.921 15.152 55
14.726 15.152 59
15.551 16.811 60
18.027 18.442 57
19.64 20.0879 62
22.1559 22.9789 65
22.5659 23.437 62
23.826 24.651 62
24.651 25.0819 62
25.0649 26.7349 57
27.147 27.5389 65
27.4059 27.5389 69
27.5389 28.3639 61
29.9999 31.6409 56
30.4059 31.2109 65
30.8089 31.6549 60
31.2109 31.6549 65
31.6409 33.2959 56
32.0509 32.8459 65
32.8459 33.2959 65
35.7099 36.5609 54
42.2919 43.1308 55
43.5268 43.9538 56
44.3388 45.1438 56
45.1378 45.9278 55
46.7578 47.1528 56
47.5588 47.9788 56
48.7608 49.6268 55
49.6138 51.2558 57
50.8208 51.2758 60
51.2558 52.0778 57
51.6648 52.0778 60
52.0638 52.9008 58
52.0638 52.8998 55
52.4558 52.9008 60
52.8998 54.5408 52
53.7118 54.1068 60
54.1068 54.5478 60
54.5408 55.3668 52
55.3468 56.2037 64
55.3478 56.2037 58
55.3498 56.2037 55
56.1907 57.8317 57
57.0027 57.4017 60
57.4017 57.8457 60
57.8317 58.6497 57
58.2447 58.6497 60
58.6367 59.4767 55
58.6397 59.4777 58
59.0327 59.4777 60
59.4767 61.1187 52
60.2857 60.6867 60
60.6867 61.1247 60
61.1187 61.9367 52
61.9237 62.7767 64
61.9257 62.7767 55
61.9267 62.7767 58
62.7607 63.9667 57
64.8167 65.2166 76
69.3006 71.3306 62
69.3046 70.9396 60
69.3056 70.9396 57
72.5566 73.3786 57
74.9686 75.7946 64
75.7946 76.6226 64
75.7976 76.6226 57
76.4066 76.6226 68
77.0076 77.4496 60
77.4426 78.2575 57
77.8516 78.2575 60
78.2476 79.0875 58
78.2506 79.0875 55
78.6386 79.0875 60
79.0866 80.7275 52
79.8965 80.2945 60
80.2945 80.7285 60
80.7275 81.5475 52
81.5345 82.3835 64
81.5345 82.3835 58
81.5345 82.3835 55
82.3705 84.0115 57
83.1825 83.5815 60
83.5815 84.0325 60
84.0115 84.8335 57
84.4215 84.8335 60
84.8205 85.6575 55
85.6575 87.2975 52
86.4735 86.8715 60
86.8715 87.3085 60
87.2975 88.1245 52
88.1105 88.9605 64
88.1135 88.9605 55
88.1135 88.9605 58
88.9495 90.1424 57
91.0014 91.4024 76
95.5304 97.1694 60
95.5334 97.1694 57
101.239 102.012 64
103.29 103.45 77
103.528 103.695 76
108.616 109.439 62
113.919 114.728 57
114.728 115.141 57
115.225 115.396 69
115.312 115.484 67
115.396 115.575 69
115.742 115.91 69
115.91 116.071 69
115.952 117.426 52
116.229 116.386 69
116.543 116.698 69
116.621 116.772 67
116.705 118.304 48
116.772 116.932 67
116.856 117.009 69
117.157 117.338 69
117.426 118.304 52
119.677 119.844 76
119.83 120.66 62
120.643 121.538 60
121.458 123.078 57
122.68 122.833 77
123.064 123.894 62
124.696 125.504 57
125.504 126.386 57
125.937 126.386 62
126.368 127.243 60
126.797 127.257 62
132.416 132.829 65
132.816 133.642 62
133.218 133.642 65
134.023 134.411 65
134.406 135.252 62
134.801 135.252 65
135.231 136.873 57
135.633 136.439 65
136.035 136.886 60
136.439 136.886 65
136.873 138.537 57
137.271 138.079 65
137.673 138.537 60
138.079 138.537 65
140.897 141.748 55
142.129 142.928 58
145.406 146.634 55
147.033 148.296 60
149.518 149.931 57
151.131 151.548 62
151.95 152.769 65
153.994 154.862 62
155.25 156.076 62
156.076 156.507 62
156.49 157.36 57
158.632 159.021 65
166.766 167.155 58
173.336 174.137 58
174.137 174.575 58
174.97 175.393 56
179.811 180.272 58
180.262 181.193 64
183.23 183.643 65
183.626 184.466 63
183.629 184.465 60
184.018 184.466 65
184.463 186.104 57
184.871 185.274 65
185.274 185.679 65
186.517 186.933 65
186.916 187.78 69
186.919 187.78 60
186.919 187.78 63
187.311 187.78 65
187.767 189.404 62
188.176 188.585 65
189.824 190.236 65
190.22 191.06 63
190.222 191.059 60
190.616 191.06 65
191.059 192.699 57
193.114 193.52 65
193.507 194.357 60
193.902 194.357 69
193.902 194.357 65
194.343 195.539 62
198.428 198.781 75
199.663 200.086 74
200.068 200.432 72
200.927 202.554 65
202.548 203.152 75
202.55 202.95 72
204.167 205.004 62
206.667 207.482 69
207.483 208.301 62
207.485 208.301 58
207.891 208.295 65
208.295 208.486 65
208.689 209.137 65
209.123 209.942 62
209.526 209.942 65
209.929 210.769 63
209.93 210.765 60
210.32 210.769 65
210.768 212.407 57
211.179 211.577 65
211.577 211.976 65
212.82 213.229 65
213.218 214.065 60
213.607 214.065 69
213.611 214.065 65
214.052 215.689 62
214.054 215.693 58
216.102 216.516 65
216.502 217.346 63
216.502 217.345 60
216.901 217.346 65
217.345 218.938 57
218.154 218.552 65
219.329 219.743 65
219.725 220.579 63
219.725 220.579 60
220.124 220.579 65
220.341 220.579 69
220.566 221.432 62
220.568 221.432 58
226.085 226.487 74
227.166 228.798 74
227.169 228.798 71
228.794 229.395 75
228.794 229.193 72
230.442 231.271 62
234.849 234.947 70
234.947 235.108 70
243.976 244.788 62
244.788 245.205 62
245.6 246.415 62
246.415 246.867 62
246.794 246.864 72
246.864 247.045 72
246.954 247.133 74
247.283 248.043 63
247.462 247.623 74
247.665 249.148 57
247.781 247.938 74
248.043 248.792 63
248.095 248.253 74
248.333 248.49 72
248.407 248.564 74
248.564 248.729 74
249.058 249.236 74
249.148 249.964 57
249.236 249.425 74
250.356 251.571 62
251.172 251.329 70
251.557 252.389 67
253.191 254.805 62
253.594 254.805 65
254.407 254.563 70
254.407 254.805 66
254.714 254.805 70
256.82 257.244 62
256.821 257.244 65
257.647 258.084 60
258.074 258.494 62
258.493 258.956 65
258.938 259.404 63
259.405 259.995 60
259.995 262.098 60
259.999 262.068 65
262.064 265.747 62
262.067 265.747 70
262.068 265.747 65
