9.89198 13.333 70
12.934 13.753 72
13.753 16.714 68
30.003 31.385 44
35.421 38.732 70
39.167 39.576 73
39.58 40.051 75
40.055 41.316 73
40.056 41.318 80
41.321 42.579 73
42.9959 46.351 70
46.789 47.198 73
46.793 47.678 59
47.203 47.679 75
47.682 48.371 82
50.709 51.083 75
50.709 53.585 70
55.3779 56.4179 82
55.3809 57.1879 89
55.3849 57.1879 65
56.4219 56.7989 87
56.4219 56.8029 82
56.4249 56.8029 75
56.8069 57.1889 82
56.8099 57.1559 87
56.8099 57.1559 75
56.8129 57.1909 70
57.1909 57.5789 75
57.1919 57.5799 87
57.1949 57.5799 82
57.5839 57.9609 82
57.5869 57.9639 73
57.5869 57.9649 85
57.9689 58.3109 73
57.9689 58.3119 85
57.9709 58.3119 82
58.3459 58.7419 85
58.3459 58.7419 73
58.3469 58.7429 82
58.7459 59.1219 82
58.7489 59.1259 84
58.7519 59.1279 70
59.1299 59.4729 82
59.1339 59.4729 84
59.1369 59.4769 70
59.5019 60.1029 84
59.5019 60.1069 82
59.5049 60.1099 70
60.1099 60.7819 82
60.1139 60.7829 73
60.1139 60.7859 85
60.7929 62.1789 82
62.8189 63.8659 82
62.8229 64.2369 89
62.8269 64.2379 65
63.8699 64.2399 90
63.8699 64.2409 82
63.8729 64.2439 75
64.2469 64.6109 82
64.2479 64.6119 89
64.6179 64.9579 87
64.6189 64.9579 75
64.6219 64.9589 82
64.9859 65.3569 89
64.9899 65.3599 82
65.3639 65.7269 82
65.3639 65.7279 87
65.3679 65.7309 75
65.7349 66.0809 85
65.7349 66.0839 82
65.7379 66.0849 73
66.1189 66.5009 82
66.1199 66.5009 75
66.1199 66.5019 87
66.5079 66.8479 73
66.5089 66.8479 82
66.5089 66.8509 85
66.8789 67.4289 82
66.8799 67.4329 84
66.8839 67.4849 70
67.4859 68.1639 85
67.4879 68.1639 73
67.4889 68.1649 82
67.4889 68.1649 61
67.4919 68.1669 66
67.4919 68.1669 70
68.1709 70.0368 82
70.0408 70.5548 66
70.5578 71.0688 75
70.5578 71.0718 80
71.0758 71.6068 72
71.6108 72.1508 82
73.0598 73.4068 75
73.0638 73.4068 72
73.4068 73.7258 72
73.4068 73.7218 75
73.4098 73.7288 60
73.7218 74.0618 75
73.7258 74.0618 72
74.0618 74.3518 72
74.0618 74.3518 75
74.0628 74.3528 78
74.3728 74.7198 72
74.3758 74.7208 75
74.7278 75.7488 72
74.7278 75.7508 75
76.2778 77.2848 73
76.2798 77.2878 61
77.8108 78.3388 82
79.2198 79.5528 70
79.2208 79.5538 75
79.5528 79.8638 70
79.5538 79.8678 75
79.5538 79.8678 66
79.8638 80.1978 70
79.8678 80.1968 66
79.8678 80.1978 75
80.1978 80.4807 70
80.1978 80.4807 75
80.5077 80.8417 72
80.5117 80.8437 77
80.8477 81.8457 70
80.8487 81.8457 75
82.3737 83.3817 73
82.3747 83.3827 70
83.8937 84.4207 82
83.8957 84.4247 85
85.3027 85.6287 82
85.3037 85.6297 70
85.6357 85.9367 82
85.9467 86.2727 82
86.2807 86.5707 82
86.5917 86.9317 72
86.9377 87.2487 70
86.9387 87.2497 82
87.2767 87.6057 82
87.6137 87.7807 87
87.6167 87.7817 75
87.6167 87.7837 82
90.0176 90.9836 76
91.0746 93.0776 68
91.1126 93.0796 73
93.2446 94.8826 66
94.8896 95.9076 37
95.0536 95.9076 44
95.7436 95.9216 61
96.4336 96.9646 56
96.6056 96.9646 60
98.0506 99.0875 37
98.2146 99.0875 44
98.9045 99.0875 61
99.0865 100.067 41
99.7375 100.067 60
100.41 101.057 56
100.739 101.057 68
101.212 101.974 44
101.691 102.006 75
102.314 102.931 65
105.593 105.761 46
105.755 106.693 39
105.901 106.521 46
107.276 107.587 60
107.585 108.477 42
108.026 108.439 58
108.481 109.408 72
109.086 109.408 60
109.871 110.272 58
110.017 110.272 60
110.759 111.12 58
114.292 114.715 75
115.838 115.979 70
115.979 116.356 70
129.194 129.911 59
132.295 132.435 76
132.737 132.876 73
133.842 133.978 54
135.697 135.836 42
135.98 136.12 42
136.264 136.417 42
136.571 138.173 61
136.736 137.072 51
136.904 137.243 44
137.072 137.404 51
137.24 137.61 56
137.404 137.61 51
137.568 138.453 58
137.569 137.869 44
138.472 138.769 44
139.227 139.392 51
139.389 140.96 61
139.871 140.197 51
140.197 140.382 51
140.355 141.212 58
140.96 141.212 44
141.258 141.555 44
141.856 142.76 70
142.16 143.003 61
142.161 142.469 44
142.76 143.049 70
142.76 143.053 75
143.347 143.847 58
143.789 143.939 51
143.939 144.813 58
144.23 144.813 60
144.523 144.813 63
144.81 145.392 70
144.811 145.646 61
144.811 145.105 44
145.104 145.646 72
145.391 145.675 75
145.392 145.678 70
145.394 145.646 44
145.98 146.542 58
146.567 147.482 68
146.867 147.482 60
147.011 147.313 51
149.773 150.267 70
150.891 151.194 56
152.699 153.274 70
152.871 153.274 72
153.746 154.25 75
153.903 154.25 78
154.057 154.25 82
154.371 155.131 70
154.834 155.131 78
154.988 155.143 84
155.3 156.087 70
155.773 156.087 78
155.926 156.087 82
157.386 157.987 73
158.401 159.245 73
158.586 159.245 75
159.707 160.721 72
160.281 160.721 84
163.812 164.456 75
164.005 164.456 89
164.008 164.456 85
164.008 164.456 77
164.194 164.456 81
164.4 167.697 84
167.319 168.088 82
167.322 168.109 70
167.509 168.109 73
167.697 168.109 84
167.893 168.109 80
168.088 170.066 82
169.412 170.706 65
170.066 171.47 82
170.91 173.951 66
171.106 171.855 84
171.107 171.855 80
171.107 173.951 68
171.288 173.951 72
171.473 173.951 75
171.659 173.951 78
171.855 174.389 80
173.122 174.389 63
174.774 175.443 82
174.957 175.443 70
175.334 175.527 75
176.311 177.836 60
176.692 178.879 72
178.211 178.879 78
178.212 178.879 75
178.212 178.879 58
178.386 178.879 60
178.761 178.946 66
178.949 180.122 75
178.949 180.125 70
180.129 181.302 60
181.49 182.351 58
181.687 182.351 73
182.065 182.442 75
182.254 182.447 70
182.45 183.622 73
182.852 183.261 82
183.338 184.752 54
183.436 184.756 58
185.13 185.774 70
185.495 185.868 75
185.498 185.872 72
185.498 185.774 65
185.68 185.873 68
185.874 187.077 70
187.08 188.84 72
187.822 192.742 44
189.313 192.742 56
197.633 198.067 73
198.067 198.567 75
199.919 201.259 73
201.696 205.347 70
201.696 202.113 75
203.919 205.35 73
211.255 212.666 70
211.255 212.668 73
214.814 215.645 51
215.651 217.209 80
219.819 220.19 56
220.904 221.383 56
221.108 221.383 60
221.726 222.735 44
222.339 222.735 56
223.372 223.908 56
223.568 223.908 60
224.439 226.532 56
225.094 226.532 66
225.346 226.739 73
225.349 226.739 64
225.35 226.74 68
227.88 228.111 73
228.317 229.301 60
229.563 230.572 56
230.372 230.572 73
230.795 231.747 60
237.306 238.738 44
238.996 243.497 44
239.794 243.497 56
240.06 243.497 61
240.326 243.497 65
241.436 243.497 73
242.556 243.497 80
243.801 248.303 73
244.088 248.303 80
244.404 248.303 89
244.557 248.303 92
