1.843 1.95701 72
2.92301 3.04301 72
6.69705 6.81205 59
7.78107 7.90107 59
8.25807 8.37607 66
8.86707 8.98208 59
11.8881 12.1391 45
12.0101 12.1391 47
12.2521 12.5041 76
12.8711 13.2471 38
13.4911 13.6271 47
13.7421 13.973 76
13.865 13.984 74
14.106 14.228 76
17.1931 17.3051 72
22.0381 22.1601 59
23.1262 23.2442 59
25.9012 26.9551 74
26.5032 26.9551 94
26.6332 26.9551 29
26.7592 26.9551 101
26.7601 26.9551 26
27.1641 27.3752 76
27.1651 27.3752 72
27.1721 27.3752 45
30.2882 30.5262 71
31.8632 32.5552 86
32.1082 32.5552 34
32.2342 32.5552 29
32.3592 32.5552 101
32.3622 32.5552 26
32.7732 32.9822 72
32.7762 32.9862 45
33.1962 33.4272 71
33.1992 33.4302 76
33.1992 33.4302 40
33.1992 33.4312 47
33.6612 34.7641 72
33.6612 34.7641 76
33.6642 34.7672 36
33.6672 34.7702 33
34.8161 34.8721 47
34.8721 34.9242 48
34.9772 35.0752 76
35.1712 35.2682 53
35.5651 35.6632 69
35.7612 35.8772 76
36.2222 37.3322 72
36.2301 37.3392 29
36.2301 37.3402 36
36.2301 37.3402 33
36.2332 37.3402 41
37.3882 37.4381 43
37.4381 37.4901 45
37.4901 37.5431 47
37.5442 37.6412 72
37.5461 37.6441 36
37.5461 37.6451 48
37.9411 38.0371 36
40.1262 40.3392 34
40.5522 40.7632 65
40.5602 40.7692 74
40.9792 41.1932 72
40.9842 41.2012 36
45.2081 46.3941 45
47.6411 48.5431 47
47.6441 48.5431 44
49.4321 49.877 59
49.4331 49.877 53
50.794 51.263 64
50.794 51.267 60
51.263 51.753 59
51.263 51.753 64
52.138 52.825 62
53.324 59.575 82
59.789 60.223 48
60.223 60.856 48
60.849 62.12 67
60.853 62.12 40
61.06 61.472 48
61.265 62.12 55
62.113 63.362 72
62.113 63.366 60
62.114 63.376 41
62.32 62.739 48
62.529 63.376 57
63.366 64.63 60
63.573 63.986 48
63.775 64.636 52
64.192 64.636 55
64.84 65.2559 48
65.2559 65.8779 48
65.7669 65.8779 69
65.8719 67.1169 67
65.8719 67.1169 40
66.0749 66.4809 48
66.2809 67.1169 55
67.1079 68.3499 72
67.1109 68.3529 41
67.3139 67.7239 48
67.5209 68.3529 57
67.7239 68.3529 48
68.5539 68.9659 48
68.9659 69.6029 48
69.1729 69.6029 55
70.2149 70.8559 49
70.4209 70.8559 55
70.8489 72.1088 74
71.0559 71.4688 50
73.3908 74.6698 65
74.2278 74.6698 62
75.9348 77.1968 62
75.9348 77.1968 43
76.3508 77.1968 55
76.5608 77.1968 50
76.7638 77.1968 58
77.1868 78.4408 60
77.3968 77.8068 48
77.5978 78.4438 52
77.8068 78.4438 48
78.0128 78.4438 55
78.6428 79.0568 48
78.8468 79.7008 57
79.6898 80.9738 36
79.8968 80.3238 48
80.1068 80.9738 72
80.1088 80.9738 55
80.3238 80.9738 48
80.7438 80.9738 67
80.9608 81.3908 57
80.9608 82.2588 65
80.9638 82.2518 41
81.1748 81.6078 48
81.3908 82.2588 57
81.6048 82.2588 67
81.6078 82.2588 48
82.6828 83.0978 60
84.3578 84.7958 62
86.0628 87.3338 62
86.0668 87.3338 43
86.4798 87.3338 55
87.5298 87.9428 48
87.7338 88.5858 52
87.9428 88.5858 48
88.1498 88.5858 55
88.5788 89.8388 41
88.7758 89.1928 48
89.1928 89.8388 48
89.8258 91.1268 36
90.0388 90.4698 48
90.2538 91.1268 72
90.2558 91.1268 55
90.9048 91.1268 67
91.1178 92.4648 65
91.1198 91.9958 57
91.1208 92.4608 41
91.3378 91.7788 48
92.4568 93.8258 60
92.4578 93.8258 69
92.4608 93.8298 41
92.6748 93.1158 48
93.1158 93.8298 48
93.3368 93.8298 57
93.8238 95.2128 64
94.0368 94.4848 48
94.2598 95.2168 52
94.4848 95.2168 48
94.7188 95.2168 57
95.2128 96.9028 64
95.2158 96.9068 68
95.2168 96.5738 40
95.6708 96.5738 52
95.9198 96.5738 47
96.1758 96.5738 56
97.1488 97.2668 72
97.3868 97.5008 72
97.7468 97.9878 66
98.2238 98.3448 72
98.4598 98.5828 72
98.5828 98.7059 74
98.8279 99.0739 66
99.3109 99.4298 72
99.5449 99.6679 72
99.6689 99.7899 74
99.7909 99.9049 72
100.032 100.144 72
102.101 102.352 64
103.077 103.196 59
103.56 103.679 66
104.165 104.281 59
105.248 105.37 59
105.73 105.975 66
105.849 105.976 52
106.091 106.336 52
108.269 108.516 76
108.269 108.516 45
108.516 108.885 38
108.635 108.891 76
108.758 108.891 47
109.005 109.265 45
109.629 110.008 38
109.749 110.008 45
110.252 110.378 74
122.206 122.443 74
124.145 124.469 93
124.675 124.894 71
124.676 124.894 79
124.679 124.894 76
124.68 124.894 47
125.097 125.344 71
129.748 130.07 93
129.88 130.07 96
130.28 130.497 76
130.284 130.497 47
130.692 130.962 71
130.693 130.962 75
130.697 130.962 47
131.136 132.229 83
131.137 132.229 88
132.643 132.74 48
133.699 134.805 74
137.164 137.458 71
137.167 137.458 76
137.602 137.822 72
139.821 140.065 71
139.824 140.065 47
141.469 141.563 71
141.473 141.567 47
141.654 141.76 82
141.853 141.952 71
142.054 142.152 48
142.25 142.366 47
143.894 143.986 45
144.084 144.182 46
144.479 144.58 46
146.033 146.246 47
146.482 146.94 48
146.482 146.934 45
146.934 147.391 45
147.384 147.849 47
147.836 148.305 48
148.294 148.767 47
148.767 149.253 47
150.832 156.928 89
157.075 158.255 76
157.296 157.727 55
157.51 158.367 60
157.727 158.367 55
157.947 158.367 64
158.255 158.367 76
158.357 159.621 74
158.563 158.98 55
158.774 159.621 62
158.98 159.621 55
159.19 159.621 65
159.827 160.24 55
160.03 160.884 64
160.24 160.884 55
161.077 161.493 55
161.283 162.144 65
161.493 162.144 55
162.133 163.275 76
162.34 162.764 55
162.55 163.382 60
162.764 163.382 55
162.974 163.382 64
163.275 163.382 76
163.38 164.625 74
163.575 163.985 55
163.782 164.625 62
163.985 164.625 55
164.195 164.625 65
164.818 165.231 55
165.021 165.86 64
165.854 167.114 79
166.06 166.473 55
166.68 167.114 62
168.556 168.976 57
169.83 170.253 60
170.891 172.167 72
171.104 171.524 60
171.314 172.167 65
171.524 172.167 60
171.73 172.167 69
172.378 172.802 57
173.013 173.448 64
173.438 174.698 69
173.649 174.062 57
173.852 174.698 62
174.062 174.698 57
174.271 174.698 65
174.694 175.941 67
174.898 175.308 55
175.105 175.945 65
175.308 175.945 55
175.944 177.205 48
176.151 176.557 55
176.353 177.205 64
176.557 177.205 55
177.194 178.478 65
177.198 178.478 43
177.405 177.825 55
177.617 178.478 62
178.038 178.478 76
178.248 178.478 74
178.462 179.773 72
178.464 178.892 64
178.464 179.759 48
178.675 179.115 55
178.892 179.773 64
179.112 179.773 74
179.115 179.773 55
179.33 179.773 60
179.97 180.389 60
181.237 181.653 60
181.446 182.297 65
181.653 182.297 60
181.864 182.297 69
182.507 182.931 57
183.143 183.581 64
183.567 184.832 69
183.778 184.191 57
183.987 184.832 62
184.191 184.832 57
184.401 184.832 65
185.038 185.444 55
185.241 186.087 65
185.444 186.087 55
185.657 186.087 62
186.08 187.34 48
186.287 186.7 55
186.491 187.34 64
186.7 187.34 55
187.33 188.63 65
187.333 188.63 43
187.543 187.974 55
187.764 188.63 62
188.405 188.63 74
188.628 189.965 72
188.629 189.504 64
188.629 189.962 48
188.842 189.28 55
189.063 189.965 60
189.28 189.965 55
189.504 189.965 64
189.958 191.324 76
189.961 191.327 67
189.962 191.334 48
190.179 190.624 55
190.404 191.334 60
190.624 191.334 55
190.837 191.334 64
191.328 192.716 71
191.544 191.993 55
191.768 192.72 59
191.993 192.72 55
192.22 192.72 64
192.714 194.419 75
192.716 194.419 66
193.682 194.419 63
195.387 195.706 45
195.51 195.706 101
197.606 198.082 62
198.067 199.426 74
198.072 199.433 68
198.072 199.427 65
198.957 199.433 62
199.426 200.823 74
199.427 200.819 69
199.863 200.823 57
200.326 200.823 62
200.819 202.524 69
200.819 202.524 64
200.822 202.524 73
201.044 201.523 52
201.281 202.524 57
201.523 202.524 52
201.785 202.524 61
202.755 203.812 72
205.275 206.213 56
205.73 206.213 60
206.205 207.609 66
206.213 207.606 44
206.66 207.609 56
207.119 207.609 60
207.605 210.283 68
207.605 210.283 65
207.606 209.015 75
207.606 209.013 44
208.049 209.015 56
208.519 209.015 61
209.457 210.283 56
209.68 210.283 53
210.623 211.085 44
211.085 211.71 44
211.703 213.317 66
211.762 213.317 72
212.06 212.536 44
212.536 213.317 44
212.82 213.315 56
213.313 214.479 73
213.443 213.699 75
213.954 214.207 78
214.207 214.468 78
214.717 214.976 82
215.102 215.617 84
215.613 217.875 56
215.613 217.88 60
215.616 216.736 51
215.617 217.878 49
216.605 216.736 84
216.731 217.88 54
217.353 217.88 80
217.475 217.88 78
217.874 219.029 73
217.875 220.157 56
217.878 220.16 49
217.878 220.162 52
218.126 218.381 76
219.274 220.162 81
219.655 220.162 84
220.159 222.364 60
220.16 221.255 51
221.245 222.364 54
221.363 221.609 83
222.105 222.364 76
222.361 222.724 52
222.362 222.725 61
224.067 224.189 64
224.31 224.563 64
224.804 224.924 76
226.268 226.394 64
226.761 226.877 76
228.473 228.596 67
228.722 228.974 67
229.215 229.333 68
229.579 229.702 69
229.824 230.077 69
230.076 230.44 66
230.807 231.049 64
230.927 231.183 70
231.049 231.183 64
231.179 231.357 90
231.182 231.308 71
231.907 232.285 75
233.013 233.262 62
233.388 233.604 69
233.628 233.748 64
235.347 235.599 69
235.599 235.719 64
235.718 235.837 66
236.204 236.324 69
236.331 237.069 74
236.705 237.069 64
237.437 237.685 65
237.559 237.811 69
237.811 237.927 64
237.926 238.048 66
238.416 238.535 69
238.914 239.281 64
239.768 240.016 69
240.135 240.254 66
240.254 240.38 68
240.615 240.737 69
240.86 240.978 69
242.417 242.536 72
247.271 247.39 59
248.36 248.475 59
249.446 249.56 59
250.046 250.176 52
250.527 250.887 52
253.071 253.264 101
253.072 253.264 26
253.466 253.683 72
253.467 253.683 64
253.47 253.683 76
253.887 254.135 71
259.497 259.952 94
259.624 259.952 98
259.624 259.952 29
259.749 259.952 101
259.753 259.952 26
260.158 260.376 72
260.162 260.376 76
260.59 260.817 71
261.643 262.273 86
261.888 262.273 34
262.016 262.273 29
262.14 262.273 101
262.143 262.273 26
262.538 262.741 74
262.941 263.137 72
263.337 263.53 31
263.725 263.92 72
263.729 263.925 75
264.124 264.319 74
264.131 264.328 59
264.527 264.722 93
264.915 265.111 74
265.318 265.528 73
265.318 265.529 76
265.941 266.144 70
266.144 266.353 70
266.151 266.358 58
266.152 266.357 52
266.354 266.557 67
266.357 266.564 52
266.557 266.767 70
266.557 266.77 67
266.56 266.767 76
266.56 266.77 73
266.564 266.774 52
266.767 266.969 70
266.767 266.973 76
266.77 266.97 73
266.774 266.974 52
266.775 268.226 58
266.969 267.18 70
266.97 267.181 73
266.973 267.18 76
266.974 267.183 52
267.18 267.382 76
267.18 268.226 70
267.181 267.383 73
267.183 267.386 46
267.383 267.586 73
267.386 267.592 46
267.387 267.593 52
267.389 267.59 43
267.585 267.792 76
267.586 268.226 73
267.8 268.009 46
268.005 268.226 85
268.006 268.226 76
268.009 268.226 46
268.01 268.226 43
268.22 268.576 74
268.222 268.576 86
269.531 269.888 86
269.538 269.888 45
272.115 272.335 76
273.722 274.151 52
273.935 274.788 57
274.68 274.788 73
274.785 276.049 71
274.786 276.049 44
274.988 275.405 52
275.618 276.049 62
276.046 277.299 64
276.252 276.665 52
277.505 277.918 52
277.711 278.565 56
277.918 278.565 52
278.124 278.565 74
278.766 279.188 52
278.982 279.815 57
279.188 279.815 52
279.7 279.815 73
279.801 281.057 71
279.802 281.057 44
280.011 280.407 52
280.62 281.057 62
281.044 282.279 76
281.247 281.649 52
281.649 282.289 52
282.279 283.542 76
282.489 282.899 52
282.689 283.542 56
282.899 283.542 52
283.941 284.791 56
285.191 286.038 57
285.614 286.038 62
286.472 286.889 64
287.319 288.6 69
287.533 287.949 57
287.743 288.6 62
287.949 288.6 57
288.162 288.6 66
289.226 289.877 54
289.861 291.13 66
290.277 291.13 59
290.699 291.13 62
291.12 292.367 64
291.323 291.737 52
291.533 292.38 62
291.737 292.38 52
291.945 292.38 74
292.367 293.626 64
292.576 292.982 52
292.982 293.626 52
293.622 294.896 62
293.829 294.253 52
294.04 294.896 76
294.249 294.896 74
294.466 294.896 56
294.673 294.896 71
294.89 296.191 69
294.89 295.324 61
295.103 295.54 52
295.324 296.191 61
295.537 296.191 71
295.754 296.191 57
296.613 297.031 64
297.661 298.078 57
297.872 298.728 62
298.078 298.728 57
298.291 298.728 66
299.359 300.007 54
300.0 301.267 66
300.413 301.267 59
300.829 301.267 62
301.463 301.872 52
301.668 302.516 62
301.872 302.516 52
302.079 302.516 74
302.713 303.125 52
303.125 303.769 52
303.759 305.067 62
303.972 304.403 52
304.189 305.067 76
304.403 305.067 74
304.403 305.067 52
304.62 305.067 56
304.833 305.067 71
305.051 306.388 69
305.271 305.708 52
305.488 306.391 57
305.708 306.391 52
305.929 306.396 61
307.562 307.656 76
307.951 308.052 76
308.812 309.994 47
310.768 310.884 74
311.234 312.116 48
312.116 312.329 57
312.117 312.33 45
312.564 313.015 46
313.905 314.373 59
314.817 315.3 59
316.368 316.512 44
316.509 316.638 42
316.642 316.764 59
316.644 316.767 44
316.771 316.9 45
317.439 317.713 42
317.713 317.842 42
317.846 317.975 44
317.98 318.108 45
318.92 319.049 42
319.053 319.182 44
320.134 320.333 45
320.263 320.393 47
320.942 321.363 76
321.367 321.576 45
321.906 322.042 48
322.045 322.175 62
322.179 322.601 76
322.602 322.805 45
322.732 322.864 47
322.868 323.004 48
322.868 323.004 36
323.414 323.844 76
323.844 324.239 76
323.845 324.239 33
325.115 325.532 36
325.119 325.531 45
325.119 325.528 33
325.528 325.951 33
325.528 325.952 40
325.531 325.955 45
325.532 325.955 36
325.948 326.414 60
325.951 326.417 33
325.952 326.417 40
325.955 326.421 36
326.416 326.872 64
326.417 326.872 40
326.421 326.872 36
