0.551986 2.029 50
0.673986 1.868 62
0.733987 2.029 66
1.868 2.878 62
1.91099 2.88 67
2.988 4.16101 62
3.037 4.26301 69
4.16101 5.32601 62
4.20702 5.32601 67
6.38401 7.46501 62
10.724 11.833 72
12.901 13.87 50
14.052 15.269 66
15.161 16.194 62
16.187 17.545 50
16.337 17.545 69
17.437 18.584 62
17.489 18.584 67
21.8189 22.9209 62
26.1659 30.2479 66
36.8588 37.9258 74
45.2868 46.3918 62
48.5017 49.5837 62
48.5027 49.5877 47
60.6277 63.6777 43
61.8527 63.1817 55
61.8557 63.1817 50
65.4817 65.7717 62
67.3707 67.8127 66
70.1157 70.4057 62
74.0257 74.1787 62
75.1907 75.3377 66
76.7827 77.0806 69
76.7836 77.0836 71
79.5546 79.8836 62
80.9996 81.1516 62
81.2836 81.7386 45
81.4346 81.7386 62
81.8646 82.1486 62
83.7516 84.0416 74
83.8916 84.0486 55
85.6276 85.7875 62
86.0545 86.3515 62
86.4855 86.7715 62
88.3605 88.6525 74
88.5015 88.6525 55
89.0825 89.2255 70
89.5195 89.8265 62
98.5276 98.8396 66
99.1346 100.048 71
100.938 101.255 66
101.547 102.463 71
102.613 103.082 42
103.376 103.688 66
103.838 104.324 42
104.78 104.938 61
106.715 107.013 62
114.117 114.272 62
114.118 114.275 67
115.906 116.074 62
116.204 116.666 50
116.505 116.666 62
117.104 117.272 60
118.604 119.06 42
119.82 120.173 62
120.999 122.182 62
123.205 124.579 54
123.354 124.579 69
124.384 125.622 55
126.698 127.779 62
131.773 132.15 52
134.365 135.59 66
137.645 138.899 55
142.129 143.224 62
146.483 150.557 66
157.174 158.234 74
165.596 166.694 62
168.812 169.893 62
168.815 169.897 47
174.28 175.399 57
177.587 178.71 52
177.59 178.71 55
182.165 185.34 43
183.659 188.71 55
183.66 188.71 59
183.662 188.712 50
185.34 187.026 43
187.026 192.066 43
188.71 192.07 59
188.712 192.07 50
