1.046 1.16503 57
1.067 1.26603 60
1.091 1.26702 64
1.10901 1.27003 69
1.13401 1.27102 72
1.14803 1.27102 81
1.66502 1.78103 69
2.16902 2.27403 64
3.88105 4.00006 69
4.37507 4.60911 59
4.46509 4.61311 88
5.57111 5.75714 60
5.58912 5.76113 64
5.61713 5.76412 72
6.06512 6.15213 69
6.70616 6.87716 71
6.72214 6.87716 76
7.27316 7.39217 64
7.8462 7.98722 72
8.29121 8.37421 69
8.93525 9.11124 71
8.96223 9.11324 88
10.0692 10.2483 61
10.0862 10.2483 76
10.1073 10.2493 81
10.1183 10.2513 85
10.1353 10.2513 93
11.1403 11.2453 62
11.7383 11.8543 74
12.1973 12.4353 43
12.2593 12.4423 59
12.2773 12.4423 74
12.2913 12.4463 79
12.3053 12.4463 83
12.3233 12.4473 91
13.2903 13.5263 48
13.3343 13.4333 60
13.3803 13.5343 76
13.9333 14.0523 72
14.4583 14.6403 65
14.4783 14.6413 71
14.4903 14.6433 77
14.5073 14.6433 83
14.5243 14.6443 89
15.0393 15.1544 71
15.6094 15.7604 76
16.0684 16.1554 69
17.0384 17.1784 75
17.5744 17.7554 62
18.8714 19.2604 57
18.9244 19.2604 76
18.9704 19.2604 85
19.4944 19.7404 81
20.5834 20.6464 74
20.6534 21.0664 62
21.2174 21.5814 59
21.2414 21.5814 74
21.8084 22.0574 79
22.3784 22.7214 64
22.9634 23.3214 72
24.1004 24.4584 70
24.1044 24.4594 62
25.2974 25.6694 69
26.2044 26.3524 75
28.3474 28.4624 88
28.7634 28.8154 57
29.2643 29.3094 76
29.7224 29.7774 52
30.1873 30.2253 72
30.3523 30.5263 57
30.7513 30.8673 57
32.4173 32.4553 81
32.9313 33.0473 57
33.0883 33.2083 72
33.3413 33.3823 68
33.3833 33.4393 76
33.8483 33.9083 52
33.9083 34.0263 71
34.3213 34.3663 72
34.8953 35.0183 57
35.0483 35.1683 72
36.0433 36.2113 88
36.0463 36.2113 76
36.5543 36.7653 69
36.6163 36.7673 85
36.6483 36.7683 93
37.1253 37.2473 69
38.0273 38.0803 62
38.4473 38.5393 62
39.1513 39.2673 67
40.0503 40.1063 60
40.4743 40.5363 60
40.5373 40.7403 50
40.6103 40.7413 83
41.1013 41.2163 59
41.2543 41.3773 71
41.5073 41.5513 76
42.0243 42.0733 57
42.0813 42.2023 76
42.9273 43.0683 75
43.4743 43.6323 71
47.8702 47.9952 45
48.9512 49.1432 52
60.1091 60.2391 59
61.1451 61.2011 48
61.1461 61.2051 52
62.989 63.066 37
63.133 63.63 65
63.133 63.631 57
65.132 65.254 36
66.126 66.6119 59
67.1199 67.6159 60
67.1199 67.6159 52
67.2379 67.3649 36
67.6239 67.7639 35
68.1589 68.7439 64
70.1499 70.2169 34
70.2059 70.4449 53
70.2069 70.4449 57
70.3289 70.4479 32
70.4489 70.5599 33
70.5599 70.6829 32
70.6859 70.8049 33
70.8059 70.9289 32
70.9309 71.0419 33
71.1729 71.4169 57
71.1729 71.2919 33
71.2919 71.4179 32
71.4179 71.5359 33
71.6629 71.9359 48
71.7959 71.9389 32
71.9399 72.0619 33
72.2029 72.3419 33
72.3419 72.4849 32
72.4849 72.6219 33
72.6219 72.8069 32
72.8099 73.1749 33
74.6829 74.8349 57
74.6859 74.8409 60
74.9669 75.0889 72
75.0919 75.3649 59
75.0919 75.3649 33
75.3589 75.5639 76
75.7569 75.9049 76
75.9049 76.0269 76
76.4439 76.9679 36
77.1019 77.2309 72
77.2339 77.5009 59
77.7609 78.3438 39
79.0138 79.1738 81
79.0158 79.1738 54
79.0158 79.1768 60
79.6958 79.8978 76
80.2418 80.3638 88
80.2418 80.3638 76
80.7728 81.3048 36
81.1578 81.3098 54
81.1588 81.3118 60
81.3158 81.4388 60
82.0968 82.6808 39
82.3828 82.6808 89
82.6698 82.8038 76
82.9508 83.1038 93
83.0788 83.1388 85
83.3528 83.5038 64
83.7578 84.0348 93
83.7588 84.0348 37
84.8338 85.1128 87
85.5058 85.6598 62
85.9148 86.1878 35
86.0438 86.1878 89
86.1818 86.3827 76
86.1818 86.4357 36
86.9857 87.2597 85
87.2587 87.4117 47
87.6507 87.8087 62
88.3337 88.4867 76
89.4217 90.0167 47
90.6397 91.3287 71
90.6437 91.2907 45
90.9677 91.3287 65
91.2907 91.4517 45
91.9867 92.2847 81
92.5707 92.7357 90
92.7117 92.8757 89
92.8517 93.0127 76
93.1387 93.2927 89
93.1427 93.2077 64
93.6887 93.8487 76
94.2517 94.5447 81
94.9728 95.1298 89
95.1098 95.2738 76
95.3928 95.5537 89
95.9317 96.0888 76
97.1348 97.3038 90
97.2828 97.4428 89
97.4198 97.5908 76
97.4198 97.4888 60
97.7108 97.7758 64
98.2568 98.4088 76
98.8118 99.0958 81
99.5158 99.6758 89
99.6488 99.8168 76
99.9358 100.091 89
100.492 100.646 76
101.423 101.497 62
102.834 103.11 74
103.11 103.394 69
103.397 103.464 59
103.678 103.846 90
104.791 104.857 53
105.347 105.511 76
108.311 108.479 75
109.466 109.635 64
109.897 110.069 48
111.098 111.29 64
112.305 112.491 64
112.466 112.564 52
113.495 113.688 64
114.686 114.881 64
115.07 115.137 42
115.217 116.124 33
115.217 116.124 45
116.425 117.327 44
117.615 118.513 45
120.045 120.961 37
120.656 120.961 76
122.445 123.368 59
124.863 125.78 62
125.984 126.074 62
127.289 128.205 62
127.29 128.205 38
127.912 128.205 76
128.059 128.237 64
128.552 129.493 45
129.872 130.733 96
129.875 129.98 33
129.876 129.981 36
130.446 130.554 40
130.734 130.835 95
130.87 130.977 93
130.872 130.982 45
130.873 130.982 48
131.149 131.248 93
131.152 131.248 48
131.699 131.801 59
131.969 132.08 59
132.119 132.973 72
132.251 132.353 59
133.54 133.69 71
133.83 134.478 76
133.831 134.478 52
135.332 135.43 95
135.468 135.57 93
135.612 135.714 59
135.741 135.847 93
135.742 135.847 48
136.017 136.12 64
136.151 136.256 84
136.427 136.53 72
136.428 136.532 57
137.698 137.859 84
138.265 138.425 65
138.409 139.004 64
138.411 139.004 52
139.574 139.676 61
139.85 139.963 83
139.851 139.963 74
139.994 140.1 85
140.138 140.243 53
140.271 140.372 88
140.408 140.505 93
140.544 140.648 45
140.679 140.963 93
140.683 140.963 85
140.816 140.963 98
140.82 140.963 95
140.823 140.963 45
141.093 141.24 98
141.094 141.24 38
142.098 142.203 72
142.384 142.48 76
142.647 142.752 88
142.78 142.892 89
142.783 142.892 93
143.06 143.238 96
143.06 143.238 93
143.063 143.238 84
143.196 143.294 98
143.2 143.299 95
143.333 143.491 96
143.336 143.491 36
143.49 143.812 47
144.074 144.371 59
144.074 144.371 62
144.213 144.371 75
144.652 144.98 33
144.655 144.98 45
144.655 144.98 42
144.658 144.97 39
144.837 144.98 93
144.97 145.26 39
145.103 145.26 42
145.236 145.536 75
145.243 145.536 45
145.379 145.536 70
145.527 145.828 47
145.529 145.828 59
145.673 145.828 48
145.821 146.11 71
145.823 146.11 69
145.827 146.11 57
145.967 146.11 75
146.101 146.411 76
146.681 147.01 72
147.003 147.794 62
147.004 147.794 65
147.007 148.362 45
150.045 150.28 76
151.665 151.812 76
151.928 152.24 76
152.226 152.425 64
152.227 152.425 71
153.689 153.927 76
155.19 155.337 53
157.356 157.591 76
158.977 159.12 76
159.236 159.551 76
159.54 159.73 64
159.541 159.733 71
161.0 161.238 76
164.672 164.91 76
164.673 164.913 45
168.545 168.784 43
168.546 168.784 56
173.642 173.725 62
173.811 173.842 71
175.55 175.928 76
176.306 176.389 60
176.394 176.473 62
177.229 177.261 65
177.23 177.265 71
177.574 178.07 62
177.727 177.765 69
178.073 178.147 76
178.22 178.262 68
178.221 178.262 76
178.725 178.759 74
179.144 179.218 76
179.714 179.792 83
179.795 179.834 81
179.795 179.834 89
180.3 180.723 88
180.3 180.724 84
182.526 182.708 45
182.977 183.071 71
182.978 183.071 64
183.064 183.393 42
183.065 183.243 52
183.349 183.414 64
183.349 183.414 59
183.441 183.723 64
183.723 183.816 64
183.979 184.156 52
183.981 184.163 45
184.353 184.534 41
184.443 184.534 59
184.444 184.534 63
184.527 184.72 52
184.528 184.849 40
184.626 184.849 59
184.72 184.849 52
184.94 185.308 72
185.223 185.308 76
185.388 185.56 76
185.927 186.029 71
186.012 186.319 42
186.298 186.372 71
186.4 186.68 76
186.404 186.77 72
186.405 186.77 45
186.68 186.77 76
186.851 187.023 76
186.932 187.111 45
187.023 187.111 72
187.11 187.488 44
187.397 187.488 75
187.576 187.765 76
187.877 188.251 73
188.244 188.531 49
188.322 188.493 76
188.493 188.56 73
188.675 188.951 74
188.85 188.951 76
189.311 189.602 62
189.312 189.601 74
189.316 189.689 71
189.518 189.689 45
189.599 189.689 72
189.601 189.689 74
189.683 189.962 47
189.77 189.938 74
189.852 189.962 43
189.935 189.997 62
189.938 189.998 74
189.939 189.998 71
190.023 190.396 48
190.305 190.396 84
190.682 190.761 84
190.792 191.156 62
191.065 191.188 83
191.234 191.504 76
191.408 191.504 83
191.947 192.14 76
192.14 192.244 76
192.14 192.244 85
192.143 192.244 82
192.34 192.65 74
192.536 192.686 93
192.539 192.689 84
192.738 193.082 93
192.739 192.963 88
193.079 193.547 81
193.081 193.834 84
193.082 193.834 88
193.082 193.834 93
193.546 193.834 72
193.547 193.834 76
194.636 194.695 64
194.881 194.939 64
196.412 196.469 76
196.487 196.787 76
196.676 196.732 64
197.302 197.369 57
197.431 197.484 69
197.708 197.765 64
197.974 198.038 76
198.678 198.944 88
199.686 199.966 88
199.72 199.78 95
199.721 199.781 56
200.718 200.999 88
202.584 202.787 76
207.012 207.074 89
207.971 208.026 76
211.782 211.841 76
211.842 211.964 77
211.904 212.024 76
211.964 212.087 77
212.024 212.143 76
212.087 212.203 77
212.203 212.325 77
212.261 212.384 76
212.325 212.443 77
212.384 212.499 76
212.443 212.556 77
212.499 212.615 76
212.556 212.675 77
212.675 212.791 77
212.731 212.847 76
212.791 212.905 77
212.847 212.965 76
212.905 213.021 77
212.965 213.081 76
213.021 213.144 77
213.144 213.27 77
213.27 213.406 77
213.336 213.469 76
213.469 213.595 76
213.533 213.661 77
213.661 213.781 77
213.781 213.917 77
213.847 213.981 76
213.917 214.05 77
213.981 214.114 76
214.05 214.183 77
214.114 214.239 76
214.183 214.306 77
214.306 214.439 77
214.371 214.501 76
214.439 214.565 77
214.501 214.624 76
214.565 214.687 77
214.624 214.767 76
214.764 217.788 83
214.764 216.23 88
214.765 217.788 74
214.767 214.82 76
214.82 214.953 77
214.883 215.019 76
215.019 215.149 76
215.083 215.209 77
215.149 215.268 76
215.209 215.331 77
215.268 215.391 76
215.331 215.446 77
215.391 215.509 76
215.446 215.562 77
215.562 215.681 77
215.622 215.738 76
215.681 215.797 77
215.797 215.919 77
215.856 215.975 76
215.919 216.039 77
215.975 216.098 76
216.039 216.16 77
216.098 216.231 76
216.231 216.289 76
216.29 216.346 77
216.349 216.475 76
216.413 216.535 77
216.475 216.599 76
216.535 216.654 77
216.599 216.714 76
216.654 216.773 77
216.714 216.836 76
216.773 216.892 77
216.892 217.015 77
216.954 217.075 76
217.015 217.137 77
217.075 217.207 76
217.27 217.411 77
217.344 217.48 76
217.411 217.543 77
217.48 217.613 76
217.613 217.756 76
217.684 217.788 77
217.753 220.654 84
217.753 220.654 88
217.754 220.654 72
217.756 217.816 76
217.816 217.942 77
217.879 218.002 76
217.942 218.065 77
218.002 218.131 76
218.065 218.187 77
218.131 218.247 76
218.187 218.303 77
218.247 218.363 76
218.303 218.418 77
218.418 218.541 77
218.478 218.593 76
218.541 218.653 77
218.593 218.709 76
218.653 218.768 77
218.768 218.891 77
218.824 218.951 76
218.951 219.073 76
219.014 219.13 77
219.073 219.192 76
219.192 219.243 76
219.244 219.363 77
219.363 219.475 77
219.475 219.595 77
219.538 219.658 76
219.595 219.713 77
219.658 219.769 76
219.769 219.892 76
219.825 219.948 77
219.892 220.007 76
219.948 220.063 77
220.063 220.179 77
220.179 220.301 77
220.301 220.427 77
220.364 220.49 76
220.49 220.648 76
220.644 223.545 86
220.648 220.707 76
220.707 220.83 77
220.77 220.889 76
220.83 220.946 77
220.889 221.004 76
220.946 221.064 77
221.004 221.12 76
221.064 221.173 77
221.173 221.289 77
221.229 221.34 76
221.289 221.397 77
221.34 221.449 76
221.397 221.509 77
221.449 221.562 76
221.509 221.62 77
221.62 221.733 77
221.68 221.792 76
221.733 221.852 77
221.792 221.915 76
221.852 221.985 77
221.985 222.093 77
222.062 222.12 76
222.125 222.18 77
222.181 222.304 76
222.247 222.363 77
222.304 222.419 76
222.363 222.478 77
222.478 222.594 77
222.535 222.653 76
222.594 222.709 77
222.709 222.832 77
222.769 222.891 76
222.832 222.948 77
222.891 223.007 76
222.948 223.063 77
223.007 223.122 76
223.063 223.186 77
223.122 223.244 76
223.308 223.455 77
223.378 223.545 76
223.542 226.58 84
223.543 226.58 81
223.545 223.608 76
223.609 223.738 77
223.679 223.802 76
223.738 223.861 77
223.802 223.916 76
223.861 223.983 77
223.916 224.039 76
223.983 224.099 77
224.039 224.155 76
224.099 224.215 77
224.155 224.27 76
224.215 224.33 77
224.33 224.446 77
224.389 224.505 76
224.446 224.56 77
224.505 224.62 76
224.56 224.676 77
224.62 224.736 76
224.676 224.795 77
224.795 224.914 77
224.852 224.981 76
224.914 225.044 77
224.981 225.114 76
225.114 225.243 76
225.177 225.31 77
225.243 225.369 76
225.369 225.498 76
225.433 225.554 77
225.554 225.688 77
225.618 225.76 76
225.76 225.891 76
225.821 225.957 77
225.891 226.02 76
225.957 226.077 77
226.02 226.15 76
226.077 226.212 77
226.15 226.272 76
226.212 226.339 77
226.339 226.465 77
226.402 226.539 76
226.465 226.58 77
226.535 229.558 83
226.538 228.002 88
226.538 229.558 74
226.539 226.594 76
226.594 226.728 77
226.728 226.86 77
226.791 226.923 76
226.86 226.983 77
226.923 227.043 76
226.983 227.105 77
227.043 227.164 76
227.105 227.221 77
227.164 227.28 76
227.221 227.336 77
227.28 227.396 76
227.336 227.455 77
227.396 227.511 76
227.455 227.571 77
227.511 227.635 76
227.571 227.694 77
227.694 227.815 77
227.757 227.879 76
227.815 227.935 77
227.935 228.032 77
228.002 228.06 76
228.061 228.123 77
228.127 228.246 76
228.19 228.313 77
228.246 228.372 76
228.313 228.429 77
228.372 228.491 76
228.429 228.551 77
228.551 228.667 77
228.607 228.732 76
228.667 228.788 77
228.732 228.852 76
228.788 228.911 77
228.911 229.045 77
228.978 229.122 76
229.045 229.184 77
229.122 229.251 76
229.184 229.321 77
229.321 229.454 77
229.384 229.535 76
229.454 229.558 77
229.531 232.422 84
229.531 232.422 88
229.534 232.422 72
229.535 229.596 76
229.597 229.727 77
229.661 229.793 76
229.727 229.856 77
229.856 229.978 77
229.912 230.035 76
229.978 230.095 77
230.035 230.15 76
230.095 230.217 77
230.15 230.273 76
230.273 230.389 76
230.333 230.448 77
230.448 230.57 77
230.57 230.686 77
230.627 230.745 76
230.686 230.799 77
230.799 230.914 77
230.858 230.974 76
230.914 230.993 77
230.974 231.028 76
231.029 231.151 77
231.088 231.207 76
231.151 231.267 77
231.267 231.383 77
231.328 231.442 76
231.383 231.498 77
231.442 231.557 76
231.498 231.616 77
231.616 231.732 77
231.676 231.788 76
231.732 231.848 77
231.848 231.971 77
231.911 232.03 76
231.971 232.086 77
232.086 232.212 77
232.149 232.279 76
232.342 232.422 77
232.411 238.284 86
232.416 232.464 76
232.464 232.583 77
232.527 232.643 76
232.643 232.758 76
232.703 232.817 77
232.758 232.87 76
232.817 232.93 77
232.93 233.039 77
232.986 233.094 76
233.039 233.146 77
233.146 233.259 77
233.206 233.315 76
233.259 233.374 77
233.315 233.43 76
233.374 233.489 77
233.43 233.548 76
233.489 233.605 77
233.548 233.669 76
233.605 233.734 77
233.734 233.849 77
233.818 233.87 76
233.875 233.937 77
233.938 234.06 76
233.997 234.116 77
234.116 234.234 77
234.176 234.29 76
234.234 234.35 77
234.29 234.406 76
234.35 234.466 77
234.406 234.522 76
234.466 234.582 77
234.522 234.641 76
234.582 234.697 77
234.697 234.813 77
234.756 234.878 76
234.813 234.935 77
234.878 234.998 76
234.935 235.064 77
235.135 235.328 76
235.328 235.474 76
235.404 235.54 77
235.474 235.603 76
235.54 235.666 77
235.666 235.782 77
235.726 235.848 76
235.782 235.905 77
235.848 235.964 76
235.905 236.02 77
236.02 236.138 77
236.079 236.195 76
236.138 236.254 77
236.31 236.426 76
236.37 236.486 77
236.426 236.544 76
236.486 236.602 77
236.544 236.66 76
236.66 236.787 76
236.723 238.284 77
240.29 241.168 76
241.098 244.077 86
241.099 241.228 77
241.168 241.295 76
241.228 241.351 77
241.351 241.47 77
241.414 241.532 76
241.47 241.588 77
241.532 241.654 76
241.588 241.71 77
241.71 241.826 77
241.767 241.886 76
241.826 241.942 77
241.886 242.002 76
241.942 242.058 77
242.002 242.118 76
242.058 242.169 77
242.118 242.225 76
242.169 242.285 77
242.285 242.407 77
242.344 242.47 76
242.407 242.537 77
242.537 244.077 77
246.1 246.943 88
246.101 246.943 84
246.923 246.985 77
246.985 247.115 76
247.052 247.175 77
247.115 247.238 76
247.175 247.294 77
247.294 247.416 77
247.353 247.476 76
247.416 247.532 77
247.476 247.592 76
247.532 247.65 77
247.592 247.706 76
247.65 247.766 77
247.706 247.822 76
247.766 247.882 77
247.882 247.997 77
247.938 248.056 76
247.997 248.113 77
248.056 248.172 76
248.113 248.228 77
248.228 248.361 77
248.294 249.834 76
251.987 252.705 85
254.133 255.89 76
257.398 259.085 81
259.089 260.195 45
259.089 260.195 33
259.175 260.195 52
259.456 260.195 64
259.646 260.195 72
259.736 260.195 76
260.003 260.195 88
260.191 260.752 100
260.192 260.752 98
260.468 260.752 86
260.751 261.364 72
260.751 261.364 33
260.839 261.364 69
261.038 261.36 64
261.038 261.364 60
261.661 262.47 76
261.749 262.486 44
261.836 262.486 47
262.109 262.486 59
262.208 262.746 86
263.311 263.67 86
263.313 263.67 76
263.313 263.67 40
263.397 263.67 35
263.491 263.67 32
263.746 264.765 52
264.024 264.765 64
264.216 264.765 72
264.217 264.765 36
264.305 264.765 76
264.577 264.765 88
264.762 265.322 98
265.029 265.322 86
265.315 265.945 76
265.319 265.945 72
265.606 265.931 64
265.606 265.945 60
265.931 266.099 64
266.096 266.466 76
266.099 266.466 52
266.34 266.466 66
266.807 266.943 82
266.925 267.397 59
267.041 267.397 72
267.156 267.397 85
267.274 267.397 74
267.513 267.768 76
267.768 267.988 76
268.385 269.494 45
268.385 269.494 33
268.665 269.494 57
268.763 269.494 64
268.951 269.036 76
268.952 269.494 72
269.036 269.494 76
269.308 269.494 88
269.491 270.051 100
269.492 270.051 98
269.768 270.051 86
270.047 270.67 76
270.05 270.67 72
270.758 271.79 32
270.863 271.79 35
270.966 271.79 40
271.048 271.79 44
271.143 271.79 47
271.416 271.79 59
271.51 271.79 64
272.61 272.969 86
272.612 272.969 76
272.697 272.969 35
272.795 272.969 32
272.948 274.065 45
273.047 274.065 52
273.239 273.786 60
273.24 274.065 57
273.331 274.065 64
273.52 273.61 76
273.52 274.065 72
273.523 274.065 36
273.877 274.065 88
274.058 274.621 100
274.062 274.621 98
274.336 274.621 86
274.618 275.251 76
274.618 275.251 72
274.909 275.238 64
274.912 275.251 60
275.395 275.765 76
275.396 275.765 64
275.399 275.765 52
275.644 275.765 66
276.114 276.242 70
276.232 276.7 59
276.347 276.7 72
276.463 276.7 73
276.579 276.7 74
276.817 277.072 76
277.768 278.598 37
278.049 278.139 82
278.406 278.598 85
278.864 279.15 81
278.865 279.15 37
279.144 279.773 79
279.147 279.773 76
279.438 279.773 64
279.767 279.914 62
279.77 279.915 38
280.046 280.145 73
280.134 280.232 74
280.31 280.568 74
280.572 280.666 85
280.824 280.917 89
280.825 281.061 86
281.306 281.582 101
281.307 281.582 98
281.811 282.395 47
282.109 282.935 35
282.199 282.935 67
282.294 282.935 71
282.391 282.476 80
282.395 282.935 47
282.476 282.836 80
282.746 282.935 83
282.931 283.492 88
282.934 283.492 55
282.935 283.491 47
283.021 283.492 83
283.204 283.492 79
283.207 283.492 76
283.488 284.114 74
283.491 284.114 47
284.107 284.252 36
284.38 284.48 71
284.474 284.575 72
284.649 284.747 76
284.65 284.911 72
284.915 285.003 83
285.164 285.251 88
285.405 285.489 95
285.559 285.654 98
285.643 285.825 100
285.644 285.825 96
286.102 286.199 64
286.19 286.956 53
286.48 286.749 59
287.029 287.306 59
287.851 288.136 60
288.405 289.171 37
288.688 289.171 85
289.518 290.385 59
289.809 290.385 71
290.379 290.669 53
290.379 290.669 29
290.953 291.481 71
291.527 291.838 53
291.528 291.838 29
292.96 293.094 53
293.666 294.382 81
293.666 294.382 76
293.668 294.382 71
293.669 294.337 64
294.991 295.717 76
295.716 296.263 33
295.717 296.263 36
295.807 296.263 52
296.08 296.263 64
296.168 296.263 69
296.259 296.35 76
296.263 296.812 72
296.7 296.812 93
296.801 297.358 96
297.075 297.358 88
297.253 297.347 76
297.347 297.915 76
297.348 297.915 72
297.624 297.915 64
297.627 297.915 60
297.719 297.915 57
297.81 297.915 52
297.911 298.454 45
297.911 298.454 33
297.912 298.454 37
298.002 298.454 52
298.275 298.454 64
298.362 298.454 69
298.45 298.538 76
298.451 299.003 73
298.538 299.003 76
298.717 298.804 88
298.719 299.003 85
298.804 299.003 88
298.895 299.003 93
298.99 299.548 100
298.992 299.548 97
299.269 299.548 88
299.402 299.542 45
299.448 299.539 76
299.541 300.113 73
300.011 300.113 52
300.109 300.676 45
300.199 300.676 53
300.483 300.676 65
300.669 300.76 74
300.76 301.211 77
300.942 301.211 86
301.022 301.211 89
301.107 301.211 93
301.2 301.75 101
301.204 301.75 98
301.6 301.737 38
301.649 301.736 77
301.737 301.834 74
301.881 302.307 37
302.02 302.307 65
302.021 302.307 62
302.206 302.297 53
302.56 303.109 74
303.108 303.423 86
303.109 303.423 74
303.115 303.396 59
304.2 304.491 76
304.204 304.491 59
304.488 305.03 45
304.488 305.03 33
304.491 305.03 36
304.571 305.03 52
304.844 305.03 64
305.027 305.115 76
305.029 305.576 72
305.289 305.576 84
305.562 306.111 96
305.829 306.111 88
306.007 306.101 76
306.101 306.661 76
306.102 306.661 72
306.381 306.661 64
306.567 306.661 52
306.658 307.2 45
306.66 307.2 33
306.661 307.2 37
306.748 307.2 52
307.018 307.2 64
307.198 307.284 76
307.2 307.746 73
307.459 307.746 85
307.547 307.746 88
307.638 307.746 93
307.739 308.298 100
307.74 308.298 97
308.016 308.298 88
308.194 308.284 76
308.284 308.856 76
308.285 308.856 73
308.575 308.856 64
308.754 308.856 52
308.852 309.419 45
308.856 309.419 38
308.942 309.419 53
309.223 309.419 65
309.412 309.5 74
309.503 309.958 77
309.763 309.958 89
309.951 310.51 101
309.952 310.51 98
310.497 310.588 74
310.775 311.067 65
310.963 311.058 53
311.333 311.88 74
313.154 313.563 76
313.157 313.563 59
313.851 315.965 37
314.05 315.767 45
314.338 314.617 69
314.523 314.81 76
314.897 316.149 93
315.013 315.29 76
315.573 316.149 64
315.767 316.068 45
315.964 316.149 49
315.965 316.149 37
316.068 316.548 45
316.346 318.463 37
316.451 316.719 52
316.454 318.369 40
316.892 317.162 73
316.979 317.242 76
317.322 317.508 93
317.407 317.676 85
317.844 318.561 76
318.1 318.561 64
318.277 318.558 45
318.558 318.978 45
318.799 321.329 37
319.062 319.321 61
319.32 319.569 73
319.832 320.244 85
320.339 321.425 93
320.672 321.425 76
320.938 321.425 64
321.327 321.431 49
321.329 321.431 37
321.424 321.57 45
321.424 321.571 33
321.533 321.644 46
321.536 321.645 34
321.62 321.718 45
321.767 321.865 33
321.841 321.938 46
321.844 321.942 34
321.917 322.008 45
321.987 322.078 46
321.988 322.082 34
322.061 322.155 45
322.131 322.232 46
322.207 322.302 45
322.278 322.369 46
322.348 322.439 45
322.348 322.439 33
322.491 322.586 45
322.492 322.587 33
322.562 322.657 34
322.631 322.939 45
322.632 322.939 33
322.709 322.939 46
322.782 322.939 47
322.786 322.939 35
322.862 322.939 36
323.017 323.265 38
323.094 323.265 39
323.174 323.265 52
323.175 323.265 40
323.336 323.594 52
323.419 323.594 39
323.5 323.594 38
323.576 323.885 37
323.657 323.885 36
323.731 323.885 47
323.804 323.885 46
323.808 323.885 34
323.885 325.53 33
324.371 325.53 76
324.374 325.53 73
324.382 325.53 45
324.861 325.53 93
324.862 325.53 88
324.865 325.53 85
324.865 325.53 81
