1.50799 2.51999 46
3.57 4.587 46
4.592 5.634 39
7.75899 8.82999 39
7.76198 8.82999 46
8.92798 11.409 46
9.21098 11.409 58
11.456 12.488 48
12.493 13.51 44
15.596 16.66 39
15.598 16.663 46
16.666 17.713 40
17.715 18.79 53
17.716 18.79 48
18.797 19.841 36
18.797 19.844 48
19.939 22.378 48
21.482 22.466 103
22.469 22.99 48
26.621 27.668 47
27.671 28.72 48
28.721 29.792 41
29.796 30.859 46
33.225 34.254 48
36.351 37.404 39
37.407 38.454 40
38.457 39.508 48
39.515 40.572 34
40.575 41.628 39
42.01 44.211 58
45.919 46.262 55
46.263 46.606 59
46.605 46.949 55
46.606 46.951 59
46.949 47.288 55
46.951 47.286 59
47.286 47.624 59
47.288 47.623 55
47.623 47.984 55
47.624 47.985 59
48.323 48.673 55
48.324 48.674 59
48.67 49.014 62
48.674 49.013 59
49.013 49.363 59
49.363 49.717 59
49.717 50.074 59
49.718 50.074 55
50.42 50.7629 60
50.42 50.7599 55
50.7629 51.1139 60
51.1139 51.4499 60
51.4499 51.7929 60
52.4929 52.8359 60
52.8359 53.1819 60
53.1819 53.5319 60
53.1849 53.5319 55
53.8859 54.2419 60
54.2399 54.9349 34
54.9319 55.2749 56
54.9319 55.2719 58
55.9469 56.3079 74
55.9469 56.3079 56
55.9479 56.3079 58
55.9499 56.3079 62
57.3368 57.6688 58
60.8468 61.1828 93
62.3687 65.6626 104
62.5307 65.6626 101
66.0866 66.4456 68
66.0866 66.4506 63
66.0876 66.4506 65
66.0896 66.4526 47
66.8146 67.7126 65
66.8176 67.7126 46
68.1796 68.2736 75
68.2746 68.6306 80
68.2776 68.6346 75
68.2806 68.6376 59
73.3986 73.8036 54
73.4006 73.8036 59
79.4276 79.7536 39
80.6816 81.9236 58
86.0705 86.7015 58
89.6695 90.3065 58
90.3065 92.1535 39
91.1715 92.1535 72
91.4795 92.1535 58
93.2815 93.9295 58
96.5715 97.5065 62
96.8545 97.5065 58
97.5025 98.6465 75
97.5065 99.2795 39
99.2435 101.082 70
102.826 103.123 56
106.332 106.63 51
107.467 108.099 58
108.674 109.242 60
109.241 109.767 72
109.846 110.137 56
110.984 111.593 60
111.593 113.381 39
112.737 113.381 58
114.498 115.135 58
115.132 116.881 46
115.999 116.902 62
118.628 120.405 39
119.775 120.405 58
125.036 125.646 58
135.953 136.574 57
140.109 140.405 53
140.405 141.561 53
140.975 141.906 62
141.885 142.173 53
143.041 143.653 57
143.651 145.469 34
143.653 145.441 46
146.313 147.265 62
147.262 149.081 38
150.216 150.829 57
151.701 152.011 73
151.701 152.011 76
152.607 153.184 76
153.188 153.761 78
154.363 154.44 86
154.444 154.527 87
154.608 154.777 87
155.672 155.83 87
155.98 156.135 87
156.207 156.351 86
156.274 156.421 87
156.555 156.694 87
157.415 157.552 87
157.968 158.109 87
158.109 158.245 87
159.081 159.225 87
159.225 159.376 87
159.596 159.754 86
159.673 159.83 87
160.142 160.299 87
180.743 182.004 38
181.353 182.004 65
182.003 183.236 72
183.232 183.865 74
190.158 190.431 58
191.24 191.508 58
192.067 193.139 46
192.339 192.612 62
192.612 192.875 62
192.875 193.137 62
194.229 195.322 39
194.513 194.785 58
194.785 195.045 58
195.045 195.322 58
195.871 196.151 58
196.427 197.508 39
198.86 199.129 60
200.771 201.324 48
201.044 201.324 60
202.986 204.085 46
204.085 205.208 46
207.424 208.512 77
207.424 208.512 46
207.424 208.512 34
207.701 207.974 58
207.974 208.232 62
209.604 211.547 46
209.882 210.157 62
210.157 210.419 62
210.419 210.68 62
210.68 210.949 62
211.505 211.701 65
211.735 212.866 75
211.77 212.866 79
211.77 212.866 39
211.771 212.866 51
212.051 212.322 58
212.863 213.136 58
213.409 213.685 58
213.964 216.061 39
214.777 215.043 63
215.043 215.316 63
215.862 216.106 58
215.864 216.107 63
217.492 217.769 75
218.049 218.339 75
218.606 218.889 60
219.996 220.579 44
221.68 222.824 46
222.824 223.953 39
222.957 223.954 51
224.09 225.101 51
225.078 225.217 53
225.217 226.217 53
227.343 228.462 39
227.479 228.465 51
228.462 229.602 39
228.608 229.602 51
229.589 229.728 53
229.728 230.722 53
230.708 230.844 34
231.846 232.924 39
231.986 232.924 51
232.967 234.096 39
235.214 236.341 38
236.34 236.477 55
236.477 237.421 55
237.46 237.606 56
237.606 238.587 56
238.587 239.668 46
242.532 243.099 74
243.236 244.243 51
244.789 245.357 74
245.493 247.603 51
251.089 251.778 59
252.448 253.144 59
253.141 253.89 48
253.89 254.614 48
254.614 255.313 60
254.614 255.313 48
256.014 256.714 72
256.017 256.714 48
256.71 257.41 39
258.104 258.813 42
258.565 258.813 72
259.525 260.266 57
259.527 260.266 60
261.698 262.391 48
262.39 263.087 59
262.604 262.829 71
263.757 264.457 59
265.173 265.925 48
265.923 266.622 60
265.925 266.622 48
266.619 267.424 45
266.85 267.074 76
267.074 267.424 76
267.33 268.026 74
267.332 268.026 47
268.022 268.729 59
268.729 269.433 48
269.429 269.661 60
269.429 270.157 38
270.153 272.327 59
270.154 272.327 55
276.348 279.761 34
279.757 280.611 70
279.76 281.427 46
279.761 283.142 34
283.138 283.419 70
283.139 283.988 46
286.506 286.8 70
287.076 287.356 82
287.079 287.359 69
287.919 288.196 82
288.196 288.475 82
288.759 289.035 82
288.76 289.032 70
289.585 289.865 82
289.863 290.131 70
289.865 290.127 82
290.408 290.677 82
290.677 290.947 82
290.678 290.948 70
291.229 291.507 70
291.507 291.79 82
292.073 292.365 82
292.074 292.365 70
292.953 293.253 70
292.953 293.254 82
292.953 293.257 36
297.502 298.355 75
297.503 297.782 72
299.19 302.591 74
309.641 311.229 75
312.786 314.382 72
315.962 317.543 70
315.962 317.543 82
320.735 321.548 75
331.004 332.582 39
335.779 336.594 79
338.239 339.722 103
340.51 341.316 60
341.312 342.877 72
344.462 346.058 43
348.41 349.222 60
349.212 350.826 72
355.589 357.164 74
358.742 360.331 39
362.69 363.502 79
365.106 366.744 74
366.743 367.948 75
366.744 369.967 39
368.622 368.889 58
368.889 369.149 58
369.967 373.179 37
371.3 371.573 58
372.89 373.179 51
373.177 376.4 36
373.988 374.251 48
374.251 374.503 48
374.503 374.776 60
374.776 375.043 60
374.779 375.042 48
375.311 375.57 60
375.574 375.836 48
376.106 376.4 48
376.4 379.623 32
376.666 376.939 59
376.939 377.216 59
377.216 377.468 59
377.468 377.723 59
378.542 378.802 59
379.067 379.339 59
379.62 380.695 75
379.62 386.018 27
380.558 387.523 70
380.961 381.224 51
381.227 381.5 46
381.5 381.762 46
381.762 382.029 46
382.029 382.29 46
382.287 382.554 43
382.29 382.556 46
382.556 382.833 46
382.833 383.106 46
383.106 383.373 46
383.373 383.639 46
383.638 387.523 79
383.639 383.91 46
383.639 383.908 39
383.907 384.17 43
384.429 385.206 103
384.43 384.688 39
384.432 384.684 46
384.948 389.231 46
385.206 386.012 103
385.21 385.472 34
385.472 385.731 34
385.472 385.731 39
385.731 393.844 31
385.731 386.019 34
386.012 393.844 103
386.018 393.844 27
386.019 393.844 34
387.589 393.844 70
387.593 393.844 67
387.593 393.844 79
387.594 393.844 75
387.594 389.231 51
387.596 389.143 55
387.597 389.144 63
389.227 393.844 58
389.228 393.844 55
389.228 393.844 63
389.228 393.844 39
389.231 393.844 46
