9.83694 10.0999 45
12.9959 13.1279 72
24.6228 25.6448 58
24.8748 25.3848 55
25.3848 25.9068 55
25.6448 26.1868 58
26.4418 26.7088 53
27.2338 27.7628 51
28.2728 29.2948 51
31.8927 32.4138 58
33.4537 34.4897 51
33.9787 34.5447 56
34.4897 35.5007 51
34.9937 35.5007 56
35.2517 35.5007 53
35.4997 36.5118 55
35.5007 36.5127 51
37.5698 38.1357 60
39.8927 41.0057 62
39.8967 41.0067 65
44.7197 45.2487 62
51.1287 52.2787 65
59.7727 60.2837 59
72.3696 72.9086 74
73.4566 74.0326 65
75.5936 76.1216 72
85.2185 85.7565 74
86.3035 86.8775 74
90.4185 90.9305 62
90.6755 91.0765 65
91.6975 92.2215 65
96.6035 97.9655 72
109.792 110.058 45
124.579 125.595 58
124.825 125.335 55
125.335 125.864 55
125.595 126.141 58
126.141 126.585 51
126.4 126.662 53
127.186 127.72 51
128.23 129.252 51
129.252 129.511 51
131.076 131.589 55
131.331 132.37 51
131.589 132.104 55
131.842 132.371 58
132.37 132.898 51
133.41 134.44 51
133.938 134.501 56
134.44 135.457 51
134.95 135.457 56
135.457 136.469 51
135.958 136.343 75
137.526 138.09 60
138.094 138.709 57
138.096 138.713 60
139.85 140.959 62
144.676 145.201 62
151.05 152.201 65
159.692 160.209 59
172.298 172.837 74
172.841 173.377 72
173.385 173.965 65
185.133 185.679 74
190.341 190.849 62
190.597 191.003 65
196.525 197.883 72
216.378 217.421 72
235.527 236.038 60
235.782 236.817 63
236.301 236.856 56
236.817 237.837 63
237.582 238.099 60
237.837 238.372 63
238.631 238.894 58
239.92 240.942 60
240.942 241.454 60
242.488 242.922 53
242.744 243.0 56
243.258 243.776 56
243.521 244.589 53
243.776 244.309 56
244.046 244.589 60
244.309 244.589 56
244.588 244.84 51
245.366 245.883 54
245.627 246.167 51
245.883 246.167 54
246.143 247.158 56
246.395 246.899 54
246.899 247.409 54
247.158 247.665 56
247.409 247.665 54
247.665 248.249 49
249.982 250.244 51
250.787 252.365 46
250.788 252.369 53
255.585 256.136 65
255.586 256.138 58
257.934 258.01 82
265.161 265.896 56
265.417 265.896 62
266.201 266.873 58
270.066 270.327 45
273.198 274.23 39
283.1 284.044 58
283.628 284.044 51
285.181 285.721 58
285.443 285.721 55
286.773 287.312 51
287.306 287.764 56
288.32 288.838 56
289.095 289.615 75
289.356 289.616 58
290.655 291.166 55
291.429 291.951 58
291.95 292.205 51
299.346 300.427 62
299.348 300.427 65
305.738 306.255 62
310.532 311.647 70
322.758 323.288 46
323.296 323.835 46
331.717 332.256 70
335.47 336.557 46
345.644 346.225 70
350.019 350.963 70
375.786 376.825 72
381.548 381.799 75
394.864 395.379 60
395.124 396.153 63
395.635 396.191 56
396.153 397.178 63
396.916 397.44 60
397.178 397.707 63
397.969 398.228 58
400.279 400.79 60
401.316 402.263 60
403.118 403.646 56
403.384 403.923 60
403.646 403.923 56
403.923 404.178 51
404.963 405.501 51
405.218 405.501 54
405.487 406.496 56
405.736 406.241 54
406.241 406.744 54
406.496 407.007 56
406.744 407.007 54
407.006 407.587 49
407.531 408.557 56
408.557 409.54 56
409.317 409.58 51
410.122 411.704 46
410.125 411.704 53
417.345 417.419 80
417.58 417.72 82
424.485 425.221 56
424.742 425.221 62
425.525 426.197 58
429.39 429.651 45
432.522 433.555 39
442.423 443.368 58
442.952 443.368 51
444.506 445.046 58
445.045 445.3 51
446.099 446.637 51
446.623 447.088 56
447.645 448.157 56
448.156 448.418 51
448.675 448.937 58
450.74 451.265 58
451.265 451.513 51
465.006 465.527 62
469.797 470.903 70
482.023 482.546 46
482.551 483.079 46
494.709 495.79 46
501.702 502.29 86
504.881 505.461 70
509.255 510.2 70
519.073 521.631 62
519.077 522.653 39
519.08 522.653 51
