1.40497 2.01897 60
3.08696 3.23995 59
3.23995 3.84594 59
4.47595 5.05995 76
4.76894 5.06694 74
4.77294 5.06694 59
5.05995 5.35794 76
5.06094 5.35794 60
5.66993 5.94993 76
5.95593 6.26794 74
6.27393 7.43694 76
6.27492 7.43894 60
8.08094 8.65891 75
8.37492 8.65792 67
8.37492 8.67191 74
8.37791 8.67191 59
8.65891 8.95491 75
9.25691 9.55491 75
9.2599 9.5569 60
9.5609 9.87291 74
9.56191 9.87691 59
9.8789 10.4709 75
9.8799 10.4739 60
13.5829 14.2489 62
14.2509 14.7759 60
17.5058 18.1118 74
23.1228 23.5748 74
23.1248 24.0198 59
24.6708 25.0308 83
26.0808 26.4108 62
26.0818 26.4128 55
26.4178 26.7708 48
26.7768 27.1918 45
27.1948 29.4688 69
29.4407 29.7448 59
33.1867 33.7497 67
35.2057 36.0177 52
35.2057 36.0177 60
36.6507 36.9357 60
39.8257 40.3987 82
41.5407 42.1107 86
43.2657 43.8477 82
44.9807 45.5487 86
50.1616 50.7426 72
51.3246 51.9106 76
51.9106 53.0796 76
53.0736 53.6826 74
53.6826 54.2596 74
53.6846 54.2596 60
54.2566 54.8336 76
54.8266 55.3976 50
55.3966 55.9706 76
55.9636 56.5376 74
56.5336 57.1185 76
57.1115 58.2535 74
60.7206 61.1995 59
61.2006 61.3415 43
61.3406 61.9525 59
61.3415 61.9525 43
63.0445 63.1775 43
63.1775 63.7935 43
65.0255 65.6685 45
66.9405 67.5795 59
69.7325 70.0474 50
70.3394 70.6564 50
70.9414 71.5314 50
71.5314 71.8474 50
72.1374 72.4724 50
73.3324 73.6634 50
73.9584 74.2904 50
74.5804 75.2134 50
75.5394 76.0124 59
76.0154 76.1564 43
76.1514 76.7744 59
76.1564 76.7744 43
77.8574 77.9964 43
77.9964 78.6064 43
78.9124 79.2144 71
79.8454 80.4853 69
80.4783 81.1093 60
81.7553 82.3923 59
91.4083 91.7053 48
95.2543 95.9383 38
100.022 100.624 50
100.624 100.925 50
101.215 101.541 50
102.745 103.361 62
103.666 104.268 50
104.268 104.873 50
104.873 105.196 50
105.492 106.101 50
106.101 106.42 50
106.409 107.039 60
106.718 107.039 50
107.943 108.253 50
108.251 108.869 60
108.554 108.869 50
110.452 111.47 50
113.669 114.281 43
113.966 114.292 60
114.277 114.879 59
114.872 115.492 60
114.873 115.492 43
116.066 116.685 43
116.682 117.872 62
116.682 117.872 65
116.685 116.968 43
117.253 117.872 43
118.456 119.059 43
118.743 119.065 62
119.633 120.245 43
120.242 122.586 72
120.245 120.812 43
120.812 121.404 43
121.403 122.586 64
121.404 121.701 43
121.984 122.584 43
122.584 124.33 71
124.326 124.901 43
124.9 126.629 74
126.62 127.228 43
132.554 133.866 72
132.558 133.872 76
133.866 135.148 72
135.148 136.426 72
135.148 136.427 76
136.107 136.433 74
136.426 137.059 72
137.049 137.693 74
137.687 138.988 76
138.981 140.262 72
140.262 141.518 72
140.265 141.519 76
141.21 141.529 74
141.518 142.162 72
141.519 142.162 76
142.813 144.119 76
144.112 145.4 74
144.115 145.407 59
145.4 146.674 74
146.674 147.31 74
147.941 149.219 62
149.218 150.5 74
149.848 150.503 72
153.391 154.574 59
154.574 155.144 59
156.576 156.862 79
158.004 159.135 60
159.135 159.694 60
161.091 161.377 84
164.832 166.032 72
168.497 169.133 60
168.5 168.804 43
169.799 170.113 48
181.356 182.531 76
184.918 186.141 74
184.919 186.141 53
186.14 187.386 43
187.386 188.66 43
188.658 189.249 36
189.538 190.103 48
189.823 190.379 36
190.103 190.669 48
190.669 190.97 48
190.963 191.24 36
191.797 192.083 48
192.371 192.951 48
192.951 193.256 48
193.249 193.799 36
193.522 194.079 48
194.079 194.368 48
194.361 195.506 64
195.216 195.506 48
195.499 196.619 72
195.499 196.052 36
195.779 196.333 48
196.333 196.619 48
196.616 196.884 36
197.169 197.75 36
197.445 197.75 48
197.75 198.3 36
199.426 200.007 36
200.007 200.557 36
201.66 202.24 74
201.663 202.236 36
201.933 202.24 48
202.236 202.786 36
202.507 203.07 48
203.07 203.623 48
203.623 203.906 48
203.903 204.477 74
203.903 204.476 36
204.173 204.477 48
204.474 207.396 72
204.476 204.747 36
204.747 219.176 36
205.335 228.874 43
209.353 228.874 91
211.801 213.066 67
213.065 214.329 64
213.066 214.332 67
213.068 214.332 72
213.068 214.333 48
213.068 214.333 55
214.329 228.874 64
214.332 216.75 67
214.332 216.751 72
214.333 216.754 48
214.333 216.754 55
216.753 228.874 76
219.176 228.874 36
