0.519987 0.943991 69
0.520993 0.944983 74
0.524989 0.947987 38
4.02101 4.427 62
8.92496 9.33396 62
11.3639 11.4379 79
11.3639 11.4689 66
11.4969 11.5729 79
11.6299 11.6999 79
11.7669 11.8739 76
14.4538 14.5308 81
14.8528 14.9268 81
17.8218 17.9158 54
18.0178 18.1148 54
19.4457 19.5437 55
19.8517 19.9597 73
19.8527 19.9497 56
25.1746 25.2556 73
25.1756 25.2556 76
25.1756 25.2586 45
25.1786 25.2596 52
25.1796 25.2616 49
25.3816 25.4586 76
25.3846 25.4586 73
25.3886 25.4626 45
25.5876 25.6606 76
25.5886 25.6646 73
25.5906 25.6656 52
25.5916 25.6676 49
25.5916 25.6676 57
25.7946 26.2176 73
25.7956 26.2206 76
26.2706 26.3686 73
26.9136 27.1135 61
27.3375 27.5375 62
27.7506 27.9505 64
28.5865 28.7865 66
28.7875 29.0035 62
29.8335 30.0435 62
30.2575 30.4565 64
30.4565 30.6595 56
31.9085 32.3365 57
32.3365 32.5525 57
33.6285 33.8305 61
34.0515 34.1035 78
34.0515 34.2575 62
34.1045 34.1525 76
34.2085 34.2575 76
34.4645 34.5655 64
35.3004 35.5064 66
35.7764 35.8254 74
35.9274 36.1404 76
36.1364 36.2384 59
37.2044 37.6484 66
37.2044 37.6484 62
37.6424 38.0894 61
38.2404 38.5244 69
38.3004 38.4464 68
45.8221 46.0311 69
45.9301 46.1461 61
46.0311 46.1461 69
46.1461 46.2431 59
46.2441 46.4611 69
46.5751 46.6811 57
47.1231 47.3401 69
47.2351 47.463 68
47.379 47.46 78
47.417 47.463 76
48.542 48.776 68
48.999 49.107 68
49.651 49.751 59
51.9429 52.0519 71
51.9439 52.1669 62
51.9989 52.2819 73
52.0519 52.2019 71
52.0539 52.2819 56
53.0559 53.1699 69
53.1679 53.2689 59
53.5938 53.7068 57
54.0458 54.4858 62
54.2568 54.4868 68
54.4068 54.4838 78
54.4448 54.4868 76
55.5678 55.7998 68
56.0238 56.1318 68
56.6748 56.7757 59
57.8757 57.9937 59
58.9147 59.0227 73
58.9667 59.0827 71
58.9667 59.1907 62
59.0227 59.3127 73
59.0827 59.2257 71
59.0827 59.3127 56
59.2257 59.3127 71
62.0266 62.3716 73
63.7135 63.8355 62
64.1885 64.3145 61
64.6965 64.8315 68
64.9805 66.1865 59
67.2975 67.7225 38
67.3005 67.7235 45
70.8075 71.2095 62
72.0155 72.0675 61
72.2285 72.6335 62
75.7315 76.1375 62
77.3525 77.4605 66
78.1684 78.2404 79
78.1684 78.2654 66
78.3005 78.3704 79
78.4965 78.5665 78
79.5634 79.6654 76
81.2544 81.3314 81
81.3944 81.4644 81
81.3974 81.4924 61
81.6534 81.7304 81
84.6144 84.7194 57
84.6184 84.7224 54
85.0164 85.1324 76
86.6483 86.7493 56
88.0933 88.2013 79
91.1632 91.2642 73
91.9852 92.0622 73
91.9922 92.0662 76
91.9922 92.0662 45
91.9932 92.0692 49
91.9962 92.0702 52
92.1982 92.2732 73
92.1992 92.2762 76
92.2032 92.2772 52
92.2032 92.2792 45
92.4022 92.4752 76
92.4022 92.4782 73
92.4062 92.4822 52
92.4062 92.4832 45
92.6132 93.0532 73
92.6132 93.0532 76
93.1052 93.2062 73
93.7452 93.9522 61
94.1662 94.3762 62
94.5802 94.7882 64
95.4222 95.6182 66
95.6182 95.8351 62
96.6641 96.8822 62
97.0881 97.2881 64
98.7451 99.1721 57
98.9541 99.3911 61
99.3821 99.8011 56
100.886 100.938 78
100.89 101.089 62
100.939 100.991 76
101.047 101.092 76
101.302 101.404 64
102.14 102.339 66
102.612 102.664 74
102.975 103.07 59
104.043 104.483 66
104.044 104.483 62
104.481 104.928 61
105.026 105.139 68
105.139 105.285 68
112.671 112.888 69
112.775 113.003 61
112.888 113.003 69
112.993 113.094 59
113.424 113.532 57
113.871 114.312 62
114.084 114.312 68
114.235 114.309 78
114.309 114.417 78
114.967 115.187 68
115.393 115.624 68
115.849 115.96 68
116.501 116.604 59
118.799 118.908 71
118.8 119.016 62
118.849 119.136 73
118.908 119.058 71
118.911 119.136 56
119.695 119.912 69
119.808 120.028 61
120.018 120.125 59
120.126 120.336 69
120.448 120.552 57
120.672 120.895 57
120.895 121.34 62
121.106 121.344 68
121.256 121.34 78
121.298 121.344 76
122.096 122.212 69
122.414 122.648 68
122.872 122.987 68
123.524 123.631 59
125.82 125.932 71
125.823 126.043 62
125.872 126.159 73
125.932 126.081 71
126.159 126.817 57
127.681 127.789 59
128.878 129.221 73
129.879 130.11 74
130.566 130.684 62
131.041 131.163 61
131.3 131.559 61
131.546 131.689 68
133.008 133.575 61
135.871 137.576 59
140.141 140.568 76
147.943 148.157 86
152.073 152.182 85
152.182 152.389 74
152.389 152.538 74
153.925 154.142 73
153.925 154.8 42
154.796 155.24 71
154.898 155.114 62
155.664 156.115 86
157.498 157.719 62
158.261 158.488 76
159.37 159.49 62
159.833 159.952 61
161.118 161.617 62
162.118 163.133 71
165.146 165.681 42
166.854 167.064 67
168.267 168.495 66
168.453 168.495 74
168.492 168.6 76
168.495 168.603 60
169.145 169.37 66
169.576 169.801 66
170.466 170.693 59
170.684 170.784 57
171.113 171.218 55
171.67 171.886 57
171.772 172.003 52
171.884 172.003 76
172.002 172.45 48
172.443 172.866 50
172.866 172.923 69
172.923 173.031 71
173.031 173.322 71
173.084 173.238 69
173.087 173.322 54
173.161 173.318 67
173.42 173.644 62
173.644 173.78 62
175.289 175.52 66
175.442 175.52 76
175.52 175.624 76
175.52 175.625 60
177.7 177.808 57
177.808 178.024 67
178.686 178.904 57
178.795 179.026 52
178.903 179.026 76
179.467 179.89 50
179.887 179.939 69
179.94 180.055 71
180.108 180.258 69
180.111 180.339 54
180.184 180.335 67
180.22 180.339 60
180.258 180.339 69
180.335 180.439 67
180.338 180.755 55
186.048 186.152 59
186.89 186.992 59
194.146 194.243 55
194.951 195.052 56
195.776 195.874 54
199.658 199.752 73
200.484 200.558 76
200.485 200.559 73
200.485 200.561 52
200.488 200.561 45
200.488 200.561 49
200.688 200.769 73
200.688 200.769 76
200.69 200.769 52
200.691 200.772 45
200.691 200.772 57
200.894 200.97 73
200.894 200.971 76
200.901 200.975 45
201.098 201.541 73
201.593 201.695 78
201.797 201.899 78
202.018 202.276 62
202.234 202.441 66
202.655 202.865 67
203.071 203.271 69
203.272 203.477 62
203.911 204.107 71
205.574 205.777 74
205.577 205.78 69
205.98 206.197 69
206.2 206.41 62
206.809 207.019 62
207.236 207.656 62
207.446 207.876 66
207.656 207.876 62
207.87 208.3 61
207.87 208.303 57
208.966 209.168 81
208.968 209.169 65
209.39 209.591 67
209.802 209.899 69
210.005 210.211 62
210.638 210.841 70
211.062 211.107 81
211.108 211.163 79
211.208 211.265 79
211.677 211.877 57
212.317 212.517 69
212.739 212.945 69
213.154 213.351 65
213.564 213.777 62
213.781 214.652 57
213.998 214.432 62
214.212 214.68 65
214.432 214.68 62
214.649 214.866 81
214.65 214.87 61
214.652 214.87 57
215.629 215.737 81
218.898 219.313 74
219.002 219.111 69
219.209 219.313 69
219.419 219.523 69
219.628 219.73 69
221.312 221.413 69
222.797 223.01 74
222.901 223.128 66
223.119 223.219 64
223.219 223.437 74
223.332 223.555 64
223.548 223.657 62
224.206 224.444 73
224.357 224.442 83
224.4 224.444 81
224.442 224.543 83
224.98 225.102 74
225.093 225.308 73
225.3 225.523 67
225.516 225.748 73
225.747 225.859 66
227.055 227.161 62
227.609 227.827 64
227.827 227.95 64
228.165 228.392 59
228.271 228.392 76
228.491 228.707 66
228.596 228.814 62
228.924 229.034 76
228.925 229.142 67
228.974 229.261 78
229.034 229.184 76
229.363 229.474 69
229.583 229.715 69
229.719 229.93 54
229.821 230.037 62
229.93 230.153 54
230.037 230.153 62
230.143 230.251 52
230.252 230.458 62
230.356 230.58 52
230.574 230.678 50
231.021 231.466 55
231.232 231.469 61
231.382 231.466 71
231.466 231.567 71
231.466 231.568 55
232.541 232.775 61
233.226 233.436 42
233.436 233.657 42
234.08 234.185 38
234.301 234.535 38
234.532 234.974 76
234.633 234.851 52
234.851 234.974 52
235.298 235.417 76
235.299 235.417 52
235.995 236.289 78
236.057 236.208 76
236.132 236.285 74
236.283 236.705 69
236.285 236.706 74
236.286 236.709 38
236.289 236.71 45
237.129 237.535 62
239.782 240.188 62
240.188 240.39 62
240.593 240.79 62
241.21 241.615 62
242.019 242.12 62
242.425 242.53 67
244.675 245.077 62
245.077 245.284 62
245.487 245.679 62
245.988 246.093 76
246.093 246.193 74
246.201 246.295 62
247.213 247.416 62
247.829 248.025 66
248.025 248.228 66
248.637 248.837 67
249.344 249.445 74
249.452 249.551 62
251.104 251.199 66
251.918 252.021 67
252.323 252.42 76
256.355 256.585 71
256.575 256.69 69
256.579 256.69 78
257.044 257.162 76
257.044 257.163 67
257.286 257.526 76
257.519 257.642 74
257.52 257.642 66
258.024 258.167 64
259.483 260.053 66
