0.674992 0.770009 65
0.98299 1.07799 68
1.93201 3.82709 53
3.67508 3.82709 96
3.89308 4.99503 98
4.18307 4.99503 95
5.464 6.17696 57
5.579 5.72598 81
5.57999 6.79295 66
5.72598 6.17696 81
6.17496 6.33196 74
6.33196 6.49194 74
6.48294 6.63594 70
6.48395 6.79796 65
6.63594 6.76895 70
6.87794 7.44894 66
6.95795 7.28396 67
7.36396 7.44894 65
7.44495 7.81995 64
7.44795 7.81995 61
8.12096 8.49994 88
8.27195 8.65592 81
8.27395 8.57893 84
8.42194 8.72991 85
8.49994 8.73891 88
8.57992 8.73891 75
8.58192 8.73891 78
8.72991 9.11388 76
8.88791 9.19489 72
8.88791 9.27188 69
9.0379 9.32389 73
9.0379 9.32389 70
9.11388 9.32389 76
9.19588 9.32389 66
9.27188 9.34187 69
9.34587 9.59687 64
9.50687 9.66787 66
9.50987 9.66787 57
9.51086 9.66787 60
9.59687 9.67386 64
10.2459 10.3259 76
10.2479 10.3269 53
10.2489 10.3289 61
10.4059 10.4899 76
10.4099 10.4909 61
10.4099 10.4929 53
10.5739 10.6549 76
10.5769 10.6579 73
10.5769 10.6579 67
10.5779 10.6579 53
10.5779 10.6619 58
10.5809 10.6619 61
10.7388 10.8299 76
10.7408 10.8328 53
10.7419 10.8339 61
10.7419 10.8339 58
10.9169 11.0039 76
10.9199 11.0079 61
10.9208 11.0089 53
11.0849 11.2598 76
11.0888 11.4278 61
11.0908 11.4308 58
11.7718 12.0778 93
11.7718 12.1558 90
12.0778 12.6978 93
12.0788 12.4578 84
12.2298 12.5338 80
12.2328 12.6138 77
12.3828 12.6878 81
12.5368 12.6978 74
12.5408 12.6978 71
12.6878 13.3167 81
12.6878 13.0738 72
12.6908 12.9958 75
12.8448 13.2307 65
12.8458 13.1527 68
12.9958 13.3167 75
12.9968 13.3047 69
12.9988 13.3037 66
13.0738 13.3167 72
13.1537 13.3167 62
13.2307 13.3167 65
13.3047 13.4647 69
13.3047 13.4657 60
14.1327 14.2207 81
14.1367 14.2247 60
14.1377 14.2257 69
14.3007 14.3817 89
14.3017 14.3827 81
14.3047 14.3887 63
14.4667 14.5537 88
14.4667 14.5537 63
14.4677 14.5537 60
14.6307 14.7187 87
14.6367 14.7247 60
14.6377 14.7247 63
14.8117 14.8987 81
14.8117 14.8997 90
14.8157 14.9037 60
14.8167 14.9037 63
14.9827 15.3227 69
14.9837 15.3237 60
15.5197 15.5997 75
15.5227 15.6037 60
15.5237 15.6057 69
15.6907 15.7777 75
15.6907 15.7787 78
15.6917 15.7787 69
15.6917 15.7817 60
15.6937 15.7817 63
15.8587 15.9457 78
15.8587 15.9467 63
15.8627 15.9467 60
15.8627 15.9487 69
16.0297 16.1247 84
16.0307 16.1257 75
16.0337 16.1277 60
16.0347 16.1277 69
16.2157 16.3037 78
16.2197 16.3067 63
16.2197 16.3077 69
16.2207 16.3077 60
16.3917 16.6287 78
16.3937 16.7507 63
16.4787 16.6287 85
16.9297 17.0207 75
16.9327 17.0207 72
16.9337 17.0217 66
16.9357 17.0237 69
17.0977 17.3877 72
17.1007 17.3877 75
17.1017 17.4657 66
17.1047 17.4657 69
18.4107 18.5037 72
18.6027 18.6937 75
18.6037 18.6967 72
18.7887 18.8787 72
18.7897 18.8837 69
18.7917 18.8837 75
19.1597 19.2547 72
19.3477 19.4397 72
19.5347 19.6207 69
20.9368 21.2517 79
21.1688 21.3327 77
21.5647 21.8827 79
21.7248 22.0507 78
22.0507 22.3027 78
22.6527 22.8448 69
22.6527 23.4437 65
22.7497 22.9427 72
22.9427 23.4467 72
23.0407 23.2367 70
23.0417 23.4467 62
23.1397 23.3427 74
23.2367 23.4467 70
23.3427 23.4467 74
23.4427 23.6337 69
23.4437 24.2417 60
23.5317 23.7237 75
23.7237 24.2417 75
23.8247 24.0247 70
23.9297 24.1297 74
24.0237 24.2417 78
24.1297 24.2377 74
24.2377 24.3837 74
24.2377 24.4297 65
24.2377 24.4307 53
24.2387 24.4307 62
24.3327 24.4337 81
24.3357 24.4337 77
24.4367 24.5987 81
24.5287 24.5987 82
24.6227 24.7907 82
24.6267 24.8227 65
24.7237 24.7907 75
24.8237 24.9617 81
24.9167 24.9617 80
25.0117 25.1787 80
25.0147 25.2037 57
25.2047 25.4147 79
25.4147 25.6207 62
25.5147 25.6207 74
25.7157 25.8227 74
25.8277 26.0197 69
25.9247 26.1177 72
26.1167 26.5176 79
26.1177 26.6217 72
26.2187 26.6217 62
26.3137 26.5167 74
26.4127 26.6217 70
26.5167 26.6217 74
26.5176 26.6217 79
26.6177 26.8096 69
26.6217 27.4156 60
26.7096 26.8986 75
26.8986 27.4156 75
27.1036 27.1986 78
27.1036 27.3076 74
27.1986 27.4156 78
27.4116 27.6036 53
27.4126 27.6086 62
27.4126 27.6086 65
27.5106 27.6086 81
27.6116 27.7726 81
27.7056 27.7726 82
27.7976 27.9646 82
27.8006 27.9936 65
27.8016 27.9966 53
27.8986 27.9646 75
27.9976 28.1406 81
28.0916 28.1406 80
28.1856 28.3536 80
28.1926 28.3786 57
28.5886 28.6866 74
28.5886 28.9906 62
28.5896 28.9936 58
28.6896 28.7926 70
28.7946 28.8896 74
28.9976 29.1926 82
28.9986 29.1936 74
29.2846 29.4816 83
29.2876 29.7926 77
29.3896 29.7926 66
29.6846 29.7926 83
29.6866 29.7926 78
29.7886 29.9776 74
29.7886 30.5866 65
29.8836 30.0736 83
29.8846 30.0756 80
29.9776 30.5866 74
30.0736 30.2746 83
30.0756 30.5866 80
30.1706 30.3696 75
30.2746 30.3656 83
30.4746 30.5806 78
30.4786 30.5866 84
30.5806 30.7266 78
30.5836 30.7756 70
30.7806 30.9436 86
30.8776 30.9436 82
30.9726 31.1636 68
30.9746 31.1646 70
31.0696 31.1356 80
31.1666 31.3146 86
31.3566 31.5246 77
31.3566 31.5246 85
31.3576 31.5456 62
31.3606 31.5466 68
31.3606 31.9476 70
31.4486 31.5246 80
31.4516 31.5246 84
31.5486 31.7596 84
31.6546 31.7596 80
31.7556 31.9486 66
32.0496 32.1406 75
32.3406 32.9346 74
32.9346 33.1236 74
32.9356 33.7296 70
33.0336 33.2156 80
33.1236 33.7336 74
33.2156 33.7336 80
33.3166 33.5166 75
33.4186 33.5156 83
33.5156 33.7336 83
33.6226 33.7336 84
33.7266 33.8726 85
33.7296 33.9216 58
33.7296 33.9226 70
33.8246 33.9226 82
33.9266 34.0896 86
34.1226 34.3106 68
34.2136 34.2826 80
34.3146 34.4536 86
34.5036 34.6716 85
34.5076 34.6956 62
34.5976 34.6716 84
34.6966 34.9056 84
34.9056 35.1126 66
35.3336 35.5325 90
35.3365 35.7345 46
35.4346 35.7345 87
35.5325 35.7345 90
35.6265 35.7255 88
35.7285 36.0985 47
35.7285 36.0985 63
35.8225 36.0125 83
35.9245 36.0985 88
36.0125 36.1095 83
36.1105 36.3105 87
36.1135 36.3125 76
36.2085 36.4075 82
36.3125 36.5245 76
36.5225 36.7195 85
36.5235 36.8055 66
36.6175 36.8055 82
36.6185 36.8055 78
36.7215 36.8125 75
36.8135 36.9145 78
36.8165 36.9145 83
36.9215 37.1205 73
36.9215 37.1185 84
37.0185 37.2155 79
37.1185 37.3275 84
37.3205 37.5205 72
37.3245 37.5235 82
37.3245 37.6595 69
37.3265 37.6595 53
37.6185 37.7235 81
37.7235 37.9265 81
37.8245 38.0235 76
37.9275 38.1395 61
38.0215 38.1365 79
38.0235 38.1395 76
38.1355 38.3325 69
38.1365 38.3315 79
38.1365 38.5455 57
38.1365 38.5455 65
38.2345 38.4305 72
38.3325 38.5455 69
38.3325 38.5455 60
38.4305 38.5365 77
38.5355 38.9725 73
38.5365 38.9725 67
38.7315 38.9725 61
38.8295 38.9725 76
38.9375 39.3395 60
38.9375 39.0365 69
39.0365 39.3395 76
39.1375 39.3395 72
39.2355 39.3375 77
39.3365 39.7565 70
39.6275 39.7565 76
39.7425 39.8375 72
39.7425 39.8385 69
39.9355 40.0255 79
41.6265 41.8255 69
41.8255 41.9165 69
41.8265 41.9015 65
41.9175 42.0135 72
42.2215 42.3145 70
42.2225 42.2865 65
42.3155 42.4135 74
42.4165 42.6125 69
42.6125 42.6965 69
42.7004 42.7984 72
42.8014 43.0084 70
43.0114 43.1064 78
43.0114 43.0994 65
43.2114 43.4104 74
43.3124 43.4104 81
43.4104 43.5094 81
43.6024 43.7964 72
43.7954 43.9214 81
43.7984 43.9214 65
43.8944 43.9364 80
43.9884 44.2884 80
44.0824 44.1814 79
44.1814 44.2884 79
44.1824 44.2884 65
44.3874 44.5894 74
44.4894 44.6704 70
44.5894 44.6844 74
44.5904 44.6704 65
44.7964 44.9924 69
44.9394 45.0664 67
44.9894 45.0824 77
44.9924 45.0834 69
44.9924 45.0664 65
45.0864 45.1774 72
45.1814 45.3854 70
45.3854 45.4864 70
45.4864 45.5834 74
45.5874 45.7794 69
45.7794 45.8674 69
45.8684 45.9624 75
45.9634 46.1714 70
46.1694 46.2734 78
46.1754 46.2634 65
46.3744 46.5754 74
46.4804 46.5744 81
46.5744 46.6794 81
46.5754 46.6794 65
46.6724 46.7213 82
46.7663 46.9593 72
46.7673 47.0853 82
46.8694 46.9603 81
46.9603 47.0853 81
47.0613 47.1073 80
47.1513 47.4573 80
47.2534 47.3453 79
47.3453 47.4573 79
47.5584 47.7584 74
47.6594 47.8413 70
47.7584 47.8594 74
47.9644 48.1534 74
47.9653 48.1523 82
48.0614 48.2264 83
48.1523 48.2443 82
48.1534 48.2443 74
48.2453 48.3423 84
48.3453 48.5354 75
48.4373 48.6044 83
48.5354 48.6294 75
48.5383 48.6324 82
48.6364 48.7313 84
48.7333 48.9123 77
48.7343 48.9123 82
48.8213 48.9673 83
48.9163 48.9673 70
49.0063 49.0953 84
49.0973 49.3013 75
49.1013 49.3913 82
49.1993 49.3013 83
49.3013 49.3983 83
49.4983 49.7903 85
49.5983 49.6903 86
49.6903 49.7903 86
49.8783 50.1623 87
50.0643 50.1623 86
50.1553 50.1973 85
50.2463 50.5543 85
50.3413 50.4323 84
50.4323 50.5543 84
50.5333 50.5823 83
50.6303 50.8202 79
50.6353 50.8172 82
50.7253 50.8622 83
50.7263 50.8622 75
50.8172 50.9072 82
50.8202 50.8652 70
50.9072 50.9982 75
50.9112 50.9992 84
51.0022 51.1942 74
51.1982 51.2612 70
51.2892 51.3842 77
51.4792 51.6422 83
51.5762 51.6732 75
51.5792 51.6422 70
51.6772 51.7732 84
51.8702 52.0522 80
52.0522 52.1432 84
52.0522 52.1432 80
52.1462 52.4192 82
52.1472 52.3502 75
52.2482 52.3462 83
52.3462 52.4442 83
52.4482 52.4962 84
52.6402 52.7382 86
52.7382 52.8322 86
52.9202 53.2042 87
53.1102 53.2042 86
53.2032 53.2462 85
53.2952 53.5922 85
53.3892 53.4812 84
53.4812 53.5922 84
53.5892 53.6402 83
53.7892 53.8862 75
54.2012 54.2982 86
54.2022 54.2992 88
54.3032 54.4182 62
54.4042 54.8872 48
54.4982 54.6922 89
54.5972 54.8872 86
54.7862 54.8932 84
54.8982 55.0932 87
54.9992 55.0932 83
55.0002 55.0942 85
55.0942 55.1992 87
55.0982 55.1992 59
55.1952 55.2892 82
55.2432 55.5902 60
55.2902 55.5002 86
55.7132 55.9091 84
55.9091 56.0032 84
56.1061 56.2831 73
56.3121 56.4061 73
56.4071 56.5041 70
56.5041 56.9141 70
56.6021 56.9201 75
56.6021 56.8091 67
56.7071 56.9201 73
56.8051 56.9201 76
56.8091 56.9201 67
56.8581 57.3261 53
56.9141 57.3371 62
57.3241 57.5261 68
57.3241 57.7841 59
57.3261 58.1691 53
57.5261 57.7841 68
57.7501 57.8481 64
57.7501 58.1691 60
57.9561 58.1691 64
58.1621 58.5861 67
58.1631 58.3691 40
58.2651 58.4751 41
58.3691 58.5861 40
58.4741 58.5861 69
58.4751 59.0041 41
58.5771 58.7831 62
58.5791 59.0171 53
59.0031 59.2101 56
59.0041 59.4681 47
59.0041 59.8571 41
59.2101 59.4681 56
59.3141 59.4681 62
59.3181 59.4311 65
59.4311 59.8571 65
59.4341 59.8571 48
59.8501 60.2771 42
59.9581 60.1681 57
60.0631 60.2771 51
60.1651 60.2771 62
60.2771 60.536 34
60.5371 60.6271 53
60.6271 60.7171 62
60.7191 60.8121 54
60.7211 60.8131 58
60.9071 60.9981 58
60.9991 61.0951 62
61.0991 61.1951 58
61.2881 61.3731 53
61.2891 61.3731 58
61.3751 61.4591 62
61.4641 61.656 58
61.5581 61.6571 47
61.656 61.7431 46
61.7471 61.8101 62
62.1321 62.608 87
62.604 63.259 74
62.85 63.259 72
62.933 63.259 62
63.091 63.259 69
63.094 63.259 60
63.256 63.514 70
63.519 63.609 53
63.521 63.609 58
63.61 63.699 62
63.703 63.794 58
63.704 63.795 54
63.889 63.983 58
63.984 64.071 62
64.361 64.445 62
64.447 64.641 58
64.54 64.642 47
64.638 64.729 46
64.639 64.73 55
64.641 64.73 58
64.809 64.974 57
65.11 65.58 87
65.422 65.58 72
65.576 66.2659 74
65.58 65.967 65
65.726 66.2659 75
65.727 66.2659 66
65.73 66.042 69
65.888 66.2029 62
66.042 66.2659 60
66.175 66.3489 46
66.2029 66.353 59
66.7969 66.9509 74
66.9479 67.6579 76
67.2569 67.6579 64
67.4069 67.6579 62
67.5599 67.7389 46
68.1769 68.4139 85
68.1779 68.4139 75
68.9149 69.1149 87
69.0789 69.1529 75
69.3798 69.5378 69
69.5388 69.6918 66
69.9958 70.3438 59
70.1508 70.3438 101
70.2308 70.3438 87
70.5348 71.0548 94
70.5358 70.6998 98
70.6168 71.0608 93
70.6998 70.8688 98
70.6998 71.0608 92
70.7008 71.0608 53
70.8678 71.0608 90
70.8688 71.0568 98
71.0548 71.2138 94
71.0568 71.7628 98
71.2138 71.7628 94
71.2178 71.7628 62
71.3858 71.7628 84
71.3858 71.7498 89
71.4658 71.7628 83
71.5508 71.7628 86
71.5538 71.7538 82
71.7498 72.4528 89
71.7538 71.9218 82
71.7538 72.4528 30
71.9218 72.0928 86
72.0928 72.4428 86
72.2548 72.4428 82
72.4428 72.6078 82
72.5278 73.1508 76
72.6918 72.9397 74
72.7788 73.1508 72
72.8588 73.1508 71
72.8597 73.1508 59
72.9397 73.1508 74
72.9408 73.1458 70
73.0247 73.1508 68
73.1458 73.8457 70
73.1468 73.3288 66
73.1497 73.8457 39
73.3248 73.4997 90
73.3248 73.6607 87
73.4967 73.8457 85
73.6607 73.8457 87
73.8427 73.9197 90
73.8427 74.5567 37
74.0047 74.1687 87
74.1687 74.5327 87
74.3327 74.5567 82
74.4197 74.5567 76
74.5327 74.6127 87
74.5357 75.2107 35
74.7037 75.0297 75
74.7047 75.2107 82
74.8677 75.2107 73
74.8687 75.2107 59
74.9487 75.2107 72
75.0297 75.2047 75
75.2047 75.2817 75
75.5297 75.9086 75
75.6907 75.9086 70
75.6907 75.9086 66
75.6937 75.7716 63
75.7716 75.9086 63
75.9077 76.2297 32
75.9077 76.0016 44
75.9846 76.0647 45
76.0687 76.2047 95
76.2336 76.3236 47
76.3166 76.3936 48
76.4826 76.5597 48
76.5627 76.8947 37
76.6457 76.7267 50
76.8187 76.8987 51
76.8997 77.0097 52
77.0907 77.1677 52
77.3317 77.4197 55
77.4207 77.5527 85
77.4207 77.5527 54
77.5037 77.5847 56
77.5847 77.6787 57
77.6607 77.7447 58
77.7457 77.8537 57
77.8367 77.9137 58
78.1657 78.2427 75
78.2457 78.3577 62
78.3857 78.5956 90
78.7676 78.8966 65
78.8516 78.9316 67
78.9316 79.0256 68
79.0936 79.1806 68
79.1816 79.2576 69
79.2606 79.3587 70
79.4296 79.5326 74
79.5096 79.5896 76
79.5126 79.5906 73
79.5936 79.7856 74
79.6886 79.9476 73
79.9476 80.0406 75
80.1956 80.2756 87
80.4366 80.6256 82
80.4406 80.6256 75
80.5206 80.6256 87
80.5246 80.6016 78
80.5246 80.6256 63
80.6016 80.9406 78
80.8496 80.9406 87
80.9346 81.0176 93
81.1936 81.2806 62
81.2776 81.3616 85
81.7176 81.9866 74
81.8066 81.9866 70
81.8896 81.9866 76
81.8926 81.9866 73
81.9776 82.3406 71
82.1516 82.3406 64
82.3266 82.6906 65
82.9886 83.0966 86
83.1906 83.2886 85
83.3876 83.4806 83
83.5796 83.6746 82
83.5806 83.6776 85
83.6816 83.8486 54
83.7756 83.8736 84
83.9746 84.0696 80
84.2666 84.4586 89
84.2666 84.4616 85
84.2686 84.3636 61
84.6546 85.0186 74
84.7416 85.0186 62
84.9196 85.0186 64
84.9206 85.0186 61
85.0086 85.3646 68
85.0116 85.3646 59
85.0956 85.3646 62
85.1836 85.3646 52
85.3556 85.7186 74
85.3576 85.7186 53
85.6246 85.7186 76
86.0186 86.1206 74
86.0196 86.1216 37
86.1236 86.2886 85
86.2196 86.3166 73
86.2216 86.3206 37
86.4186 86.5136 71
86.4186 86.5156 37
86.6176 86.7056 37
86.8076 86.9046 72
86.8096 86.9056 37
87.0026 87.1006 68
87.0066 87.1036 37
87.1956 87.2936 66
87.1986 87.2936 72
87.1986 87.2946 37
87.3915 87.4815 65
87.3955 87.4855 37
87.5845 87.6735 62
87.5875 87.6745 65
87.7765 87.8675 37
87.9655 88.0555 59
87.9685 88.0605 37
88.1545 88.2465 37
88.2485 88.4095 42
88.3435 88.4335 57
88.3465 88.4375 60
88.3465 88.4375 37
88.5395 88.6335 56
88.5395 88.6335 60
88.5405 88.6335 37
88.7355 88.8325 37
89.2285 89.3225 48
89.2285 89.3235 36
89.4105 89.5085 60
89.4135 89.5125 56
89.4135 89.5125 37
89.6035 89.6935 53
89.6065 89.6985 38
89.9945 90.1775 48
90.0865 90.1805 49
90.5555 90.6535 65
90.7485 90.8425 60
90.9335 91.0315 72
91.1265 91.2205 62
91.3155 91.4135 74
91.3175 91.4155 59
91.7075 91.8885 62
92.0915 92.1865 65
92.2815 92.3745 36
92.2835 92.3745 48
92.4735 92.5645 60
92.6595 92.7605 38
92.8475 92.9465 65
93.0545 93.2635 48
93.2405 93.4215 59
93.8105 93.9005 68
94.1965 94.2905 62
94.3815 94.4865 74
94.3845 94.4895 59
94.7735 94.9555 62
95.3325 95.4205 76
95.6945 95.7835 65
95.8655 95.9655 74
95.8675 95.9665 83
96.4275 96.7715 86
96.4285 96.5325 68
96.5125 96.5955 81
96.5995 96.6835 82
96.7785 97.1285 80
96.7785 96.9035 71
96.7785 96.9035 87
96.8595 96.9495 72
96.8625 96.9535 84
97.0405 97.1285 74
97.0445 97.1295 83
97.1335 97.2755 88
97.2975 97.3805 76
97.2975 97.3805 88
97.3835 97.4715 86
97.3835 97.4715 77
97.4715 97.8175 86
97.4755 97.5545 92
97.4755 97.5545 77
97.5555 97.6475 90
97.6465 97.7305 79
97.7315 97.8185 89
97.8215 98.1645 89
97.8225 98.1675 95
97.8245 98.1645 80
97.9015 98.2495 93
97.9025 98.2495 81
97.9865 98.3285 82
97.9895 98.3325 94
98.0735 98.4175 92
98.0765 98.4195 83
98.1645 98.5045 98
98.1645 98.5065 89
98.1645 98.5105 80
98.1675 98.5075 95
98.2495 98.5115 81
98.2495 98.5115 93
98.3325 98.5115 94
98.4175 98.5115 92
98.5045 98.8495 98
98.5065 98.8475 89
98.5075 98.8505 95
98.5105 98.8495 80
98.5925 98.9315 93
98.6785 99.0215 94
98.7595 99.1065 92
98.7595 99.1085 83
98.8505 99.1925 95
99.0215 99.1935 94
99.1085 99.1935 83
99.1905 99.3645 101
99.1925 99.3645 98
99.1925 99.3645 95
99.2775 100.568 100
99.2785 99.6205 97
99.2785 99.6215 94
99.3645 100.568 101
99.3645 99.5325 98
99.3645 99.5335 95
99.4525 99.7925 96
99.4525 99.7955 93
99.5325 99.7075 98
99.5335 99.7085 95
99.6205 100.568 97
99.6215 99.9605 94
99.7075 100.568 98
99.7085 99.8795 95
99.7085 99.8835 92
99.7945 100.138 90
99.7955 100.135 93
99.8795 100.048 95
99.8825 100.052 89
99.8835 100.052 92
99.9635 100.31 91
99.9635 100.314 88
100.048 100.568 95
100.052 100.225 89
100.052 100.222 92
100.135 100.568 93
100.138 100.477 90
100.225 100.394 86
100.31 100.568 85
100.314 100.568 88
100.394 100.566 86
100.477 100.568 90
100.478 100.568 84
100.48 100.568 87
100.568 100.733 83
100.652 100.996 82
100.733 100.908 83
100.82 101.968 87
100.821 101.171 81
100.823 101.17 84
100.911 101.083 80
100.996 101.968 85
100.996 101.342 82
101.082 101.968 86
101.083 101.258 80
101.083 101.255 83
101.171 101.517 81
101.171 101.518 78
101.342 101.968 82
101.345 101.698 79
101.346 101.699 76
101.518 101.872 78
101.611 101.786 80
101.612 101.787 77
101.612 101.787 74
101.699 101.968 73
101.787 101.966 77
101.872 101.968 72
101.966 102.144 74
102.05 102.239 73
102.053 102.239 76
102.144 102.323 77
102.239 102.327 76
102.323 102.405 77
102.412 102.5 76
102.504 102.595 74
102.596 102.679 76
102.683 102.773 74
102.778 102.861 76
102.864 102.956 74
102.958 103.041 76
103.139 103.222 76
103.222 103.309 74
103.314 103.401 76
103.405 103.583 77
103.499 103.671 78
103.761 103.943 77
104.122 104.308 77
104.213 104.399 78
104.308 104.489 77
104.581 104.766 78
104.766 104.952 78
105.047 105.241 77
105.238 105.425 76
105.239 105.612 62
105.33 105.511 78
105.427 105.612 71
105.427 105.603 68
105.511 105.612 78
105.599 105.97 72
105.603 105.97 68
105.691 105.869 78
105.784 105.968 76
105.788 105.97 69
105.967 106.326 73
105.968 106.138 76
106.048 106.229 78
106.141 106.33 74
106.327 106.421 76
106.327 106.698 57
106.33 106.701 64
106.607 106.701 78
106.705 106.785 76
106.786 106.879 78
106.789 106.88 73
106.971 107.062 78
106.974 107.063 73
107.065 107.15 74
107.066 107.436 59
107.153 107.243 71
107.157 107.247 76
107.248 107.338 74
107.339 107.44 76
107.342 107.44 71
107.62 107.702 74
107.706 107.801 71
107.801 108.154 76
107.885 108.158 69
107.976 108.158 73
108.154 108.336 76
108.155 108.528 62
108.244 108.423 78
108.332 108.528 71
108.336 108.518 68
108.515 108.693 76
108.518 108.879 72
108.518 108.879 68
108.696 108.879 69
108.874 109.235 73
108.875 109.053 76
108.879 109.239 56
109.053 109.239 74
109.053 109.236 76
109.054 109.239 71
109.235 109.33 73
109.236 109.33 76
109.236 109.606 64
109.238 109.607 57
109.611 109.697 76
109.704 109.795 73
109.796 109.879 76
109.883 109.97 73
109.883 109.971 78
109.971 110.058 74
109.977 110.346 59
110.062 110.152 71
110.065 110.153 76
110.155 110.247 74
110.248 110.348 76
110.25 110.348 71
110.44 110.523 71
110.527 110.611 74
110.709 110.881 73
110.793 111.091 69
110.881 111.091 73
111.084 111.266 81
111.17 111.357 82
111.266 111.448 76
111.444 111.626 81
111.448 111.808 73
111.45 111.808 65
111.627 111.808 74
111.805 111.986 81
111.986 112.165 81
111.987 112.169 76
112.168 112.539 62
112.169 112.539 69
112.263 112.364 82
112.452 112.54 82
112.543 112.63 88
112.546 112.9 57
112.547 112.901 62
112.637 112.718 82
112.813 112.901 82
112.907 113.274 64
112.995 113.079 76
113.18 113.278 76
113.181 113.281 81
113.366 113.452 76
113.545 113.628 76
113.635 113.998 62
113.719 113.998 74
113.996 114.366 72
114.076 114.258 82
114.174 114.356 81
114.175 114.353 76
114.175 114.356 73
114.437 114.619 82
114.534 114.716 81
114.535 114.717 74
114.716 114.892 81
114.797 114.979 82
114.895 115.076 79
114.895 115.076 76
115.074 115.168 81
115.074 115.448 69
115.076 115.448 62
115.27 115.356 81
115.452 115.535 88
115.455 115.808 62
115.455 115.809 57
115.536 115.626 82
115.717 115.812 82
115.896 115.979 76
116.082 116.18 76
116.271 116.355 76
116.446 116.533 76
116.537 116.894 62
116.627 116.855 74
116.802 116.894 86
116.897 117.082 89
116.985 117.267 86
116.987 117.166 84
117.082 117.267 89
117.166 117.267 84
117.261 117.45 87
117.265 117.61 46
117.265 117.61 62
117.353 117.534 82
117.534 117.621 82
117.625 117.814 86
117.719 117.905 81
117.814 118.017 75
117.906 118.011 84
118.011 118.199 84
118.013 118.199 74
118.014 118.286 65
118.199 118.289 74
118.293 118.398 82
118.399 118.584 72
118.584 118.787 72
118.679 118.783 81
118.783 118.977 81
118.784 118.977 71
118.784 119.109 68
118.787 119.109 52
118.881 119.068 76
119.068 119.171 80
119.068 119.172 76
119.175 119.369 69
119.178 119.371 80
119.27 119.463 75
119.369 119.581 69
119.372 119.581 60
119.459 119.568 78
119.463 119.581 75
119.568 119.764 78
119.568 119.763 68
119.569 119.973 56
119.57 119.973 64
119.666 119.865 71
119.763 119.973 68
119.764 119.973 59
119.864 119.964 76
119.865 119.973 71
119.963 120.393 72
119.964 120.393 57
119.965 120.393 66
120.156 120.393 76
120.159 120.393 69
120.159 120.393 60
120.363 120.755 59
120.365 120.457 68
120.555 120.755 71
120.558 120.755 62
120.652 120.754 76
120.754 121.163 69
120.754 121.163 66
120.755 121.163 60
120.947 121.163 76
121.152 121.248 62
121.153 121.249 68
121.544 121.734 76
121.734 121.936 76
121.737 121.936 62
121.92 122.289 88
122.286 122.459 64
122.459 122.638 64
122.636 122.739 76
122.636 122.739 73
122.838 122.926 76
122.928 123.018 73
123.022 123.103 76
123.106 123.189 73
123.108 123.19 78
123.196 123.283 76
123.287 123.372 78
123.375 123.462 74
123.466 123.549 71
123.466 123.55 76
123.553 123.651 74
123.556 123.652 64
123.652 123.748 71
123.654 123.749 76
123.75 123.885 74
123.878 123.924 66
123.925 124.015 74
124.019 124.102 71
124.197 124.466 69
124.284 124.466 73
124.463 124.642 76
124.642 124.844 76
124.643 124.844 62
124.828 125.192 88
125.009 125.192 76
125.188 125.363 64
125.363 125.539 64
125.537 125.632 76
125.539 125.636 73
125.737 125.828 76
125.832 125.915 73
125.915 126.0 76
126.003 126.09 78
126.003 126.091 73
126.097 126.178 76
126.182 126.273 78
126.185 126.273 73
126.276 126.36 74
126.364 126.451 71
126.364 126.452 76
126.405 126.454 63
126.454 126.545 74
126.549 126.644 76
126.549 126.644 71
126.645 126.783 74
126.776 126.826 66
126.829 126.913 74
126.914 127.004 71
127.095 127.361 69
127.18 127.358 73
127.274 127.361 80
127.55 127.753 81
127.736 128.099 93
127.918 128.099 81
128.097 128.275 69
128.278 128.46 64
128.456 128.555 81
128.46 128.555 77
128.558 128.652 82
128.75 128.831 82
128.834 128.926 88
128.929 129.013 77
129.017 129.1 81
129.018 129.101 69
129.104 129.192 77
129.105 129.192 82
129.283 129.373 76
129.377 129.464 85
129.378 129.468 69
129.468 129.563 81
129.471 129.563 76
129.654 129.745 76
129.695 129.745 70
129.833 129.923 76
130.014 130.284 74
130.056 130.284 68
130.099 130.284 77
130.469 130.672 81
130.655 131.025 93
130.837 131.025 81
131.023 131.197 69
131.197 131.379 69
131.197 131.379 64
131.376 131.467 81
131.379 131.467 77
131.569 131.66 81
131.572 131.662 69
131.757 131.841 88
131.845 131.932 77
131.845 131.935 82
132.02 132.107 82
132.023 132.107 77
132.205 132.286 76
132.292 132.387 69
132.39 132.478 76
132.39 132.478 81
132.576 132.664 76
132.618 132.664 70
132.755 132.839 76
132.935 133.195 74
133.335 133.528 42
134.015 134.211 65
134.018 134.422 53
134.109 134.221 75
134.113 134.221 72
134.211 134.422 69
134.211 134.422 65
134.421 134.715 72
134.421 134.715 84
134.827 135.222 29
135.019 135.219 41
135.219 135.614 41
135.219 135.408 53
135.307 135.614 82
135.408 135.608 53
135.608 135.796 65
135.703 135.81 72
135.796 136.014 69
135.796 136.014 65
136.209 136.305 65
136.604 136.804 80
136.605 136.791 46
136.791 137.175 46
136.889 137.074 59
137.074 137.175 59
137.169 137.361 70
138.247 138.355 47
138.348 138.728 46
138.436 138.728 87
138.439 138.728 82
138.439 138.631 59
138.631 138.728 59
138.722 139.118 85
138.909 139.118 70
139.513 139.699 85
139.699 139.902 85
139.892 140.273 88
140.266 140.662 93
140.361 140.465 88
140.459 140.662 82
140.66 140.947 85
140.661 140.947 39
140.762 140.947 87
140.959 141.053 95
141.156 141.354 85
141.253 141.469 96
141.256 141.469 46
141.354 141.469 85
141.455 141.645 93
141.456 141.648 88
141.55 141.747 82
141.551 141.749 91
141.645 141.851 93
141.648 141.851 88
141.747 141.851 82
141.841 142.03 85
142.03 142.226 85
142.132 142.222 79
142.219 142.414 87
142.222 142.412 79
142.317 142.509 76
142.317 142.509 85
142.414 142.601 87
142.509 142.601 76
142.509 142.601 85
142.699 142.793 73
142.995 143.16 76
142.995 143.16 73
143.195 143.3 76
143.413 143.608 73
143.633 143.752 73
143.755 143.884 76
143.885 144.098 70
143.888 144.304 74
143.892 144.325 62
144.305 144.518 68
144.309 144.774 59
144.518 144.774 68
144.742 144.844 64
144.743 145.162 60
145.16 145.589 67
145.162 145.369 40
145.263 145.589 60
145.477 145.589 69
145.481 146.02 41
145.579 145.789 70
145.583 146.002 74
145.583 146.003 53
145.999 146.213 68
146.002 146.468 59
146.436 146.538 64
146.437 146.864 60
146.863 147.293 67
146.864 147.07 40
147.173 147.293 69
147.279 147.714 53
147.7 147.91 56
147.703 148.56 41
147.703 148.168 47
147.91 148.168 56
148.016 148.132 65
148.132 148.56 65
148.134 148.56 48
148.235 148.446 60
148.446 148.558 60
148.558 148.764 42
148.659 148.869 57
148.868 148.989 62
148.869 148.989 57
148.869 148.989 41
148.988 149.216 34
149.216 149.306 65
149.219 149.31 74
149.222 149.313 53
149.401 149.499 72
149.404 149.502 58
149.404 149.503 53
149.594 149.688 53
149.597 149.688 50
149.782 149.88 50
149.783 149.88 58
149.783 149.881 53
149.971 150.07 50
149.972 150.072 53
149.975 150.073 58
150.174 150.362 72
150.175 150.362 65
150.36 150.541 70
150.772 150.864 65
150.773 150.867 53
150.773 150.867 58
150.776 150.868 62
150.955 151.049 65
150.955 151.05 76
150.958 151.053 58
150.958 151.053 62
151.148 151.242 65
151.151 151.245 53
151.333 151.428 74
151.336 151.43 53
151.336 151.431 58
151.526 151.627 53
151.529 151.627 62
151.529 151.627 58
151.724 151.917 76
151.917 152.106 74
152.331 152.428 64
152.331 152.429 61
152.333 152.429 54
152.517 152.61 70
152.519 152.614 61
152.523 152.614 64
152.705 152.803 64
152.709 152.807 54
152.898 152.992 61
153.086 153.184 82
153.089 153.188 54
153.09 153.189 64
153.09 153.191 61
153.285 153.475 73
153.289 153.475 54
153.895 153.996 72
153.896 154.0 69
153.898 154.0 57
154.104 154.203 72
154.105 154.204 69
154.106 154.206 65
154.297 154.395 72
154.301 154.399 76
154.493 154.595 75
154.493 154.598 65
154.497 154.599 57
154.703 154.819 60
155.573 155.711 62
155.575 155.711 65
155.663 155.75 66
155.753 155.892 62
155.754 155.892 65
155.848 155.931 67
156.219 156.306 67
156.309 156.453 74
156.313 156.453 65
156.416 156.516 66
156.706 156.887 70
157.125 157.258 62
157.213 157.3 71
157.303 157.451 65
157.304 157.451 70
157.398 157.486 72
157.489 157.636 65
157.489 157.636 62
157.49 157.636 70
157.776 157.863 72
157.868 158.032 62
157.972 158.067 71
158.068 158.263 76
158.649 158.76 70
158.651 158.76 82
158.651 158.76 73
158.652 158.76 61
158.655 158.76 64
158.848 159.043 64
159.428 159.54 87
159.428 159.54 59
159.432 159.54 66
159.432 159.54 69
159.628 159.822 75
159.631 159.822 85
159.632 159.822 69
159.632 159.822 66
159.726 159.822 84
160.216 160.384 87
160.219 160.384 84
160.219 160.384 93
160.317 160.412 52
160.416 160.572 87
160.521 160.615 53
160.72 160.811 54
160.916 161.01 55
161.01 161.188 81
161.112 161.206 56
161.21 161.378 81
161.403 161.552 59
161.496 161.591 58
161.686 161.783 59
161.784 161.945 85
161.878 161.969 60
161.973 162.147 62
162.071 162.158 61
162.161 162.337 75
162.263 162.351 62
162.351 162.529 82
162.448 162.543 63
162.544 162.722 72
162.645 162.735 64
162.838 162.932 65
163.233 163.326 67
163.328 163.513 72
164.714 165.108 68
165.305 165.518 69
166.426 166.666 74
166.426 166.667 70
166.915 167.037 62
167.313 167.422 65
167.314 168.444 59
167.499 167.611 65
169.201 169.319 80
169.204 169.578 53
169.579 169.764 54
169.582 169.765 62
169.582 169.767 57
171.098 171.28 48
171.189 171.284 95
171.833 172.014 48
171.836 172.018 57
171.836 172.018 51
171.836 172.019 41
171.924 172.021 88
172.514 172.683 46
172.532 172.686 53
172.55 172.686 62
172.592 172.687 101
173.355 174.117 53
173.358 174.118 59
173.457 173.565 42
173.74 173.848 44
174.314 174.409 86
174.499 174.594 85
174.689 174.78 84
174.875 175.259 74
174.877 174.982 53
175.262 175.354 74
175.267 175.371 56
175.448 175.556 56
175.634 175.827 93
176.389 176.498 69
177.143 177.328 87
177.143 177.328 79
177.884 178.065 87
177.884 178.066 93
177.887 178.066 101
178.066 178.174 65
178.252 178.359 62
178.632 178.723 86
178.633 178.728 101
178.637 178.731 94
178.822 178.917 53
178.917 179.003 62
179.008 179.099 58
179.189 179.29 47
179.193 179.291 58
179.294 179.382 62
179.383 179.483 58
179.385 179.484 54
179.578 179.665 58
179.666 179.746 62
179.844 179.946 47
179.942 180.04 46
179.943 180.041 58
179.946 180.041 55
180.043 180.096 62
180.113 180.278 57
180.898 181.58 74
181.15 181.58 72
181.236 181.58 62
181.237 181.58 59
181.579 181.832 70
181.836 181.934 58
181.837 181.934 53
181.934 182.024 62
182.025 182.115 58
182.211 182.302 58
182.497 182.587 62
182.588 182.675 53
182.591 182.676 58
182.679 182.763 62
182.764 182.959 58
182.865 182.96 47
182.955 183.05 46
182.959 183.053 58
182.96 183.054 55
183.057 183.145 62
183.117 183.288 54
183.131 183.291 57
183.74 183.897 72
183.894 184.6 74
183.897 184.297 65
184.059 184.538 66
184.212 184.6 68
184.215 184.6 62
184.377 184.537 60
184.906 185.291 87
184.985 185.291 74
185.133 185.291 84
185.135 185.291 75
185.207 185.291 81
185.364 186.0 74
185.444 185.941 69
185.594 186.0 62
185.671 186.0 68
185.75 185.942 63
185.75 186.0 66
185.944 186.085 46
186.228 186.687 93
186.606 186.687 84
186.683 187.222 96
186.753 187.142 93
187.061 187.331 87
187.141 187.331 99
187.142 187.331 90
187.142 187.331 93
187.222 187.331 96
187.457 187.624 87
187.534 187.624 90
187.611 187.925 100
187.691 187.846 87
187.768 188.087 101
187.769 188.09 81
187.846 188.006 87
187.925 188.251 100
188.006 188.168 87
188.09 188.416 81
188.251 188.64 100
188.332 188.493 87
188.412 188.576 101
188.416 188.64 81
188.493 188.64 87
188.576 189.983 101
188.86 189.017 90
188.94 189.096 89
189.013 189.171 86
189.096 189.712 89
189.097 189.252 82
189.171 189.328 78
189.171 189.637 86
189.328 189.479 78
189.329 189.482 74
189.402 189.555 77
189.404 189.983 70
189.479 189.637 78
189.556 189.71 82
189.637 189.787 86
189.637 189.983 78
189.71 189.942 82
189.712 189.87 89
189.787 189.983 86
189.87 189.983 89
189.942 190.091 82
190.242 190.403 78
190.322 191.25 82
190.402 190.558 74
190.403 191.169 78
190.477 190.635 70
190.479 191.093 77
190.56 190.711 66
190.635 190.785 65
190.71 190.861 62
190.711 190.862 66
190.787 191.354 58
190.943 191.095 70
190.943 191.354 65
191.018 191.17 74
191.093 191.25 77
191.095 191.333 70
191.17 191.354 74
191.25 191.354 77
191.333 191.432 70
191.544 191.703 66
191.702 191.86 62
191.703 192.168 66
191.785 191.94 58
191.859 192.017 54
191.86 192.016 62
191.94 192.09 58
192.016 192.167 62
192.017 194.529 54
192.09 194.529 58
192.093 192.244 65
192.167 194.529 62
192.241 192.398 70
192.244 194.529 65
192.323 192.474 74
192.398 194.529 70
192.401 192.556 77
192.475 192.632 78
192.556 192.713 82
192.629 192.787 86
192.632 194.529 78
192.713 193.183 82
192.713 192.87 89
192.789 192.944 90
192.868 193.027 94
192.87 193.028 89
193.027 193.34 94
193.101 193.262 90
193.183 193.339 89
193.423 193.577 90
193.497 193.815 82
193.577 193.896 98
193.577 193.734 90
193.658 193.972 94
193.661 193.815 89
193.815 193.973 89
193.815 194.13 82
193.896 194.211 98
193.972 194.292 94
193.973 194.128 89
194.053 194.211 90
194.128 194.291 89
194.13 194.45 82
194.211 194.529 98
194.211 194.368 90
194.291 194.449 89
194.368 194.529 90
194.449 194.529 89
194.45 194.529 82
194.529 194.847 65
194.725 194.847 101
195.425 195.562 62
