2.37097 2.57295 60
4.44296 4.53996 59
4.64195 4.73896 76
5.06596 5.16296 83
5.46394 5.56195 76
10.9389 11.0428 83
11.1458 11.2509 59
11.3438 11.4459 76
11.9778 12.0758 59
12.1738 12.2748 76
12.9928 13.1048 76
17.9807 18.0857 76
18.6137 19.0487 71
19.6846 19.7866 76
20.3226 20.7526 71
26.3245 26.5265 52
26.5265 26.7445 52
26.5345 26.7475 56
26.6885 26.7975 71
26.7475 27.0045 56
26.7975 26.9095 71
30.4584 30.8964 74
33.8743 34.3073 71
39.8792 40.0972 57
39.8832 40.0792 52
40.0872 40.3072 56
40.2482 40.3592 71
40.3102 40.5652 72
40.3592 40.4712 71
43.0261 43.0581 38
43.1001 43.1341 45
43.4501 43.4771 39
43.5131 43.5511 45
43.5541 43.7581 51
43.9431 43.9821 47
44.1961 44.3071 76
46.079 46.183 57
46.4 46.431 38
46.432 46.466 42
46.467 46.501 45
46.505 46.712 50
46.89 46.929 47
47.1529 47.2679 76
49.8299 49.8619 38
49.8969 49.9309 45
50.2479 50.2779 39
50.2789 50.3199 42
50.7438 50.7858 47
52.8898 52.9938 57
53.2038 53.2348 38
53.2748 53.3088 45
53.7077 53.7427 47
55.2897 55.3907 61
55.2907 55.3917 57
56.1307 56.2347 61
56.1327 56.2347 59
56.9747 57.0787 57
57.8106 57.9116 61
57.8106 57.9116 56
58.0196 58.1186 56
58.6526 58.7546 57
59.0706 59.1706 57
59.4936 59.5946 64
59.4936 59.5986 61
59.7006 59.8046 64
60.3365 60.4375 66
62.0665 62.1675 57
62.9134 63.0174 59
63.1194 63.2344 73
63.7524 63.8564 61
63.7534 63.8574 57
64.6024 64.6974 56
64.8064 64.9084 56
65.4363 65.5343 57
66.2733 66.3743 64
66.2733 66.3773 61
67.1133 67.2173 66
68.8312 68.9362 64
69.0482 69.1492 64
69.6742 69.7752 64
69.6752 69.7802 62
71.3961 71.4941 62
71.3971 71.4981 56
72.2401 72.3441 64
72.4541 72.5581 64
73.5011 73.609 62
75.625 75.729 57
75.835 75.939 57
76.468 76.57 59
77.3149 77.4159 57
77.5219 77.6329 57
78.9949 79.0999 59
79.2049 79.3098 59
79.8388 79.9398 59
80.0478 80.1488 59
82.4108 82.5157 64
82.6167 82.7217 64
83.2587 83.3617 62
83.6767 83.7787 62
84.9907 85.0917 62
84.9907 85.0927 56
85.8336 85.9386 64
86.0436 86.1446 64
86.6836 86.7856 62
89.2255 89.3335 57
89.4395 89.5435 57
90.0755 90.1775 59
90.9225 91.0235 57
92.8124 92.9174 59
97.4352 97.4702 38
97.4742 97.5092 42
97.5092 97.5472 45
97.8592 97.8912 39
97.8942 97.9262 42
98.3212 98.3592 44
98.3602 98.3942 47
100.821 100.859 38
100.859 100.889 42
100.894 100.924 45
101.318 101.348 47
104.251 104.281 38
104.316 104.359 45
104.562 104.673 50
104.674 104.705 39
105.143 105.174 44
105.177 105.216 47
105.43 105.542 76
107.639 107.67 38
107.708 107.746 45
108.143 108.184 47
108.405 108.521 52
113.35 113.448 76
113.775 113.872 83
114.173 114.277 76
114.995 115.107 76
120.053 120.154 76
120.886 120.984 76
121.701 121.813 76
134.843 135.049 52
135.045 135.263 57
135.049 135.245 52
135.245 135.473 52
135.253 135.474 56
135.522 135.634 71
135.634 135.73 71
135.729 136.169 57
140.895 141.333 71
142.6 143.033 71
144.879 145.084 60
148.419 148.626 52
148.625 148.839 57
148.626 148.822 52
148.832 149.045 56
149.045 149.308 56
149.102 149.21 71
150.09 150.205 45
150.928 151.041 45
151.0 151.041 52
151.763 151.875 38
151.797 151.875 42
151.836 151.875 45
152.221 152.294 42
152.252 152.294 45
152.291 152.729 69
152.69 152.729 47
153.47 153.582 45
153.989 154.196 57
154.3 154.405 45
154.367 154.405 52
155.136 155.249 38
155.21 155.249 45
155.634 155.671 47
155.896 156.13 52
157.726 157.831 45
157.793 157.831 52
158.594 158.672 42
158.629 158.672 45
158.979 159.087 39
159.011 159.087 42
159.046 159.087 45
159.298 159.526 51
159.487 159.526 47
159.739 159.973 52
160.261 160.369 45
160.295 160.369 49
160.365 161.198 73
161.093 161.199 45
161.159 161.199 52
161.608 161.817 57
161.93 162.041 38
161.961 162.041 42
161.996 162.041 45
162.42 162.465 47
162.798 162.909 76
162.798 162.909 45
163.631 163.714 85
163.669 163.7 49
163.715 164.492 73
163.718 164.492 76
163.736 164.571 85
164.471 164.502 45
164.541 164.572 52
164.548 165.307 73
164.555 165.307 76
164.575 165.408 85
165.304 165.338 45
166.14 166.196 85
166.175 166.214 42
166.214 166.255 45
166.98 167.015 45
167.096 167.155 76
167.099 167.155 85
167.302 167.351 76
167.502 167.554 76
167.713 167.771 76
167.894 168.695 47
167.928 168.793 76
168.664 168.708 45
168.775 169.569 73
168.793 169.569 76
168.816 169.65 85
169.545 169.579 45
169.629 170.385 73
169.632 170.385 76
169.653 170.486 85
171.005 171.217 85
171.295 171.333 45
172.057 172.092 45
172.167 173.005 76
172.985 173.009 85
173.01 173.216 76
173.01 173.217 80
173.011 173.217 83
173.013 173.22 52
173.216 173.419 76
173.419 173.629 76
173.422 173.63 83
173.629 173.751 76
173.63 173.751 83
174.228 174.62 76
174.287 174.62 57
174.382 174.6 64
174.487 174.62 61
174.652 174.676 76
174.805 175.011 64
175.011 175.218 64
175.218 175.432 64
175.324 175.456 61
175.845 176.055 64
176.055 176.269 64
176.579 176.998 61
176.684 176.894 64
176.787 177.224 57
176.894 177.108 64
177.108 177.224 64
177.319 177.528 66
177.424 177.843 62
177.634 178.061 57
177.843 178.092 62
177.949 178.092 66
178.162 178.368 64
178.368 178.575 64
178.473 178.897 57
178.575 178.788 64
178.679 178.897 85
178.68 178.897 61
178.788 178.897 64
178.894 179.307 52
178.995 179.205 64
179.205 179.411 64
179.411 179.628 64
179.628 179.773 64
179.696 179.773 45
179.727 180.517 73
179.74 180.517 76
179.768 180.604 85
180.573 181.336 73
180.587 181.336 76
181.329 181.364 45
182.17 182.226 38
182.208 182.239 42
182.243 182.281 45
182.484 182.694 50
183.013 183.048 45
183.122 183.958 76
183.125 183.93 85
183.965 184.165 76
183.966 184.165 80
183.968 184.167 83
183.968 184.168 52
184.165 184.371 76
184.167 184.375 83
184.371 184.581 76
184.375 184.584 83
184.581 184.704 76
184.686 184.72 45
184.798 188.249 76
185.657 186.528 81
186.408 187.276 45
187.276 187.708 45
187.392 187.811 81
187.601 187.812 57
187.708 188.246 45
187.811 188.242 69
188.711 189.211 76
189.211 190.202 73
189.211 190.202 76
