1.43598 1.73299 62
2.63299 3.22797 69
2.63299 2.92598 60
4.00497 4.15497 55
4.15897 4.46298 55
6.01496 6.31195 74
6.61696 8.09695 74
8.10395 8.41196 74
8.41895 8.87995 72
8.88496 9.04496 71
8.88696 9.04596 55
12.538 12.828 60
12.5389 13.1289 69
13.9069 14.0559 55
14.0609 14.3679 55
15.9119 16.2099 74
16.5179 18.0089 74
18.0129 18.3209 74
18.3239 18.8029 72
18.8069 18.9779 71
18.8069 18.9789 55
20.5569 20.6859 64
20.5569 20.6859 67
20.8119 20.9349 64
20.9379 21.1819 57
21.0609 21.1829 66
21.0609 21.1829 64
21.0619 21.1869 60
21.3159 21.4459 66
21.3159 21.4459 64
21.5719 21.7079 66
21.8309 21.9669 59
22.6279 22.7579 55
22.6279 22.7579 60
22.6289 22.7579 64
22.8809 22.9999 60
22.8809 23.0029 64
23.1209 23.2509 57
23.1219 23.2519 62
23.3739 23.5109 57
23.3809 23.5139 62
23.6399 23.7689 62
23.8949 24.0249 59
23.8959 24.0249 62
24.1609 24.5679 60
24.6939 24.8329 67
24.9489 25.0779 59
24.9529 25.0789 67
25.2009 25.3269 66
25.2019 25.3309 60
25.4639 25.5929 60
25.7149 25.8459 59
26.2379 26.3689 67
26.7689 26.8949 55
26.7699 26.8959 60
26.7699 26.8989 64
27.0249 27.1439 60
27.2659 27.3889 57
27.2659 27.3919 62
27.5219 27.6569 57
27.5219 27.6579 60
27.7839 27.9169 55
27.7839 27.9169 59
29.4819 29.7759 66
29.7759 30.0759 62
30.9799 31.5669 69
32.3449 32.4989 55
32.5019 32.8029 55
32.5059 33.1189 62
34.0529 34.3619 74
34.3649 34.6629 74
34.9709 36.4578 74
36.4608 36.7658 74
36.7688 37.2338 72
37.2388 37.3958 55
39.6168 39.7608 76
40.1808 40.3218 76
40.1848 40.3218 72
40.7348 40.9438 69
40.7348 40.9438 74
40.7368 40.9438 72
41.1467 41.2837 72
41.8507 42.0637 73
42.7327 43.0617 74
42.7357 43.0647 62
43.0657 43.3337 74
44.2977 44.5917 66
44.2997 44.5917 60
44.3007 44.5917 57
45.1797 45.7947 76
45.4877 45.7947 64
45.4907 45.7957 55
45.4907 45.7987 52
46.0857 46.3827 54
46.0867 46.3827 62
46.6697 46.9687 60
46.6737 46.9707 55
47.2827 47.5947 64
47.9197 48.2977 66
49.2427 49.5437 62
50.4507 51.0377 69
50.4527 50.7407 60
51.8147 51.9697 55
51.9727 52.2737 55
51.9737 52.5887 62
53.8207 54.1177 74
54.4296 55.9206 74
55.9246 56.2246 74
56.2326 56.6976 72
56.7006 56.8656 71
58.3666 58.4966 67
58.3706 58.4976 64
58.6266 58.7516 67
58.6296 58.7556 64
58.7566 59.0006 57
58.8746 59.0036 60
58.8746 59.0046 66
58.8746 59.0046 64
59.1256 59.2636 66
59.1306 59.2636 64
59.3926 59.5216 59
60.4466 60.5766 64
60.4466 60.5786 60
60.9466 61.0696 57
60.9476 61.0726 62
61.1956 61.3326 62
61.1986 61.3326 60
61.4566 61.5846 62
61.4576 61.5866 55
61.7206 61.8496 62
61.9896 62.3926 60
62.5226 62.6516 67
62.7776 62.9036 59
63.0256 63.1526 60
63.0256 63.1546 66
63.5436 63.6696 59
63.6736 63.9356 35
64.6005 64.7296 55
64.6005 64.7306 60
64.8486 64.9756 60
64.8496 64.9786 64
65.0976 65.2196 57
65.1006 65.2236 62
65.3526 65.4856 57
65.3536 65.4866 60
65.3536 65.4896 62
65.6156 65.7496 55
65.8815 66.0076 59
65.8826 66.0116 62
66.1545 66.6405 60
67.3136 67.6095 66
68.8145 69.4025 69
70.1765 70.3305 55
70.3345 70.6375 55
71.8806 72.1816 74
72.1855 72.4795 74
72.7905 74.3095 74
74.3135 74.6275 74
74.6325 74.9715 72
75.1385 75.3245 60
75.1395 75.3285 66
