0.524989 1.70098 37
1.70598 2.33496 37
2.33897 4.03197 37
5.29995 5.93096 61
6.07294 7.06693 68
9.50692 10.6679 60
9.50892 10.6689 44
10.6679 11.2769 48
11.2739 12.4429 44
11.2749 12.4419 37
13.0629 14.3509 44
13.0649 14.6589 37
14.3509 14.8549 44
14.6589 14.8549 37
14.8539 15.9479 34
16.5309 17.7518 46
16.6559 17.7518 51
16.7929 17.6158 54
19.3338 19.8948 70
20.9718 21.3778 87
21.5468 21.6758 84
30.9587 31.1507 75
31.2977 31.9157 61
34.2967 34.6537 60
37.2297 37.8187 73
37.5237 37.8187 51
38.9977 40.7266 32
39.5787 40.1566 60
40.1566 41.3046 60
40.7266 41.7546 32
41.8886 42.1856 60
45.0286 45.2206 75
47.1736 48.3996 60
51.3385 51.9195 73
51.6255 51.9195 51
57.7995 57.9565 92
58.0965 58.2505 80
58.5725 58.6815 80
58.7165 58.8625 80
59.2865 59.4305 80
59.5805 59.7275 92
59.7275 59.8365 80
59.8635 60.0115 80
61.1975 61.2995 92
61.3345 61.4845 92
63.5424 63.6584 92
63.6974 63.8364 82
63.9104 64.0424 80
63.9764 64.1094 82
64.1864 64.3134 80
64.3754 64.5264 82
64.4554 64.6044 80
64.6044 64.7604 80
64.7604 64.9325 80
64.9325 65.0855 80
65.0015 65.1705 82
65.3175 65.4925 82
65.4045 65.5625 80
65.4925 65.6365 82
65.5625 65.7085 80
65.6365 65.7685 82
65.7085 65.8385 80
65.7685 65.8985 82
65.8985 66.0375 82
65.9745 66.1085 80
66.1715 66.3145 82
66.2445 66.3845 80
66.3145 66.4475 82
66.3845 66.5175 80
66.5175 66.6675 80
66.6025 66.7525 82
66.8225 66.9595 80
66.9595 67.1235 80
67.0425 67.1585 82
67.1245 67.2835 80
67.2285 67.3605 82
67.2835 67.4275 80
67.3605 67.4975 82
67.5645 67.6965 80
67.6265 67.7605 82
67.6965 67.8305 80
67.8305 67.9695 80
67.9695 68.1135 80
68.1135 68.2745 80
68.1975 68.3585 82
68.2745 68.4495 80
68.3585 68.5195 82
68.9326 69.0725 80
69.0026 69.1496 82
69.0725 69.2126 80
69.2126 69.3526 80
69.2756 69.4226 82
69.4786 69.6116 80
69.5486 69.6886 82
69.6116 69.7516 80
69.6886 69.8186 82
69.7516 69.8816 80
70.0146 70.1546 80
70.0846 70.2236 82
70.2236 70.3676 82
70.3046 70.3956 80
70.3686 70.4626 82
70.4306 70.5256 80
70.5016 70.5876 82
73.0036 73.1496 92
77.5425 77.6585 92
77.6995 77.7875 82
77.7635 77.8505 80
77.8225 77.9105 82
77.8965 77.9835 80
78.0185 78.1065 80
78.1515 78.2395 80
78.2285 78.3165 82
78.4145 78.5055 80
78.6975 78.8025 80
78.8655 78.9645 80
79.3065 80.2315 60
79.3775 79.4645 82
79.8215 79.9126 80
79.9446 80.0385 80
80.0975 80.1895 80
80.1535 80.2485 82
80.3015 80.4095 82
80.3815 80.4865 80
80.5425 80.6376 80
80.8406 80.9346 80
80.9036 81.0045 82
80.9825 81.0536 80
98.0185 98.7745 48
98.7775 102.137 60
107.556 108.175 61
109.988 111.167 75
114.731 115.129 73
118.91 119.83 73
120.687 121.842 61
126.026 126.949 73
127.804 128.941 61
128.945 129.556 61
132.504 133.13 75
134.944 136.91 73
138.621 139.556 73
143.48 144.082 49
144.085 145.247 60
144.088 145.248 44
146.469 147.092 53
146.469 147.093 44
146.47 147.093 49
146.472 147.095 37
147.092 147.708 53
147.093 147.709 49
147.093 147.708 44
147.095 147.709 37
147.708 148.94 53
147.708 148.94 44
147.709 148.943 37
147.709 148.944 49
149.563 151.359 37
150.448 151.033 61
150.449 151.034 68
150.452 151.033 65
151.033 151.407 65
151.033 151.407 61
151.034 151.407 68
151.359 152.933 37
151.646 152.24 61
151.649 152.241 68
151.649 152.241 65
152.24 152.828 61
152.241 152.828 65
152.241 152.825 68
152.825 153.143 68
152.828 153.144 65
152.828 153.146 61
153.15 154.935 37
153.441 154.032 61
153.441 154.03 65
153.442 154.029 68
154.029 154.617 68
154.03 154.613 65
154.032 154.617 61
154.613 155.156 65
154.617 155.156 68
154.617 155.156 61
154.935 155.226 37
155.23 155.815 65
155.23 155.817 61
155.815 156.401 65
155.817 156.405 68
155.817 156.402 61
156.401 156.714 65
156.402 156.714 61
156.405 156.715 68
157.011 157.597 68
157.597 158.184 68
157.599 158.183 66
158.183 158.558 66
158.184 158.558 68
158.505 160.108 32
158.793 159.386 68
158.793 159.385 66
159.385 159.971 66
159.386 159.969 68
159.969 160.284 68
159.971 160.284 66
160.287 162.075 37
160.581 161.169 68
161.166 161.758 65
161.169 161.76 68
161.758 162.1 65
161.76 162.1 68
162.075 163.678 37
162.369 162.955 68
162.369 162.957 65
162.955 163.541 68
162.957 163.539 65
163.539 163.854 65
163.541 163.854 68
163.857 165.652 30
164.151 164.739 61
164.151 164.738 70
164.738 165.33 70
164.739 165.331 61
164.739 165.33 66
165.33 165.712 66
165.33 165.712 70
165.331 165.649 61
165.939 166.534 66
165.939 166.534 70
166.534 167.116 66
166.534 167.118 70
167.118 167.434 70
167.434 169.222 37
167.725 168.317 61
168.316 168.908 68
168.317 168.907 61
168.319 168.907 65
168.907 169.233 61
168.907 169.233 65
168.908 169.233 68
169.222 170.734 37
169.507 170.104 61
169.509 170.104 68
169.51 170.102 65
170.102 170.688 65
170.104 170.689 61
170.104 170.689 68
170.688 171.0 65
170.689 171.001 61
170.689 171.001 68
171.291 171.886 70
171.292 171.883 61
171.883 172.47 61
171.886 172.47 66
171.886 172.471 70
172.47 172.789 61
172.47 172.925 66
172.471 172.925 70
173.674 174.258 66
173.674 174.259 70
174.258 174.591 66
174.259 174.591 70
174.578 176.362 37
175.463 176.048 65
175.463 176.048 61
175.463 176.049 68
176.048 176.391 65
176.048 176.391 61
176.049 176.391 68
176.362 177.885 37
176.647 177.244 61
176.649 177.242 68
176.649 177.244 65
177.242 177.83 68
177.244 177.831 61
177.244 177.83 65
177.83 178.137 65
177.83 178.14 68
177.831 178.141 61
178.435 179.026 72
178.438 179.026 68
179.026 179.612 72
179.026 179.612 68
179.026 179.611 66
179.611 179.926 66
179.612 179.957 68
179.612 179.957 72
179.929 181.722 44
180.224 180.814 72
180.814 181.4 72
181.4 181.722 72
181.718 183.52 37
182.606 183.199 68
182.607 183.198 73
182.607 183.198 65
183.198 183.617 73
183.198 183.517 65
183.199 183.617 68
183.52 183.818 37
184.417 185.022 77
184.417 185.022 73
184.419 185.02 68
185.02 185.333 68
185.022 185.334 77
185.022 185.334 73
185.336 187.136 37
186.218 186.81 61
186.219 186.81 65
186.219 186.808 68
186.81 187.136 61
186.81 187.136 65
187.423 188.033 68
187.426 188.032 60
187.426 188.948 65
188.032 188.627 60
188.033 188.948 68
188.627 188.948 60
188.627 188.948 56
188.948 190.863 37
189.263 189.904 65
189.264 189.901 56
189.901 190.542 56
189.904 190.544 61
189.904 190.541 65
190.541 191.496 65
190.542 191.496 56
190.544 191.496 61
192.714 194.465 46
192.715 194.503 34
194.465 195.077 46
195.018 195.605 48
196.139 196.421 53
197.805 199.158 29
198.088 199.158 53
199.536 201.233 34
199.537 201.233 46
199.816 200.958 53
200.667 201.233 58
201.805 202.392 48
202.931 203.207 53
204.591 204.874 53
208.038 208.597 37
208.595 209.138 48
208.595 209.14 36
209.145 209.715 46
209.147 209.715 34
211.436 211.986 36
211.993 212.608 37
213.149 213.421 53
213.421 214.559 53
215.146 216.294 54
216.585 216.865 53
220.4 221.544 53
221.258 221.838 58
221.838 222.377 46
222.389 222.906 48
223.515 223.791 53
225.178 226.911 29
225.459 226.617 53
226.617 226.911 53
226.833 226.911 61
227.189 228.327 53
228.044 228.628 58
228.629 229.139 46
229.175 229.7 48
230.303 231.961 39
231.414 232.528 55
231.961 233.7 39
231.961 232.244 51
235.397 236.486 72
238.765 239.854 73
241.562 242.692 55
242.132 243.899 39
243.262 243.899 55
243.899 245.347 56
245.025 245.347 62
245.31 245.593 59
249.033 250.122 72
252.401 253.49 73
255.198 256.331 55
255.768 256.048 51
255.768 257.505 39
256.905 257.505 55
258.357 259.873 72
259.268 259.873 84
271.329 272.085 48
272.088 275.599 60
276.288 279.894 37
277.171 278.959 61
278.381 279.562 53
278.959 279.894 84
279.256 279.894 56
279.894 283.489 37
280.18 281.374 53
280.775 282.558 61
281.066 282.264 56
281.98 283.16 53
282.655 283.489 82
282.854 283.489 56
283.778 284.972 56
284.664 285.866 60
285.578 286.76 56
286.156 287.089 85
286.156 287.089 66
286.253 287.089 84
286.452 287.089 60
286.862 286.967 73
287.089 290.688 37
289.179 290.359 53
289.561 290.688 87
289.757 290.688 84
290.052 290.688 56
290.687 292.491 54
292.777 293.953 58
292.869 294.286 92
293.446 294.286 82
293.652 294.286 61
294.222 294.286 65
294.285 296.096 37
296.096 297.884 37
296.376 297.55 56
296.662 297.884 84
296.953 297.764 65
297.247 297.884 61
297.82 297.884 66
297.884 299.689 42
299.976 301.156 58
300.553 301.484 66
300.848 301.484 61
301.156 301.484 58
301.481 303.293 37
302.66 303.858 61
303.293 305.083 37
303.57 304.757 56
304.152 305.083 65
304.246 305.083 82
304.445 305.083 61
305.373 306.567 56
306.258 307.459 60
306.857 308.142 73
307.171 308.688 90
307.175 308.355 56
307.364 308.688 87
307.459 308.047 60
307.557 308.688 84
307.751 308.565 66
308.684 309.71 73
308.688 308.823 37
308.97 310.164 56
309.562 310.49 65
309.856 311.06 61
310.491 312.286 37
310.774 311.952 56
311.249 312.286 82
311.644 312.286 61
312.222 312.286 65
312.283 314.213 73
312.286 314.213 37
313.51 314.213 56
314.151 314.301 32
314.452 316.055 44
315.705 316.055 56
316.02 316.055 80
316.052 317.839 37
316.356 317.543 56
317.248 317.696 61
317.808 317.839 60
317.832 317.86 66
318.165 319.705 44
319.394 319.705 56
320.003 320.315 56
320.312 320.924 65
320.314 321.875 49
320.314 321.875 53
320.315 320.924 56
320.923 321.875 80
320.924 321.571 56
321.568 322.229 61
321.568 322.232 65
321.571 322.232 56
323.58 325.438 32
324.189 324.799 60
324.799 326.041 60
325.407 327.246 72
326.639 327.246 60
327.245 329.026 37
328.424 329.629 61
329.026 330.829 49
329.026 330.829 37
330.227 330.829 61
330.796 330.829 72
330.828 332.596 44
332.002 333.177 60
332.568 334.063 72
332.599 334.375 32
333.768 334.375 60
334.374 336.117 37
336.125 337.811 37
337.931 339.135 73
337.933 339.743 37
337.934 339.743 49
339.138 340.338 61
339.716 340.93 73
339.743 341.353 37
340.933 341.353 61
341.543 343.359 37
342.75 343.946 61
343.328 345.162 73
343.359 345.158 37
345.126 345.162 72
345.734 346.88 60
346.879 348.591 25
346.879 348.591 37
347.447 348.591 56
354.461 355.92 89
354.461 354.758 80
354.755 355.92 85
355.059 355.92 80
355.059 355.353 77
355.988 357.159 61
357.164 357.786 61
358.112 358.401 80
358.402 359.539 85
363.534 363.816 41
363.534 363.82 37
363.816 364.115 41
363.82 364.114 44
363.82 373.703 37
364.114 364.405 44
364.115 373.703 41
364.702 364.996 56
365.289 365.58 53
365.583 365.877 56
365.877 366.172 56
365.882 366.171 61
365.882 373.703 53
366.169 366.467 65
366.171 366.466 61
366.172 367.054 56
366.466 366.763 68
366.467 366.763 65
366.76 367.657 73
366.763 367.054 65
367.05 367.348 61
367.054 373.703 56
367.054 367.349 65
367.349 367.656 65
367.657 367.964 68
367.657 367.96 73
367.96 368.265 73
367.964 368.874 68
368.265 368.874 73
368.266 368.573 80
368.569 369.517 85
368.874 369.195 73
369.192 369.518 80
369.517 369.86 85
369.518 373.703 77
369.518 369.861 80
369.86 370.222 85
369.861 373.703 80
370.218 370.732 89
370.221 370.733 92
370.222 373.703 85
370.733 373.703 92
374.264 375.528 61
376.225 377.607 65
376.228 377.239 29
377.614 378.503 29
378.507 383.878 25
378.51 383.878 37
