1.79999 2.75598 71
2.43299 3.08398 78
3.08099 4.35099 71
3.08099 4.35498 52
4.35799 5.31298 71
4.67297 5.63597 66
4.99197 5.63597 78
5.31298 5.63197 71
5.63498 6.90597 52
5.63597 6.90897 55
7.23797 8.20797 66
7.56696 8.20797 78
7.88896 8.20396 71
8.20496 9.56596 48
8.20496 9.56596 52
8.54697 9.56596 76
8.87596 9.56596 60
9.52896 10.53 71
9.53095 10.8749 47
10.186 10.6719 78
10.53 10.8799 71
10.8799 12.1529 71
12.1599 13.1149 71
12.4749 13.4409 66
12.7929 13.4409 78
13.4369 14.7079 52
13.4369 14.7109 55
14.7119 15.6669 71
15.0259 15.9879 66
15.3439 15.9879 78
15.9809 17.2619 71
15.9849 17.2659 52
15.9849 17.2659 55
17.2619 18.2389 71
17.2629 18.5639 54
17.5879 18.5639 66
17.9169 18.5639 78
18.2389 18.5609 71
18.5609 19.9089 71
18.5619 19.9089 52
18.5639 19.9119 48
18.9109 19.9119 76
19.2399 19.8659 60
19.5799 19.9129 59
19.9159 20.9589 71
20.2409 21.3469 66
20.5949 20.9619 78
21.3489 22.6599 71
21.3499 22.6629 76
22.6669 23.9649 83
22.6699 23.6459 78
22.6709 23.9659 75
22.6709 23.9689 69
23.9759 25.2319 71
23.9759 25.2319 76
23.9789 24.9179 47
24.9179 25.2359 47
25.2399 26.5369 57
25.2399 26.5379 63
25.2399 26.2189 66
25.2419 26.5379 71
26.5449 27.8259 59
27.8369 29.1949 47
30.4719 31.8819 59
31.8829 33.1379 71
31.8859 33.1389 76
31.8889 32.9739 28
33.1449 34.4439 83
33.1449 34.1249 78
33.1458 34.4469 75
33.1489 34.4479 69
33.4889 34.1259 80
34.4519 35.7119 71
34.4539 35.7119 76
35.7159 37.0159 57
35.7189 36.6979 66
35.7189 37.0169 71
37.0239 38.3049 59
38.3119 39.6779 59
38.3119 39.6779 47
39.6839 40.9539 42
40.9589 42.3578 59
40.9589 41.3458 30
42.0229 42.3588 30
42.3608 43.6108 62
42.3648 44.8208 54
45.4368 45.7418 30
47.3038 47.9268 42
48.5558 48.8538 37
51.0418 52.2848 71
52.2878 53.5288 71
52.2878 53.5328 64
53.5368 54.7938 69
56.0498 57.3858 67
57.3898 58.6438 71
57.3908 58.6468 64
57.3908 59.9418 48
58.6518 59.9428 69
59.9458 61.3098 66
59.9458 60.6038 59
60.6038 60.9558 62
60.6068 61.3128 57
61.3138 62.9758 71
61.6958 62.5528 67
62.5538 62.9588 66
64.2848 65.2418 71
64.6048 65.5668 66
64.9188 65.5668 78
65.5638 66.8408 71
65.5638 66.8718 52
65.5658 66.8718 55
66.8408 67.7958 71
66.8438 68.1218 54
67.1578 68.1218 66
67.4738 68.1218 78
67.7958 68.1178 71
68.1188 69.4308 52
68.1218 69.4328 55
70.1058 70.8158 83
70.4598 70.8098 72
70.8138 72.2238 50
70.8138 72.2238 54
70.8138 71.8288 60
71.1558 72.2238 81
71.5068 72.2238 62
72.1648 73.2118 71
72.1668 73.5718 55
72.4958 73.5718 69
72.8498 73.5718 81
73.2118 73.5678 71
73.5678 75.0338 71
73.5708 75.0338 48
73.5708 75.0338 52
73.9138 75.0338 79
74.2678 75.0338 60
74.6278 75.0338 59
75.0168 76.1378 69
75.0168 76.5328 54
75.0177 76.5318 57
75.3658 76.5328 67
76.1378 76.5298 69
76.5298 78.6788 69
76.5318 77.8378 57
76.9128 78.6918 78
77.3198 78.6918 59
77.8378 83.7798 57
78.6788 83.7837 69
78.6788 83.7848 76
78.6808 83.7868 60
78.6808 83.7868 52
