13.9849 14.0499 74
14.0329 14.079 75
19.851 19.913 74
19.896 19.942 75
25.587 25.978 72
45.9432 46.2622 81
48.4363 48.7993 34
50.8043 51.1763 58
72.9074 72.9953 75
72.9953 73.0413 75
78.7704 78.8584 75
84.5553 84.9403 72
103.446 103.638 62
108.604 108.994 53
108.605 108.996 57
108.607 108.997 50
108.997 109.43 50
112.573 112.955 39
133.615 133.976 68
139.208 139.386 74
155.302 155.484 65
158.253 158.665 65
179.11 179.158 75
184.971 185.02 75
190.278 190.663 75
190.664 191.054 72
195.664 195.867 38
196.063 196.262 38
196.462 196.676 60
200.242 200.442 60
200.243 200.445 36
201.485 201.869 33
216.851 217.212 87
219.042 219.227 72
233.637 233.819 53
234.005 234.088 58
235.177 235.267 69
235.807 235.901 74
235.902 235.989 72
236.807 236.899 74
240.777 240.865 70
240.868 242.143 70
241.109 241.236 74
241.173 241.295 72
241.236 241.351 74
241.295 241.418 72
241.351 241.474 74
241.418 241.536 72
241.597 241.719 74
241.656 241.778 72
241.778 241.897 72
241.779 242.145 63
241.841 241.964 74
241.897 242.048 72
242.048 242.236 72
248.866 249.208 74
249.048 249.208 62
249.412 249.594 86
249.593 249.961 74
249.772 249.95 86
249.776 249.961 43
250.129 250.315 86
250.314 250.643 74
250.492 250.643 86
250.857 251.04 86
251.037 251.354 74
251.039 251.225 38
251.127 251.316 82
251.787 251.882 74
252.195 252.404 86
252.681 254.115 82
252.687 254.115 53
260.892 260.972 75
260.934 260.979 74
260.98 261.024 75
266.505 266.87 53
269.445 270.905 60
279.845 280.024 74
281.304 281.48 72
281.48 281.633 72
282.75 282.933 75
282.753 283.11 43
284.388 284.549 72
284.942 285.119 74
284.944 285.297 43
285.298 285.661 53
285.668 285.854 70
285.854 286.032 70
285.855 286.032 72
292.295 293.095 85
312.343 312.388 75
312.437 312.482 75
318.25 318.296 74
318.299 318.345 75
330.414 330.529 86
338.513 338.877 65
338.692 339.062 58
340.655 340.704 77
346.78 346.976 72
347.172 347.375 72
