3.21399 3.35197 72
12.1959 12.2649 55
12.3339 12.6079 74
12.8739 13.1529 74
13.4259 13.6999 74
13.9719 14.2499 72
14.3819 14.4509 65
14.3829 14.4519 74
15.6029 15.8738 67
15.6039 15.8758 72
16.5618 16.6318 72
17.6688 17.7308 62
17.6718 17.7348 53
17.8018 18.0878 72
18.8128 18.8858 65
18.8138 18.8898 74
18.9638 20.7408 72
18.9668 20.7408 48
25.5608 25.7078 72
30.2828 30.5618 70
31.3848 31.6578 70
33.5688 33.8428 75
34.5207 34.5907 72
34.6637 34.9367 62
35.6297 35.6967 62
35.6337 35.7007 53
35.7677 36.0477 72
36.7817 36.8507 65
36.7857 36.8557 74
36.9297 38.7067 72
36.9317 38.7077 48
40.3587 40.7437 74
40.9077 41.4587 62
41.4607 41.5277 72
43.1067 43.6457 62
44.2027 44.6147 53
44.6217 44.7517 53
44.7557 45.3116 72
45.3156 45.7356 74
45.7416 45.8886 48
45.8926 47.6636 74
45.8936 47.6636 59
48.2156 48.7666 74
48.2166 48.7696 43
48.7666 49.3186 74
48.7696 49.3216 43
49.3186 49.8786 74
49.8646 50.2776 43
50.2746 50.4176 74
50.2776 50.4176 43
50.4176 50.9636 43
51.5066 52.0556 72
52.4546 52.6026 72
52.4546 52.6026 53
52.4546 52.6026 41
53.1406 53.7145 60
53.5636 53.7145 53
54.7055 54.8555 67
54.7055 54.8595 74
54.8585 56.6335 36
58.2885 58.6675 62
58.8595 58.9355 77
58.9265 59.2375 75
59.9525 60.5025 62
60.5045 61.0475 75
60.5055 61.0505 60
62.1565 62.5625 60
62.5705 62.7065 53
63.2735 63.6935 59
63.8405 65.6154 74
63.8445 65.6184 59
66.7244 67.2744 34
66.7244 67.2744 46
67.2734 67.8194 70
67.2744 67.8204 34
67.8204 68.2334 46
68.2254 68.3734 65
68.2324 68.3694 34
68.2334 68.3724 46
69.3184 69.4514 38
69.4544 70.0104 75
70.4104 70.5494 53
71.5194 71.6694 53
72.8313 74.6123 36
79.8733 80.4203 72
79.8743 80.4293 41
82.1343 83.9163 36
86.8602 88.6512 72
89.2512 89.3162 75
90.8632 91.1462 63
91.6302 92.0262 48
92.4072 92.6132 56
93.9262 94.3042 48
94.3042 94.8572 48
96.6982 97.0792 55
96.8702 97.0792 58
97.4302 98.1652 60
99.0652 99.2742 55
99.4352 99.8132 51
99.6182 99.8132 58
99.9772 100.352 51
100.156 100.352 56
100.349 100.905 70
100.713 100.905 58
101.448 102.005 51
101.63 102.018 56
101.815 102.018 60
102.005 102.578 51
102.194 102.578 55
102.379 102.578 58
102.575 103.726 44
102.764 103.152 48
102.956 103.524 56
103.524 103.726 56
105.028 105.406 48
105.585 105.959 51
105.771 105.959 56
105.952 106.499 75
108.024 108.231 58
110.215 110.425 58
110.769 110.964 59
111.129 111.493 55
111.668 112.031 56
111.853 112.031 59
112.031 112.584 56
112.389 112.584 64
112.749 113.134 59
112.935 113.134 63
113.31 113.694 58
113.88 114.262 51
115.962 116.526 47
118.714 119.266 85
120.18 120.376 58
120.558 121.118 58
120.747 121.304 61
121.304 121.506 61
121.496 122.041 51
121.856 122.413 61
122.227 122.622 58
122.413 122.622 61
122.808 123.193 60
123.001 123.376 63
123.193 123.771 60
123.376 123.771 63
123.568 124.132 68
123.946 124.328 62
124.327 124.891 60
124.888 125.451 75
125.077 125.452 60
125.815 126.005 68
130.225 130.411 67
131.692 132.062 68
131.871 132.062 70
132.059 132.622 65
132.608 133.162 63
132.979 133.175 72
133.351 133.738 67
133.537 133.738 70
133.731 135.846 60
133.732 135.429 56
133.732 134.11 68
135.999 136.56 75
136.56 137.106 75
137.106 137.669 75
144.814 145.002 63
147.082 147.641 75
148.736 149.311 63
155.965 156.15 71
155.969 158.233 47
158.233 158.795 47
158.418 158.974 51
160.986 161.534 85
162.083 162.649 82
162.451 162.649 58
162.828 163.392 58
164.13 164.686 61
164.596 164.892 79
164.886 166.031 44
165.075 165.274 56
165.076 165.275 60
165.274 165.463 56
165.463 165.648 51
165.464 165.652 60
165.648 165.842 51
165.652 165.842 56
165.841 166.03 60
165.842 166.031 56
166.03 166.166 60
166.031 166.167 56
166.212 166.345 60
166.215 166.349 56
166.391 166.53 51
166.394 166.534 60
166.394 166.535 56
166.573 166.709 60
166.573 166.709 56
166.758 166.901 60
166.759 166.902 51
166.95 167.077 60
166.951 167.077 56
166.951 167.078 51
167.297 167.487 60
167.487 168.25 60
167.493 167.682 49
167.679 167.868 57
167.682 167.867 49
167.682 167.864 53
168.057 168.246 49
168.06 168.25 57
168.06 168.249 53
168.246 168.382 58
168.431 168.56 49
168.432 168.564 58
168.606 168.743 58
168.61 168.743 49
168.613 168.743 53
168.792 168.928 49
168.792 168.929 53
168.977 169.121 58
169.163 169.297 58
169.519 169.712 48
169.519 169.712 51
169.905 170.091 48
169.906 170.09 55
170.09 170.283 55
170.091 170.279 51
170.279 170.472 48
170.471 170.605 56
170.472 170.608 51
170.472 170.608 48
170.647 170.787 48
170.832 170.965 51
170.833 170.965 56
170.833 170.969 48
171.014 171.15 48
171.196 171.335 48
171.2 171.339 56
171.592 172.134 37
171.945 172.131 53
171.945 172.131 49
172.131 172.306 49
172.131 172.306 53
172.488 172.708 53
172.695 173.265 39
172.869 173.058 51
172.869 173.054 56
173.054 173.275 56
173.058 173.275 51
173.265 173.846 39
173.451 173.636 55
173.636 173.846 55
173.842 174.032 60
173.843 174.981 44
174.035 174.224 56
174.224 174.42 56
174.224 174.416 60
174.225 174.417 51
174.42 174.606 56
174.606 174.791 60
174.606 174.794 56
174.609 174.791 51
174.794 174.98 56
174.98 175.116 60
174.98 175.12 56
175.162 175.294 56
175.162 175.295 60
175.343 175.484 51
175.344 175.484 56
175.344 175.485 60
175.526 175.669 56
175.708 175.855 56
175.708 175.855 60
175.901 176.044 51
175.901 176.047 60
175.902 176.048 56
176.093 176.387 84
176.096 176.236 37
176.286 176.425 53
176.286 176.425 60
176.471 176.614 60
176.664 176.807 49
176.664 176.807 60
176.664 176.807 53
176.853 176.992 53
176.853 176.992 60
176.854 176.993 49
177.039 177.178 60
177.227 177.363 58
177.227 177.364 53
177.409 177.541 53
177.412 177.546 58
177.412 177.546 49
177.591 177.732 49
177.769 177.905 53
177.961 178.102 53
177.962 178.102 49
177.962 178.102 58
178.144 178.283 49
178.148 178.288 58
178.151 178.288 53
178.341 178.477 36
178.526 178.669 51
178.526 178.672 48
178.714 178.857 58
178.718 178.862 48
178.718 178.864 51
178.914 179.054 51
178.918 179.055 48
179.103 179.24 58
179.285 179.428 58
179.286 179.432 48
179.286 179.432 51
179.481 179.611 48
179.481 179.611 56
179.656 179.796 56
179.656 179.796 48
179.657 179.796 51
179.834 179.974 51
179.837 179.978 48
179.838 179.978 56
180.023 180.159 51
180.027 180.164 48
180.208 180.349 51
180.209 180.349 48
180.3 180.594 68
180.394 180.545 56
180.601 181.14 37
180.78 180.954 53
180.954 181.139 53
180.958 181.14 56
180.958 181.14 49
181.133 181.703 72
181.139 181.315 53
181.14 181.318 57
181.14 181.315 49
181.315 181.497 53
181.318 181.718 57
181.496 181.718 58
181.497 181.718 49
181.497 181.718 53
181.878 182.061 51
181.882 182.061 56
182.061 182.284 51
182.061 182.284 56
182.275 182.852 39
182.452 182.638 58
182.455 182.641 55
182.456 182.641 51
182.641 182.852 55
182.641 182.852 51
182.849 184.532 60
182.851 184.535 32
182.851 182.988 44
183.037 183.181 44
183.037 183.181 48
183.233 183.372 48
183.233 183.373 44
183.234 183.373 51
183.421 183.562 44
183.426 183.565 48
183.611 183.747 48
183.611 183.748 51
183.612 183.75 44
183.803 183.94 48
183.804 183.941 44
183.989 184.125 44
183.989 184.126 48
184.174 184.311 48
184.353 184.486 44
184.357 184.487 51
184.538 184.672 51
184.539 184.672 48
184.717 184.857 44
184.717 184.858 48
184.902 185.052 44
184.906 185.053 48
185.102 185.539 68
185.105 186.247 32
185.295 185.439 44
185.296 185.439 48
185.483 185.631 48
185.484 185.631 44
185.487 185.631 51
185.686 185.824 48
185.687 185.824 51
185.868 186.004 48
185.868 186.005 51
185.869 186.008 44
186.053 186.197 48
186.25 186.379 48
186.425 186.565 48
186.426 186.565 44
186.428 186.569 51
186.613 186.743 44
186.614 186.747 48
186.79 187.209 68
186.792 186.929 44
186.796 186.933 48
186.977 187.114 51
186.978 187.118 48
186.978 187.118 44
187.163 187.349 51
187.612 187.751 48
187.8 187.943 48
187.8 187.948 51
187.804 187.948 43
187.992 188.133 48
188.177 188.32 43
188.179 188.325 51
188.366 188.507 48
188.371 188.51 51
188.556 188.695 43
188.559 188.696 48
188.742 188.874 48
188.919 189.052 48
188.923 189.056 43
189.102 189.241 43
189.105 189.242 48
189.476 189.622 48
189.86 190.004 51
189.861 190.005 43
189.861 190.008 48
190.057 190.196 51
190.06 190.197 48
190.06 190.201 43
190.253 190.39 48
190.435 190.574 48
190.435 190.575 43
190.628 190.767 48
190.817 190.954 48
190.992 191.132 43
191.181 191.313 48
191.181 191.314 43
191.362 191.499 48
191.545 191.684 48
191.731 191.919 43
191.989 193.211 29
192.174 192.374 41
192.178 192.375 48
192.374 192.562 41
192.562 192.759 41
192.566 192.759 48
192.759 192.944 48
192.759 192.944 41
192.944 193.211 48
192.944 193.211 41
193.211 194.369 30
193.211 193.396 42
193.396 193.593 48
193.396 193.593 42
193.592 193.791 51
193.593 193.792 42
193.593 193.792 48
193.791 193.977 51
193.792 193.977 48
193.792 193.978 42
193.978 194.169 42
194.169 194.369 42
194.362 194.498 67
194.366 194.499 55
194.366 196.067 47
194.544 194.691 55
194.545 194.691 67
194.737 194.876 55
194.922 195.069 67
195.114 195.258 55
195.115 195.259 67
195.681 195.828 55
195.874 196.013 55
196.069 196.199 55
196.245 196.385 55
196.48 196.62 48
196.987 197.134 55
197.362 197.501 55
197.725 197.858 55
197.729 198.11 50
197.908 198.047 55
197.909 198.048 67
198.086 198.226 55
198.272 198.411 55
198.457 198.594 55
198.638 198.779 55
199.009 199.143 55
199.188 199.328 55
199.553 199.692 55
199.556 199.697 67
199.931 200.476 48
200.112 200.246 55
200.658 200.795 55
201.029 201.212 63
201.033 201.212 60
201.034 201.213 55
201.213 201.398 55
201.213 201.398 67
201.397 201.579 63
201.398 201.583 60
201.398 201.583 55
201.583 201.761 60
201.585 201.764 67
201.586 202.137 43
201.761 201.946 63
201.761 201.947 60
201.762 201.947 55
201.946 202.143 63
201.947 202.143 60
201.95 202.136 67
202.132 202.317 62
202.133 202.318 59
202.136 202.321 55
202.136 202.322 67
202.137 202.688 43
202.317 202.496 62
202.318 202.5 59
202.321 202.5 55
202.496 202.685 62
202.503 202.688 67
202.685 202.871 62
202.686 202.871 55
202.871 203.049 62
202.871 203.052 55
202.872 203.053 67
203.049 203.242 62
203.049 203.242 59
203.052 203.238 55
203.053 203.238 67
203.235 203.374 63
203.238 203.378 60
203.238 203.379 55
203.612 203.756 55
203.613 203.76 67
203.99 204.127 55
204.175 204.309 55
204.361 204.497 55
204.911 205.051 55
204.914 205.331 35
205.335 205.464 48
205.468 206.029 38
205.656 205.842 55
206.029 206.581 38
206.581 206.714 67
206.581 207.14 38
207.126 207.701 36
207.539 207.701 38
207.694 207.88 67
207.697 208.82 39
207.879 208.061 55
207.88 208.061 67
208.061 208.247 67
208.247 208.432 67
208.52 208.82 38
208.611 208.799 55
208.614 208.8 67
208.8 209.916 36
208.804 209.916 48
209.527 209.9 55
209.527 209.899 67
209.71 209.916 65
209.899 210.081 60
210.081 210.266 60
210.263 210.449 63
210.266 210.45 60
210.266 210.45 55
210.449 210.623 63
210.45 210.623 60
210.623 210.805 63
210.623 210.808 60
210.627 210.809 55
210.808 211.001 60
210.986 211.165 62
210.991 211.169 59
210.991 211.17 67
211.165 211.351 62
211.169 211.352 59
211.351 211.534 62
211.534 211.711 59
211.708 211.89 62
211.711 211.894 59
212.102 213.192 60
212.103 213.192 63
212.104 212.279 36
212.107 212.282 48
212.467 212.646 55
212.825 213.01 55
213.196 213.328 55
213.556 213.696 55
213.742 213.882 55
214.106 214.246 55
214.155 214.294 72
214.295 214.435 55
214.48 214.616 55
214.859 214.994 55
215.222 215.355 55
216.132 216.272 55
216.317 216.454 55
216.5 216.639 55
216.871 217.003 55
217.053 217.189 55
217.424 217.556 55
217.973 218.106 55
218.158 218.291 55
218.565 218.705 72
218.708 218.844 55
218.89 219.027 55
219.443 219.579 55
219.622 219.762 55
219.815 219.947 55
219.993 220.139 55
220.381 220.517 55
220.563 220.703 55
220.948 222.667 74
222.67 223.234 71
223.234 223.773 74
223.773 224.324 74
223.776 223.955 54
224.324 224.875 74
224.326 224.501 53
224.869 225.436 72
225.232 225.432 48
225.282 225.436 74
225.432 226.531 75
225.432 225.607 48
225.607 225.796 48
225.796 225.984 48
226.384 226.531 74
226.52 227.112 72
226.52 226.698 45
226.698 226.891 45
227.276 227.458 44
227.651 228.214 65
228.389 228.567 43
228.572 228.764 41
228.76 229.345 72
228.761 228.943 39
229.138 229.345 39
229.339 229.917 71
229.713 229.917 31
229.916 230.108 36
229.916 230.108 48
230.109 230.251 55
230.304 230.454 55
230.699 230.849 55
231.291 231.442 55
231.687 232.095 74
231.871 232.005 55
232.05 232.19 55
232.421 232.561 56
232.797 232.932 57
233.166 233.3 57
233.35 233.485 58
233.71 233.845 58
233.895 234.032 58
234.076 234.216 58
234.445 234.581 58
234.63 234.769 58
235.178 235.319 59
235.367 235.504 59
235.556 235.683 60
235.734 235.875 55
236.11 236.242 55
236.841 236.977 55
237.209 237.344 55
237.576 237.715 55
237.768 237.901 55
237.947 238.094 55
239.098 239.248 55
241.783 242.343 74
241.787 241.965 58
241.966 242.151 57
242.151 242.35 57
242.344 242.517 56
242.696 242.899 56
242.892 243.064 55
243.613 243.791 51
243.791 243.977 51
243.796 243.977 58
243.796 243.977 55
243.975 244.526 80
243.975 244.148 47
243.975 244.149 53
243.976 244.149 56
244.334 244.526 47
244.52 244.695 48
244.695 244.88 48
244.88 245.077 48
245.063 245.615 65
245.064 245.427 44
245.427 245.647 44
245.976 246.169 43
246.347 246.532 43
246.536 246.731 41
246.719 247.093 39
247.093 247.324 39
247.498 247.684 43
247.499 247.89 32
247.684 247.89 31
247.887 249.634 72
247.887 248.075 36
247.888 248.08 48
249.249 249.442 48
249.448 249.637 48
249.641 249.833 48
249.833 250.029 48
250.029 250.263 72
250.029 250.264 48
250.26 252.014 74
250.263 252.017 72
250.264 250.453 48
250.457 250.649 48
250.652 250.848 48
250.851 251.045 48
251.048 251.237 48
251.629 251.821 48
251.824 252.018 48
252.021 252.211 72
252.403 252.625 72
252.626 252.812 48
253.386 253.575 48
253.578 253.767 48
253.964 254.149 48
254.152 254.348 48
254.349 254.538 72
254.729 254.972 72
254.971 255.156 37
255.346 255.549 36
255.349 255.549 44
255.551 255.734 37
256.13 256.746 72
256.729 257.344 74
257.131 257.342 43
257.341 259.087 72
257.342 257.529 36
257.342 257.53 43
259.287 259.479 72
259.479 259.711 72
259.48 259.714 46
260.498 260.694 48
261.278 261.468 48
261.471 261.663 72
261.471 261.664 48
261.663 261.859 72
262.076 263.794 72
262.077 262.262 48
262.265 262.451 48
262.455 262.65 48
262.839 263.029 48
263.03 263.217 48
263.221 263.41 48
263.799 263.988 72
263.801 263.991 48
263.99 264.429 38
264.188 264.429 72
264.19 264.429 48
264.806 264.984 37
264.999 265.184 37
265.58 266.196 72
265.58 266.196 75
266.179 266.794 71
266.179 266.794 74
266.182 266.794 31
266.377 266.581 43
266.791 268.538 72
266.792 266.928 36
266.794 266.928 48
267.175 267.329 36
267.179 267.33 48
267.375 267.519 48
267.572 267.718 48
268.541 268.681 72
268.733 268.877 72
268.737 268.881 48
268.926 269.073 48
269.122 269.269 72
269.125 269.269 48
269.314 269.458 72
269.317 269.461 48
269.507 269.65 72
269.507 269.654 48
269.696 269.843 72
269.699 269.846 46
269.891 270.039 72
269.896 270.042 46
270.084 270.232 72
270.088 270.232 42
270.283 270.42 72
270.284 270.424 48
270.476 270.619 72
270.477 270.62 43
270.478 270.623 48
270.665 270.813 72
270.669 270.815 48
270.857 271.001 64
270.858 271.001 72
270.861 271.005 48
271.054 271.191 48
271.235 271.379 72
271.425 271.572 72
271.429 271.575 48
271.617 271.758 72
271.621 271.76 48
271.803 271.95 72
271.806 271.951 48
271.995 272.136 72
271.999 272.137 48
272.181 272.321 72
272.373 272.513 72
272.374 272.514 48
272.559 272.702 72
272.562 272.706 48
272.751 272.895 72
272.94 273.081 72
273.132 273.269 63
273.133 273.273 66
273.136 273.276 45
273.137 273.277 48
273.318 273.458 63
273.322 273.461 72
273.322 273.462 48
273.51 273.647 63
273.511 273.651 66
273.515 273.654 48
273.699 273.837 72
273.882 274.025 62
273.885 274.029 66
274.074 274.214 62
274.26 274.399 62
274.263 274.401 45
274.452 274.589 62
274.453 274.592 72
274.631 274.774 62
274.631 274.777 72
274.823 274.96 62
274.824 274.963 67
274.824 274.963 72
274.824 274.963 46
275.006 275.152 62
275.012 275.156 72
275.013 275.156 46
275.198 275.337 62
275.201 275.341 67
275.201 275.342 72
275.202 275.342 46
275.383 275.53 62
275.386 275.53 67
275.387 275.534 70
275.39 275.534 46
275.576 275.722 62
275.576 275.723 67
275.579 275.723 70
275.579 275.726 46
275.768 275.912 62
275.771 275.915 46
275.957 276.097 60
275.961 276.1 63
275.965 276.104 48
275.965 276.104 51
276.146 276.29 60
276.147 276.293 63
276.15 276.294 48
276.151 276.296 51
276.335 276.475 60
276.338 276.479 63
276.339 276.479 70
276.342 276.48 48
276.524 276.664 60
276.525 276.665 69
276.528 276.666 48
276.71 276.857 63
276.713 276.858 48
276.898 277.045 60
276.899 277.046 63
276.902 277.048 48
277.091 277.23 58
277.093 277.23 62
277.094 277.231 67
277.275 277.423 58
277.276 277.424 62
277.468 277.609 62
277.653 277.801 57
277.654 277.802 62
277.654 277.802 66
277.85 277.989 57
277.853 277.99 62
278.042 278.186 57
278.043 278.189 62
281.216 281.371 62
282.316 282.467 62
283.012 283.162 67
283.153 283.303 72
283.422 283.568 72
283.975 284.132 62
284.255 284.406 70
285.077 285.228 60
285.49 285.641 60
286.309 286.459 62
286.449 286.6 67
286.722 286.866 67
286.855 287.006 62
287.411 287.562 60
287.545 287.689 67
287.828 287.976 63
288.514 288.664 62
288.651 288.787 67
288.935 289.088 60
289.501 289.658 55
290.78 290.919 55
292.315 292.469 62
293.135 293.271 69
294.244 294.394 72
294.516 294.667 72
295.353 295.503 70
295.893 296.039 62
296.175 296.33 60
296.453 296.596 69
296.991 297.128 62
297.534 297.688 67
297.81 297.954 67
297.943 298.093 62
298.08 298.227 58
298.36 298.51 63
298.5 298.651 62
298.633 298.78 60
299.179 299.312 72
299.452 299.595 62
300.711 300.873 62
301.713 301.86 62
303.383 303.656 50
304.73 304.87 48
306.915 307.062 67
307.341 307.905 60
308.187 309.308 67
308.461 309.012 60
308.731 309.309 64
308.731 309.309 76
309.012 309.309 60
309.308 310.459 67
309.309 309.448 55
311.856 312.0 74
313.508 313.655 74
322.048 322.322 70
322.052 322.322 74
322.616 323.007 62
324.526 324.672 74
326.213 326.353 86
333.725 334.289 65
335.793 335.937 48
336.479 337.036 72
337.991 338.137 67
339.807 340.387 64
339.808 340.387 76
340.09 340.387 60
340.382 341.526 43
340.573 340.766 55
340.575 340.766 59
340.766 340.959 50
340.766 340.959 55
340.766 340.959 59
341.144 341.336 55
341.336 341.525 55
341.699 341.84 59
341.7 341.84 50
341.703 341.84 55
341.886 342.018 50
341.886 342.019 59
341.888 342.021 55
342.067 342.204 55
342.249 342.389 55
342.253 342.393 50
342.435 342.571 59
342.438 342.572 55
342.439 342.572 50
342.614 343.744 36
342.795 342.985 52
342.799 342.98 59
342.799 342.985 48
342.985 343.177 52
343.172 343.363 56
343.177 343.362 48
343.359 343.552 52
343.363 343.552 56
343.551 343.74 48
343.552 343.744 52
343.737 344.027 71
343.74 343.876 48
343.915 344.055 48
343.918 344.059 52
344.01 344.3 69
344.101 344.237 57
344.104 344.238 48
344.104 344.238 52
344.283 344.423 48
344.468 344.608 48
344.468 344.609 52
344.468 344.609 57
344.654 344.787 52
344.657 344.787 48
344.658 344.79 57
345.206 345.4 50
345.207 345.977 57
345.399 345.585 47
345.584 345.774 50
345.774 345.964 50
345.778 345.977 54
345.964 346.1 55
345.964 346.1 50
346.141 346.281 50
346.142 346.282 55
346.328 346.46 55
346.328 346.463 47
346.508 346.645 47
346.509 346.649 50
346.694 346.831 55
346.879 347.027 50
347.083 347.623 36
347.262 347.44 48
347.44 347.619 48
347.619 347.8 48
347.8 347.982 48
347.801 347.979 52
347.979 348.199 52
347.982 348.199 48
348.188 348.756 38
348.364 348.547 50
348.364 348.546 55
348.547 348.769 50
349.131 349.341 54
349.33 349.526 59
349.334 350.475 43
349.529 349.719 55
349.722 349.912 50
349.914 350.097 55
350.097 350.289 55
350.285 350.472 59
350.471 350.761 72
350.475 350.612 55
350.66 350.793 50
350.835 350.972 50
350.838 350.972 55
350.839 350.973 59
351.017 351.164 59
351.018 351.164 55
351.021 351.165 50
351.202 351.338 50
351.203 351.343 55
351.203 351.345 59
351.388 351.542 59
351.588 351.723 36
351.776 351.916 48
351.777 351.916 52
351.966 352.109 59
351.966 352.11 48
352.155 352.295 48
352.34 352.487 59
352.344 352.488 48
352.532 352.668 52
352.532 352.673 48
352.533 352.675 59
352.722 352.858 57
352.722 352.858 52
352.723 352.859 48
352.907 353.037 48
353.082 353.215 52
353.083 353.219 57
353.085 353.219 48
353.264 353.407 52
353.268 353.411 48
353.453 353.597 57
353.641 353.778 48
353.642 353.782 57
354.02 354.163 50
354.209 354.356 57
354.405 354.545 50
354.406 354.549 47
354.59 354.73 50
354.594 354.734 47
354.779 354.922 57
354.976 355.105 47
354.976 355.106 55
355.15 355.286 55
355.151 355.291 50
355.336 355.469 50
355.337 355.472 47
355.339 355.472 55
355.518 355.654 50
355.519 355.655 47
355.704 355.84 55
355.889 356.04 55
356.092 356.631 74
356.095 356.635 36
356.27 356.445 55
356.271 356.446 48
356.271 356.445 52
356.445 356.632 52
356.445 356.635 55
356.446 356.634 48
356.632 356.81 52
356.632 356.813 56
356.634 356.81 48
356.81 356.992 52
356.81 356.992 48
356.813 357.208 56
356.991 357.208 57
356.992 357.208 48
356.992 357.208 52
357.195 357.77 38
357.373 357.554 50
357.376 357.555 55
357.554 357.779 50
357.77 358.346 38
357.95 358.136 57
358.136 358.343 50
358.339 358.482 67
358.528 358.713 55
358.528 358.668 67
358.713 358.907 55
358.717 358.86 67
358.909 359.05 55
359.099 359.235 55
359.28 359.428 55
359.665 359.805 55
360.044 360.183 55
360.229 360.362 55
360.457 360.593 48
360.596 360.737 55
360.971 361.111 55
361.156 361.296 55
361.161 361.3 67
361.703 361.842 55
361.892 362.025 67
362.07 362.206 55
362.437 362.574 55
362.438 362.574 67
362.987 363.127 55
363.172 363.313 55
363.173 363.313 67
363.536 363.676 55
363.54 363.68 67
363.725 363.865 55
363.726 363.866 67
363.904 364.043 55
364.089 364.23 55
364.09 364.23 67
364.279 364.415 55
364.461 364.594 55
364.642 364.775 55
365.01 365.192 63
365.01 365.193 60
365.193 365.381 55
365.377 365.56 63
365.378 365.561 60
365.381 365.563 55
365.382 365.563 67
365.563 366.116 43
365.745 365.93 63
365.746 365.931 60
365.746 365.931 55
365.748 365.934 67
365.931 366.126 60
366.109 366.294 62
366.112 366.298 59
366.113 366.298 55
366.116 366.301 67
366.116 366.666 43
366.294 366.483 62
366.301 366.484 67
366.483 366.663 62
366.484 366.666 67
366.663 366.848 62
366.665 366.851 55
366.666 366.851 67
366.851 367.036 55
366.851 367.037 67
367.033 367.219 62
367.034 367.219 59
367.036 367.219 55
367.037 367.215 67
367.404 367.551 55
367.596 367.733 55
367.597 367.734 67
367.967 368.104 55
368.713 368.849 55
368.894 369.035 55
369.312 369.448 36
369.452 370.015 38
369.633 369.826 55
370.008 370.19 55
370.015 370.558 38
370.19 370.375 55
370.558 371.128 38
370.921 371.128 55
371.104 371.685 36
371.516 371.685 38
372.504 372.798 38
372.777 373.892 36
372.78 373.892 48
373.329 373.892 34
373.503 373.882 55
373.507 373.881 67
373.879 374.06 64
373.88 374.06 60
373.882 374.064 55
374.06 374.245 60
374.064 374.246 55
374.242 374.431 64
374.245 374.432 60
374.246 374.432 55
374.431 374.61 64
374.432 374.61 60
374.432 374.611 55
374.61 374.788 64
374.61 374.789 60
374.788 374.977 64
374.789 374.977 60
374.97 375.145 62
374.97 375.148 59
374.975 375.517 31
375.145 375.327 62
375.509 375.69 62
375.512 375.695 59
375.513 375.698 67
375.517 376.139 31
375.69 375.873 62
375.695 375.874 59
375.873 376.139 62
375.874 376.139 59
376.08 377.171 60
376.08 377.175 64
376.084 376.262 36
376.084 376.265 48
376.265 376.443 55
376.629 376.807 55
376.811 376.993 55
377.178 377.312 55
377.539 377.679 55
378.092 378.225 55
378.142 378.271 67
378.142 378.271 72
378.274 378.695 67
378.463 378.6 55
378.842 378.974 55
379.019 379.16 55
379.388 379.52 55
379.933 380.069 55
380.297 380.437 55
380.349 380.484 74
380.847 380.986 55
381.218 381.35 55
381.4 381.54 55
381.592 381.725 55
381.949 382.089 55
382.143 382.545 74
382.494 382.635 55
382.691 383.237 62
382.695 383.238 67
382.869 383.009 55
383.247 383.374 55
383.419 383.559 55
383.654 383.79 62
383.798 383.931 55
383.975 384.116 55
384.365 384.781 74
384.365 384.497 48
384.732 384.875 55
384.928 386.65 67
385.32 385.467 55
387.57 387.757 55
387.756 388.291 74
388.106 388.302 54
388.288 388.851 71
388.291 388.851 74
388.291 388.466 53
388.848 389.415 72
388.848 389.407 76
389.212 389.412 55
389.257 389.415 65
389.258 389.415 74
389.407 389.961 76
389.59 389.772 48
389.772 389.961 48
389.947 390.507 74
389.95 390.507 71
389.951 390.132 44
389.954 390.133 53
390.31 390.507 44
390.311 390.507 53
390.494 391.087 72
390.497 390.679 45
390.679 390.871 45
390.871 391.087 45
391.994 392.366 55
392.183 392.737 65
393.695 393.895 59
393.744 393.892 67
393.744 393.895 74
393.895 394.084 48
394.872 395.025 55
395.266 395.417 55
395.847 395.988 55
396.216 396.355 55
396.586 396.723 55
396.78 397.329 83
396.957 397.097 55
397.332 397.874 78
397.333 397.875 81
397.335 397.877 86
397.336 397.462 55
397.689 397.829 55
397.882 398.007 55
398.238 398.378 55
398.432 398.56 55
398.606 398.743 55
398.977 399.11 55
399.159 399.295 55
399.341 399.48 55
399.534 399.666 55
399.716 399.855 55
400.09 400.639 74
400.094 400.219 55
400.265 400.405 55
400.446 400.583 55
400.643 401.189 74
400.643 401.19 79
400.817 400.954 55
401.004 401.143 55
401.199 401.322 55
401.553 401.693 55
401.746 402.313 72
401.931 402.078 55
402.323 402.883 60
402.323 402.452 55
402.686 402.83 55
402.893 404.069 67
402.893 403.029 55
403.279 403.425 55
405.763 406.177 71
405.767 406.177 74
406.313 406.698 70
406.32 406.446 62
406.481 406.618 62
406.831 407.412 70
406.891 406.954 77
407.959 408.504 74
407.962 408.091 62
408.137 408.276 59
408.14 408.28 62
408.325 408.462 62
408.508 409.064 75
408.509 408.644 60
408.689 408.83 60
409.065 409.467 74
409.067 409.194 53
409.238 409.372 53
409.792 409.932 55
410.163 410.709 67
411.277 411.871 48
411.65 411.854 55
411.853 413.566 74
414.685 415.225 74
415.046 415.238 54
415.224 415.766 71
415.225 415.766 74
415.225 415.766 53
415.759 416.372 72
415.76 416.366 76
415.938 416.372 47
416.169 416.372 65
416.17 416.372 74
416.366 417.46 76
416.369 416.551 45
416.551 416.733 45
416.911 417.089 45
417.089 417.275 45
417.184 417.471 74
417.275 417.461 45
417.275 417.461 55
417.46 418.602 73
417.461 417.638 45
421.759 421.944 44
421.941 423.089 71
422.308 422.508 44
424.769 424.95 43
425.333 425.472 42
425.517 425.658 42
427.009 427.59 72
427.594 427.729 43
427.775 427.915 43
428.731 429.006 72
428.732 429.865 65
428.734 428.867 43
430.428 430.568 36
430.982 431.117 36
433.035 433.179 36
434.933 436.035 67
434.936 436.039 55
437.151 438.265 55
437.152 437.967 67
437.425 437.698 74
438.268 438.545 60
438.545 438.835 74
439.403 439.682 62
439.686 439.969 60
439.97 440.414 55
440.568 441.03 62
444.176 445.285 67
446.399 447.511 67
446.673 446.944 62
446.945 447.217 60
447.218 447.516 55
448.649 448.93 62
449.219 449.662 55
449.808 450.278 62
452.282 452.751 62
454.163 454.75 43
454.75 455.398 53
456.783 458.299 55
456.784 458.303 60
456.787 458.303 36
456.787 458.303 43
456.788 458.305 48
458.299 464.602 55
458.303 464.602 60
