2.54899 4.46698 53
7.46196 8.50097 57
8.47297 9.51196 46
8.47297 10.531 53
14.549 16.493 56
14.5499 15.515 51
14.5499 16.53 60
14.553 16.53 36
14.553 16.53 48
16.2479 16.495 38
16.4919 18.536 53
16.495 18.536 50
16.495 18.536 38
18.495 20.5619 56
18.497 19.523 51
18.501 19.523 36
18.501 19.523 48
22.0819 22.2669 44
22.0819 22.2669 32
22.3679 22.5569 30
22.3719 22.5569 42
22.6589 23.8549 32
23.5049 23.7969 41
23.5059 23.7969 29
23.7969 26.9289 29
23.7969 26.9289 41
24.8989 26.9289 67
24.8989 26.9289 62
26.9009 28.8639 51
27.7349 28.8639 63
27.8599 28.8639 57
27.8599 28.8639 48
28.8229 30.8489 47
30.8099 31.8569 48
38.3639 38.5979 49
48.0939 50.9279 33
51.8989 53.8119 34
55.6219 57.7748 48
57.7428 59.6678 53
58.5798 59.6649 63
61.6538 63.6688 53
63.6688 64.7078 46
63.6688 65.7258 53
67.7488 69.7898 42
67.7488 73.7658 50
69.7478 70.7178 43
85.3058 86.4508 62
86.0368 86.4508 58
88.2848 89.4208 60
91.6238 92.3927 62
92.7507 93.8917 62
96.4367 96.8697 50
97.2117 98.3747 50
98.7037 99.8407 51
101.298 102.788 39
104.966 105.739 55
109.046 110.19 62
109.404 110.19 60
109.761 110.19 58
110.874 111.633 69
112.666 113.089 62
113.421 114.541 67
115.588 117.478 69
116.704 117.478 67
118.532 118.962 75
118.927 120.495 62
119.295 120.495 66
120.786 121.923 62
121.153 121.923 60
121.517 121.923 58
122.641 123.404 60
123.764 124.898 60
125.252 126.393 58
126.724 127.845 63
127.079 127.845 62
127.436 127.845 60
127.825 128.549 58
128.196 129.319 62
128.549 129.319 58
130.747 132.263 62
131.115 132.263 57
131.828 132.263 50
133.347 133.743 62
134.103 135.261 55
134.478 135.261 51
134.479 135.261 62
136.358 136.771 46
137.124 138.282 55
138.254 139.739 39
140.105 141.268 58
141.607 142.034 60
144.618 145.758 65
145.349 145.758 55
146.115 147.235 63
146.476 147.235 60
146.837 147.235 55
147.595 148.702 60
148.299 148.702 57
149.055 150.199 58
149.773 150.199 51
150.165 151.674 42
150.533 151.674 60
150.901 151.674 57
151.652 153.248 43
152.052 153.248 58
152.808 153.248 55
153.616 154.827 52
154.369 156.563 55
154.795 156.563 62
154.796 156.003 50
156.003 156.563 50
156.528 159.614 48
159.583 161.543 46
163.496 164.542 46
163.496 165.516 53
165.516 166.554 67
165.516 166.554 46
165.516 167.577 53
171.592 172.561 51
171.594 173.566 60
171.595 173.566 36
171.595 173.566 48
172.56 173.566 39
173.292 173.54 50
173.293 173.541 38
173.538 175.577 53
173.539 177.57 58
173.541 175.577 38
175.542 176.564 48
176.541 177.604 55
177.572 178.644 48
177.573 178.644 44
179.12 179.33 48
179.284 179.497 46
179.285 179.501 43
179.288 179.501 31
179.449 179.663 29
179.613 179.778 46
179.778 181.224 58
180.8 181.276 29
181.223 184.146 51
184.058 187.895 57
184.058 187.895 33
187.891 207.26 50
187.892 207.26 54
187.895 207.26 57
187.895 207.26 26
187.895 207.26 33
187.898 207.26 38
