0.957992 1.36799 49
1.57899 1.79499 54
1.79199 2.62399 44
1.79398 2.21099 49
2.21099 2.83098 58
2.21099 2.62399 49
2.82999 3.04098 61
2.83098 3.04499 58
2.83098 3.04499 54
2.83098 3.04499 49
3.47498 3.89497 49
4.09497 4.31498 49
4.09697 4.31498 53
4.09697 4.31597 56
4.73397 5.14897 49
5.34797 5.56097 61
5.99898 6.41498 49
6.00198 6.62198 54
6.62198 6.82896 54
7.25196 7.87096 61
7.25396 7.86896 54
7.25496 7.87096 51
7.25496 7.66796 49
7.86896 8.08096 54
7.87096 8.08196 61
7.87096 8.08196 51
8.52997 9.43195 61
8.52997 9.42896 53
8.53296 8.97996 49
8.97996 9.43296 49
9.42896 10.343 53
9.43195 10.3419 61
9.43296 9.89095 49
9.88995 10.8079 44
9.89095 10.343 49
10.3419 10.8839 61
10.343 10.8839 53
10.343 10.8079 49
10.8079 11.7459 44
10.8079 11.2759 49
11.2759 11.7489 49
11.2769 12.2399 61
11.2769 12.2409 53
11.7459 12.7619 44
11.7489 12.2419 49
12.2399 15.7769 61
12.2409 15.7769 53
12.2419 12.7639 49
12.7619 15.7769 44
12.7639 15.7769 49
20.3559 21.2059 53
20.3589 20.9739 56
26.2849 27.1279 44
28.8109 29.0279 61
29.6549 29.9669 60
30.0779 30.9289 44
30.5088 31.3588 53
30.5119 31.1278 56
31.3598 31.5728 58
31.3638 32.2099 44
33.4698 33.8868 60
33.4708 33.7668 44
36.3408 37.6028 37
36.4628 37.3058 49
37.7258 38.9828 37
38.1508 38.5668 49
39.8338 40.2498 37
40.2498 41.1078 37
41.5418 42.3778 37
42.3778 42.6848 37
42.8038 43.6408 37
43.2288 43.9458 61
43.6408 43.9458 37
44.0648 44.9078 37
44.9078 45.2198 37
45.3318 46.1788 37
46.1788 46.3878 37
47.0668 48.3248 59
47.9008 49.1497 37
48.3248 48.7348 59
48.7348 49.0417 59
49.1537 50.0047 37
50.0047 50.4247 37
50.4237 51.7047 63
50.4247 51.2787 37
51.2787 51.4837 37
51.7097 52.5527 37
52.5527 52.8597 37
52.9757 53.8157 37
53.8157 54.1127 37
54.2367 55.0797 37
55.5067 56.3497 37
56.3497 56.5597 37
57.4197 57.8377 54
60.3566 60.5706 53
63.5356 64.2486 72
70.4855 70.7025 53
73.2575 73.4965 44
74.5125 74.7275 37
78.7395 79.5855 72
82.4914 83.3274 75
83.7574 84.6014 72
91.7103 92.1133 44
94.6513 97.3443 37
98.7913 99.0103 49
98.7943 99.0113 54
98.7943 99.0113 58
99.0083 99.8443 44
100.047 100.256 61
100.048 100.261 58
100.048 100.261 54
100.05 100.261 49
101.317 101.53 53
102.564 102.784 61
103.838 104.051 51
103.838 104.051 54
104.468 105.084 61
104.471 104.885 49
105.084 105.304 61
105.085 105.304 54
105.086 105.305 51
105.087 105.307 49
107.565 108.1 53
107.565 108.031 49
108.031 108.969 44
108.031 108.493 49
108.97 109.486 49
109.484 113.06 61
109.486 113.06 53
109.486 110.033 49
110.032 113.06 44
110.033 113.06 49
