OnsetTime	OffsetTime	MidiPitch
0.518994	1.478010	78
0.637991	1.478010	50
0.767997	1.478010	56
0.889998	1.478010	68
0.892988	1.478010	59
1.012990	1.478010	69
1.015990	1.478010	66
1.129000	1.478010	70
1.244010	1.478010	71
1.366010	1.478010	72
1.477000	1.590010	73
1.593010	1.709010	74
1.709010	1.825020	75
1.825020	1.936010	76
1.937010	2.413010	81
2.052010	2.413010	76
2.053020	2.413010	49
2.168020	2.413010	73
2.171020	2.413010	57
2.280010	2.413010	69
2.283020	2.413010	64
2.407020	2.881000	67
2.521010	2.881000	46
2.639990	2.881000	52
2.756000	2.881000	76
2.759000	2.881000	61
2.872000	3.347000	68
2.989990	3.347000	47
3.102000	3.347000	52
3.218010	3.347000	76
3.222010	3.347000	62
3.336990	3.808000	67
3.455000	3.808000	46
3.567010	3.808000	52
3.680010	3.808000	76
3.681000	3.808000	61
3.799000	4.284990	68
3.920990	4.284990	47
4.033000	4.284990	52
4.144990	4.284990	77
4.145990	4.284990	62
4.281990	5.240010	78
4.399980	5.240010	50
4.530980	5.240010	56
4.653980	5.240010	68
4.655980	5.240010	59
4.774980	5.240010	69
4.777980	5.240010	66
4.890980	5.240010	70
5.006000	5.240010	71
5.122000	5.240010	72
5.237000	5.356010	73
5.356010	5.468000	74
5.471000	5.587000	75
5.587000	5.696000	76
5.696000	6.183980	81
5.815010	6.183980	49
5.815010	6.183980	76
5.927000	6.183980	57
5.927000	6.183980	73
6.041990	6.183980	64
6.041990	6.183980	69
6.182980	7.143970	85
6.300970	7.143970	57
6.427970	7.143970	63
6.549970	7.143970	75
6.552980	7.143970	66
6.678970	7.143970	76
6.682970	7.143970	73
6.787960	7.143970	77
6.909970	7.143970	78
7.025970	7.143970	79
7.141980	7.252990	80
7.252990	7.367990	81
7.369000	7.484000	82
7.487000	7.599990	83
7.602990	8.071980	88
7.711990	8.071980	56
7.711990	8.071980	83
7.827990	8.071980	80
7.829990	8.071980	64
7.945980	8.067980	71
7.945980	8.071980	76
8.067980	9.009960	71
8.187980	9.009960	47
8.299980	9.009960	56
8.415970	9.009960	80
8.417970	8.999970	64
8.531960	9.009960	68
8.876960	9.009960	76
8.999970	9.356970	64
9.121970	9.985960	47
9.237980	9.985960	55
9.353980	9.985960	73
9.356970	9.985960	64
9.483980	9.985960	61
9.846970	9.985960	70
9.979970	11.107000	60
10.112000	11.107000	47
10.246000	11.107000	54
10.376000	11.107000	69
10.378000	11.107000	63
10.516000	11.107000	57
10.935000	11.107000	66
11.090000	11.880000	56
11.239000	11.880000	40
11.387000	11.880000	47
11.534000	11.880000	64
11.701000	11.880000	28
12.359000	13.326000	78
12.489000	13.326000	50
12.611000	13.326000	56
12.734000	13.326000	68
12.738000	13.326000	59
12.857000	13.326000	69
12.858000	13.326000	66
12.976000	13.326000	70
13.091000	13.326000	71
13.211000	13.326000	72
13.325000	13.434000	73
13.438000	13.549000	74
13.554000	13.668000	75
13.669000	13.784000	76
13.784000	14.257000	81
13.893000	14.257000	76
13.896000	14.257000	49
14.011000	14.257000	73
14.012000	14.257000	57
14.127000	14.257000	69
14.131000	14.257000	64
14.254000	14.722000	67
14.369000	14.722000	46
14.481000	14.722000	52
14.597000	14.722000	76
14.599000	14.722000	61
14.713000	15.187000	68
14.834000	15.187000	47
14.943000	15.187000	52
15.063000	15.187000	76
15.065000	15.187000	62
15.178000	15.653000	67
15.296000	15.653000	46
15.412000	15.653000	52
15.528000	15.653000	61
15.528000	15.653000	76
15.644000	16.126000	68
15.762000	16.126000	47
15.874000	16.126000	52
15.990000	16.126000	77
15.993000	16.126000	62
16.126000	17.089000	78
16.244000	17.089000	50
16.371000	17.089000	56
16.497000	17.089000	68
16.498000	17.089000	59
16.617000	17.089000	69
16.619000	17.089000	66
16.738000	17.089000	70
16.854000	17.089000	71
16.969000	17.089000	72
17.088000	17.193000	73
17.197000	17.312000	74
17.316000	17.427000	75
17.432000	17.546000	76
17.547000	18.026000	81
17.655000	18.026000	76
17.656000	18.026000	49
17.775000	18.026000	57
17.775000	18.026000	73
17.889000	18.026000	69
17.890000	18.026000	64
18.023000	18.986000	85
18.148000	18.986000	57
18.271000	18.986000	63
18.394000	18.986000	75
18.398000	18.986000	66
18.523000	18.986000	76
18.524000	18.986000	73
18.639000	18.986000	77
18.755000	18.986000	78
18.867000	18.986000	79
18.985000	19.100000	80
19.101000	19.216000	81
19.216000	19.328000	82
19.328000	19.443000	83
19.444000	19.920000	88
19.559000	19.920000	83
19.560000	19.920000	56
19.671000	19.920000	80
19.672000	19.920000	64
19.787000	19.920000	76
19.790000	19.916000	71
19.916000	20.858000	71
20.028000	20.858000	47
20.141000	20.858000	56
20.257000	20.858000	80
20.259000	20.841000	64
20.379000	20.858000	68
20.722000	20.858000	76
20.841000	21.205000	64
20.963000	21.832000	47
21.089000	21.832000	55
21.204000	21.832000	73
21.205000	21.832000	64
21.327000	21.832000	61
21.691000	21.832000	70
21.831000	22.947000	60
21.957000	22.947000	47
22.093000	22.947000	54
22.219000	22.947000	69
22.220000	22.947000	63
22.363000	22.947000	57
22.783000	22.947000	66
22.933000	23.850000	56
23.076000	23.850000	40
23.227000	23.850000	47
23.375000	23.850000	64
23.606000	23.850000	28
24.515000	25.975000	67
24.644000	26.440000	47
24.778000	26.440000	55
24.911000	25.517000	71
25.010141	26.535141	62
25.041000	25.401000	74
25.163000	25.402000	79
25.285000	26.440000	73
25.401000	25.632000	74
25.402000	25.632000	79
25.517000	25.863000	71
25.632000	25.866000	74
25.632000	26.440000	79
25.748000	26.440000	69
25.863000	26.083000	71
25.866000	26.087000	74
25.975000	26.440000	67
26.083000	26.311000	71
26.087000	26.314000	74
26.203000	26.440000	66
26.311000	26.440000	71
26.314000	26.440000	74
26.440000	26.923000	65
26.559000	26.923000	49
26.679000	26.923000	59
26.794000	26.923000	68
26.797000	26.923000	73
26.917000	27.399000	66
27.035000	27.399000	49
27.155000	27.399000	61
27.270000	27.399000	69
27.270000	27.399000	73
27.392000	27.875000	63
27.511000	27.875000	49
27.631000	27.875000	57
27.746000	27.875000	66
27.749000	27.875000	73
27.869100	28.358000	65
27.987000	28.358000	49
28.103100	28.358000	59
28.222000	28.358000	68
28.225100	28.358000	73
28.358000	28.848000	61
28.473000	28.848000	42
28.594000	28.848000	49
28.715000	28.848000	66
28.719000	28.848000	57
28.719000	28.848000	69
28.719000	28.848000	73
28.838000	29.352000	62
28.957000	29.215000	66
28.960000	29.216000	69
28.960000	29.219000	73
29.090000	29.352000	64
29.215000	29.352000	66
29.216000	29.352000	69
29.219000	29.352000	73
29.345000	29.843000	61
29.467000	29.852000	42
29.591000	29.852000	49
29.716000	29.852000	69
29.717000	29.852000	59
29.717000	29.852000	65
29.717000	29.852000	73
29.843000	30.350000	61
29.961000	30.351000	42
30.084000	30.351000	49
30.209000	30.351000	65
30.210000	30.351000	59
30.210000	30.351000	69
30.210000	30.351000	73
30.350000	31.687000	61
30.479000	32.485000	42
30.612000	32.485000	49
30.746000	32.485000	57
30.879000	32.485000	66
31.008000	32.485000	68
31.134000	31.812000	69
31.263000	32.485000	73
31.547000	32.485000	54
31.687000	32.485000	61
31.812000	32.485000	69
31.946000	32.485000	78
32.076000	32.485000	80
32.208000	32.485000	81
32.338000	32.485000	85
32.482000	33.940000	72
32.614000	34.409000	52
32.751000	34.409000	60
32.878000	33.487000	76
32.880000	34.409000	67
33.010000	33.371000	79
33.132000	33.371000	84
33.248000	34.409000	78
33.371000	33.601000	79
33.371000	33.605000	84
33.487000	33.830000	76
33.601000	33.830000	79
33.605000	34.409000	84
33.714000	34.409000	74
33.830000	34.057000	76
33.830000	34.057000	79
33.940000	34.409000	72
34.057000	34.281000	76
34.057000	34.284000	79
34.166000	34.409000	71
34.281000	34.409000	76
34.284000	34.409000	79
34.403000	34.889000	70
34.525000	34.889000	54
34.641000	34.889000	64
34.757000	34.889000	73
34.761000	34.889000	78
34.880000	35.365000	71
35.002000	35.365000	54
35.118000	35.365000	66
35.233000	35.365000	74
35.236000	35.365000	78
35.355000	35.848000	68
35.477000	35.848000	54
35.593000	35.848000	62
35.709000	35.848000	71
35.712000	35.848000	78
35.832000	36.324000	70
35.954000	36.324000	54
36.070000	36.324000	64
36.188000	36.324000	73
36.189000	36.324000	78
36.321000	36.814000	66
36.440000	36.814000	47
36.563000	36.814000	54
36.681000	36.814000	71
36.682000	36.814000	74
36.682000	36.814000	78
36.683000	36.814000	62
36.804000	37.321000	67
36.923000	37.186000	71
36.923000	37.187000	74
36.927000	37.187000	78
37.059000	37.321000	69
37.186000	37.321000	71
37.187000	37.321000	74
37.187000	37.321000	78
37.314000	37.808000	66
37.437000	37.815000	47
37.557000	37.815000	54
37.680000	37.815000	74
37.682000	37.815000	70
37.682000	37.815000	78
37.683000	37.815000	64
37.808000	38.326000	66
37.927000	38.327000	47
38.057000	38.327000	54
38.180000	38.327000	70
38.180000	38.327000	74
38.181000	38.327000	64
38.181000	38.327000	78
38.326000	38.849000	66
38.456000	38.849000	47
38.582000	38.849000	54
38.712000	38.849000	71
38.712000	38.849000	75
38.715000	38.849000	63
38.715000	38.849000	78
38.848000	39.387000	68
38.971000	39.246000	71
38.974000	39.247000	75
38.974000	39.247000	78
39.114000	39.387000	70
39.246000	39.387000	71
39.247000	39.387000	75
39.247000	39.387000	78
39.381000	39.911000	66
39.510000	39.922000	47
39.640000	39.922000	54
39.776000	39.922000	70
39.776000	39.922000	75
39.777000	39.922000	64
39.777000	39.922000	78
39.911000	40.457900	66
40.041000	40.457900	47
40.175000	40.457900	54
40.308000	40.457900	70
40.309000	40.457900	75
40.311000	40.457900	64
40.311000	40.457900	78
40.457900	41.504900	66
40.583900	41.510900	47
40.719900	41.510900	54
40.846900	41.510900	63
40.976900	41.510900	71
41.101900	41.510900	73
41.228900	41.510900	75
41.349900	41.510900	78
41.504900	42.558000	66
41.637000	42.558000	47
41.770900	42.558000	54
41.896900	42.558000	63
42.026900	42.558000	71
42.151900	42.558000	73
42.273900	42.558000	75
42.396900	42.540900	78
42.540900	43.622900	78
42.688000	43.631900	47
42.821000	43.631900	54
43.011483	43.692383	62
43.083000	43.631900	74
43.210000	43.631900	73
43.342000	43.631900	71
43.478000	43.631900	66
43.622900	44.713900	78
43.760900	44.717900	47
43.894900	44.717900	55
44.024900	44.717900	62
44.154900	44.717900	74
44.293900	44.717900	73
44.429900	44.717900	71
44.573900	44.717900	67
44.713900	45.672900	78
44.716900	45.672900	38
44.717900	45.672900	50
44.836900	45.672900	56
44.962900	45.672900	59
45.084900	45.672900	68
45.088900	45.672900	66
45.207900	45.672900	69
45.322900	45.672900	70
45.442900	45.672900	71
45.560900	45.672900	72
45.669900	45.784900	73
45.787900	45.899900	74
45.903900	46.018900	75
46.019900	46.127900	76
46.128900	46.603900	81
46.242900	46.603900	76
46.246900	46.603900	49
46.362900	46.603900	57
46.362900	46.603900	73
46.478900	46.603900	69
46.480900	46.603900	64
46.600900	47.072900	67
46.718900	47.072900	46
46.831900	47.072900	52
46.950900	47.072900	76
46.952000	47.072900	61
47.065900	47.537900	68
47.184900	47.537900	47
47.297000	47.537900	52
47.413000	47.537900	76
47.416000	47.537900	62
47.530900	48.004000	67
47.650000	48.004000	46
47.761900	48.004000	52
47.872000	48.004000	76
47.873900	48.004000	61
47.994000	48.476900	68
48.111900	48.476900	47
48.225000	48.476900	52
48.340000	48.476900	77
48.344000	48.476900	62
48.476000	49.435000	78
48.596000	49.435000	50
48.726000	49.435000	56
48.849000	49.435000	59
48.849000	49.435000	68
48.970000	49.435000	69
48.971000	49.435000	66
49.085000	49.435000	70
49.201000	49.435000	71
49.317000	49.435000	72
49.433000	49.548000	73
49.548000	49.663000	74
49.666000	49.778000	75
49.782000	49.890000	76
49.891000	50.377000	81
50.007000	50.377000	76
50.009000	50.377000	49
50.125000	50.377000	73
50.126000	50.377000	57
50.241000	50.377000	69
50.242000	50.377000	64
50.374000	51.339000	85
50.500000	51.339000	57
50.623000	51.339000	63
50.745000	51.339000	75
50.748000	51.339000	66
50.874000	51.339000	76
50.875000	51.339000	73
50.990000	51.339000	77
51.105000	51.339000	78
51.221000	51.339000	79
51.337000	51.452000	80
51.452000	51.563000	81
51.564000	51.679000	82
51.680000	51.795000	83
51.795000	52.263900	88
51.907000	52.263900	83
51.908000	52.263900	56
52.023000	52.263900	80
52.025000	52.263900	64
52.139000	52.263900	76
52.141000	52.263900	71
52.263900	53.223000	90
52.386000	53.223000	62
52.516000	53.223000	68
52.639000	53.223000	80
52.641000	53.223000	71
52.761000	53.223000	81
52.762000	53.223000	78
52.875900	53.223000	82
52.992000	53.223000	83
53.107000	53.223000	84
53.223000	53.338000	85
53.338000	53.453000	86
53.454000	53.572000	87
53.573000	53.681000	88
53.682000	54.156000	93
53.800000	54.156000	61
53.800000	54.156000	88
53.909000	54.156000	85
53.912000	54.156000	69
54.025000	54.156000	81
54.027900	54.154000	76
54.154000	55.097900	76
54.264900	55.097900	52
54.384900	55.097900	61
54.496900	55.080900	69
54.496900	55.097900	85
54.618900	55.097900	73
54.957900	55.097900	81
55.080900	55.444000	69
55.207000	56.072000	52
55.326000	56.072000	60
55.442000	56.072000	78
55.444000	56.072000	69
55.572000	56.072000	66
55.935000	56.072000	75
56.068000	57.187900	65
56.201000	57.187900	52
56.326900	57.187900	59
56.457000	57.187900	74
56.526295	57.254295	68
56.602900	57.187900	62
57.019900	57.187900	71
57.176900	57.957900	61
57.324900	57.957900	45
57.472000	57.957900	52
57.614900	57.957900	69
57.779900	57.957900	33
58.447900	59.904900	67
58.573900	60.373900	47
58.706900	60.373900	55
58.836900	59.445900	71
58.916317	60.450317	62
58.969900	59.329900	74
59.092900	59.329900	79
59.210900	60.373900	73
59.329900	59.560900	74
59.329900	59.564900	79
59.445900	59.788900	71
59.560900	59.788900	74
59.564900	60.373900	79
59.679900	60.373900	69
59.788900	60.015900	71
59.788900	60.016900	74
59.904900	60.373900	67
60.015900	60.239900	71
60.016900	60.243900	74
60.131900	60.373900	66
60.239900	60.373900	71
60.243900	60.373900	74
60.372900	60.855900	65
60.487900	60.855900	49
60.607900	60.855900	59
60.725900	60.855900	68
60.726900	60.855900	73
60.846900	61.331900	66
60.963900	61.331900	49
61.083900	61.331900	61
61.202900	61.331900	69
61.202900	61.331900	73
61.324900	61.807900	63
61.439900	61.807900	49
61.559900	61.807900	57
61.677900	61.807900	66
61.678900	61.807900	73
61.798900	62.290900	65
61.915900	62.290900	49
62.035900	62.290900	59
62.154900	62.290900	68
62.154900	62.290900	73
62.284900	62.777900	61
62.405900	62.777900	42
62.521900	62.777900	49
62.644900	62.777900	66
62.647900	62.777900	69
62.648900	62.777900	73
62.650900	62.777900	57
62.770900	63.280900	62
62.889900	63.141900	66
62.890900	63.144900	69
62.892900	63.144900	73
63.018900	63.280900	64
63.141900	63.280900	66
63.144900	63.280900	69
63.144900	63.280900	73
63.274900	63.774900	61
63.399900	63.781900	42
63.519900	63.781900	49
63.644900	63.781900	69
63.645900	63.781900	65
63.645900	63.781900	73
63.646900	63.781900	59
63.774900	64.279900	61
63.889900	64.279900	42
64.013900	64.279900	49
64.136900	64.279900	65
64.138900	64.279900	69
64.138900	64.279900	73
64.142900	64.279900	59
64.279900	65.609900	61
64.408900	66.414900	42
64.541900	66.414900	49
64.677900	66.414900	57
64.810900	66.414900	66
64.937900	66.414900	68
65.067900	65.741900	69
65.192900	66.414900	73
65.475900	66.414900	54
65.609900	66.414900	61
65.741900	66.414900	69
65.878900	66.414900	78
66.007900	66.414900	80
66.137900	66.414900	81
66.267900	66.414900	85
66.413900	67.870900	72
66.546900	68.338900	52
66.673900	68.338900	60
66.806900	67.418900	76
66.809900	68.338900	67
66.941900	67.295900	79
67.061900	67.296900	84
67.177900	68.338900	78
67.295900	67.533900	79
67.296900	67.534900	84
67.418900	67.757900	76
67.533900	67.760900	79
67.534900	68.338900	84
67.643900	68.338900	74
67.757900	67.981900	76
67.760900	67.981900	79
67.870900	68.338900	72
67.981900	68.213900	76
67.981900	68.213900	79
68.097900	68.338900	71
68.213900	68.338900	76
68.213900	68.338900	79
68.335900	68.821900	70
68.453900	68.821900	54
68.572900	68.821900	64
68.689900	68.821900	73
68.689900	68.821900	78
68.811900	69.297900	71
68.930900	69.297900	54
69.045900	69.297900	66
69.165900	69.297900	74
69.166900	69.297900	78
69.287900	69.769900	68
69.405900	69.769900	54
69.524900	69.769900	62
69.641900	69.769900	71
69.641900	69.769900	78
69.763900	70.253900	70
69.881900	70.253900	54
70.001900	70.253900	64
70.117900	70.253900	73
70.119900	70.253900	78
70.250900	70.739900	66
70.368900	70.739900	47
70.494900	70.739900	54
70.611900	70.739900	71
70.611900	70.739900	74
70.613900	70.739900	62
70.613900	70.739900	78
70.733900	71.254900	67
70.852900	71.114900	71
70.852900	71.114900	74
70.854900	71.117900	78
70.988900	71.254900	69
71.114900	71.254900	71
71.114900	71.254900	74
71.117900	71.254900	78
71.243900	71.737900	66
71.362900	71.743900	47
71.485900	71.743900	54
71.611900	71.743900	70
71.611900	71.743900	74
71.612900	71.743900	64
71.612900	71.743900	78
71.737900	72.255800	66
71.856900	72.256900	47
71.982900	72.256900	54
72.107900	72.256900	70
72.108900	72.256900	74
72.111900	72.256900	78
72.112900	72.256900	64
72.255800	72.777800	66
72.384800	72.777800	47
72.514900	72.777800	54
72.643800	72.777800	71
72.644800	72.777800	75
72.644800	72.777800	78
72.645800	72.777800	63
72.776800	73.319800	68
72.902900	73.175800	71
72.903800	73.176800	75
72.906800	73.176800	78
73.043800	73.319800	70
73.175800	73.319800	71
73.176800	73.319800	75
73.176800	73.319800	78
73.312800	73.840800	66
73.441800	73.847800	47
73.571800	73.847800	54
73.704800	73.847800	75
73.705800	73.847800	70
73.707800	73.847800	78
73.708800	73.847800	64
73.840800	74.386800	66
73.970800	74.387800	47
74.104800	74.387800	54
74.239800	74.387800	70
74.239800	74.387800	75
74.240800	74.387800	64
74.240800	74.387800	78
74.386800	75.434800	66
74.516800	75.443800	47
74.649800	75.443800	54
74.778800	75.443800	63
74.904800	75.443800	71
75.031800	75.443800	73
75.160800	75.443800	75
75.283800	75.443800	78
75.434800	76.490800	66
75.566800	76.490800	47
75.699800	76.490800	54
75.828800	76.490800	63
75.955800	76.490800	71
76.078800	76.490800	73
76.207800	76.490800	75
76.328800	76.473800	78
76.473800	77.547800	78
76.615800	77.560800	47
76.752800	77.560800	54
76.879800	77.560800	62
77.005800	77.560800	74
77.141800	77.560800	73
77.271800	77.560800	71
77.407800	77.560800	66
77.547800	78.643800	78
77.690800	78.647800	47
77.827800	78.647800	55
78.023329	78.718329	62
78.086800	78.647800	74
78.223800	78.647800	73
78.359800	78.647800	71
78.503800	78.647800	67
78.643800	79.601800	78
78.646800	79.601800	38
78.647800	79.601800	50
78.765800	79.601800	56
78.891800	79.601800	59
79.017800	79.601800	68
79.018800	79.601800	66
79.140800	79.601800	69
79.252800	79.601800	70
79.370800	79.601800	71
79.486800	79.601800	72
79.598800	79.717800	73
79.717800	79.832800	74
79.833800	79.948800	75
79.949800	80.060800	76
80.060800	80.535800	81
80.176800	80.535800	76
80.177800	80.535800	49
80.292800	80.535800	73
80.294800	80.535800	57
80.407800	80.535800	69
80.410800	80.535800	64
80.529800	81.005800	67
80.644800	81.005800	46
80.760800	81.005800	52
80.878800	81.005800	76
80.879800	81.005800	61
80.994800	81.466800	68
81.114800	81.466800	47
81.226800	81.466800	52
81.344800	81.466800	62
81.344800	81.466800	76
81.460800	81.932800	67
81.572800	81.932800	46
81.691800	81.932800	52
81.802800	81.932800	76
81.803800	81.932800	61
81.925800	82.406800	68
82.044800	82.406800	47
82.157800	82.406800	52
82.273800	82.406800	77
82.275800	82.406800	62
82.405700	83.364700	78
82.524700	83.364700	50
82.653700	83.364700	56
82.779700	83.364700	68
82.780700	83.364700	59
82.899700	83.364700	66
82.899700	83.364700	69
83.018700	83.364700	70
83.130700	83.364700	71
83.245700	83.364700	72
83.364700	83.475700	73
83.476700	83.595800	74
83.595800	83.710800	75
83.711800	83.819700	76
83.822700	84.307700	81
83.938700	84.307700	76
83.939700	84.307700	49
84.054700	84.307700	73
84.056700	84.307700	57
84.170700	84.307700	69
84.172700	84.307700	64
84.306700	85.269700	85
84.424700	85.269700	57
84.550700	85.269700	63
84.677700	85.269700	75
84.678700	85.269700	66
84.802700	85.269700	76
84.803700	85.269700	73
84.921700	85.269700	77
85.034700	85.269700	78
85.149700	85.269700	79
85.268700	85.376700	80
85.377700	85.492700	81
85.492700	85.607700	82
85.608700	85.722700	83
85.726700	86.193700	88
85.836700	86.193700	56
85.836700	86.193700	83
85.951700	86.193700	80
85.954700	86.193700	64
86.069700	86.193700	76
86.070700	86.193700	71
86.192700	87.155800	90
86.314700	87.155800	62
86.440700	87.155800	68
86.566700	87.155800	80
86.570700	87.155800	71
86.689700	87.155800	81
86.692800	87.155800	78
86.805700	87.155800	82
86.920700	87.155800	83
87.036700	87.155800	84
87.154800	87.267800	85
87.270800	87.385800	86
87.386800	87.494800	87
87.494800	87.610800	88
87.610800	88.086800	93
87.728800	88.086800	88
87.729800	88.086800	61
87.838800	88.086800	85
87.840800	88.086800	69
87.956800	88.086800	81
87.957800	88.085700	76
88.085700	89.020800	76
88.198800	89.020800	52
88.316800	89.020800	61
88.425800	89.020800	85
88.428800	89.010800	69
88.549800	89.020800	73
88.891800	89.020800	81
89.010800	89.374700	69
89.139700	90.003700	52
89.255800	90.003700	60
89.373700	90.003700	78
89.374700	90.003700	69
89.501800	90.003700	66
89.860700	90.003700	75
89.997700	91.291700	65
90.129700	91.291700	52
90.259700	91.291700	59
90.388700	91.291700	74
90.389700	91.291700	68
90.532700	91.291700	62
90.949700	91.291700	71
92.236700	93.314700	64
92.376700	93.314700	40
92.499700	93.314700	49
92.628700	93.314700	73
92.629700	93.304700	57
92.769700	93.314700	61
93.161700	93.314700	69
93.304700	93.721700	57
93.451700	94.430700	40
93.585700	94.430700	48
93.721700	94.430700	57
93.721700	94.430700	66
93.865700	94.430700	54
94.270700	94.430700	63
94.428700	95.663700	53
94.578700	95.663700	40
94.718700	95.663700	47
94.865700	95.663700	62
94.866700	95.663700	56
95.026700	95.663700	50
95.482700	95.663700	59
95.646700	98.229700	49
95.813700	98.229700	33
95.971700	98.229700	40
96.552700	98.229700	21
