OnsetTime	OffsetTime	MidiPitch
0.022538	0.260538	73
0.519987	0.943991	69
0.520993	0.944983	66
0.520993	0.944983	74
0.523983	0.947987	45
0.524989	0.947987	38
0.524989	0.948980	50
1.367980	1.475980	79
1.367980	1.773990	66
1.368990	1.773990	62
1.465980	1.584990	78
1.570970	1.682980	76
1.668990	1.784980	78
1.773990	1.881970	81
1.777980	2.196990	64
1.777980	2.197980	67
1.870990	1.990990	79
1.976980	2.099980	78
2.087980	2.201970	79
2.197980	2.599990	81
2.200980	2.599990	69
2.201970	2.600980	66
3.012980	3.057980	81
3.208980	3.257990	83
3.410990	3.463990	85
3.615000	3.668000	86
3.825010	4.633990	81
3.826010	4.636990	54
4.136381	4.427000	62
4.225000	4.636990	78
4.227000	4.636990	50
4.427000	4.636990	62
4.633990	4.726990	81
4.634990	4.825990	52
4.731980	4.828990	79
4.829990	4.930990	78
4.832980	5.031990	62
4.930990	5.032980	79
5.032980	5.083970	81
5.033990	5.084980	57
5.231970	5.284990	79
5.234980	5.284990	61
5.448980	5.654970	77
5.449980	5.854970	50
5.451980	5.855980	62
5.658970	5.857980	78
6.271970	6.382960	79
6.274970	6.679970	62
6.274970	6.680960	66
6.368980	6.487960	78
6.473970	6.586960	76
6.575960	6.686950	78
6.680960	6.788970	81
6.683960	7.103960	64
6.684950	7.103960	67
6.774960	6.886970	79
6.883970	7.001960	78
6.991960	7.108960	79
7.104960	7.502950	81
7.107950	7.502950	66
7.107950	7.503950	69
7.916950	7.960950	81
8.111940	8.164960	83
8.314960	8.367960	85
8.518970	8.569970	86
8.727970	9.536950	81
8.728970	9.540950	54
9.034086	9.333960	62
9.131960	9.540950	50
9.131960	9.540950	78
9.333960	9.540950	62
9.536950	9.630950	81
9.540950	9.732950	52
9.634960	9.732950	79
9.733940	9.837950	78
9.735960	9.934950	62
9.837950	9.938950	79
9.939940	10.033900	81
9.939940	10.138900	57
10.036900	10.138900	79
10.139900	10.243900	78
10.142900	10.344900	61
10.243900	10.348900	76
10.351900	10.453900	74
10.352900	10.453900	62
10.551900	10.652900	66
10.750900	10.852900	69
10.754900	10.852900	62
10.957900	11.055900	66
11.153900	11.236900	78
11.157900	11.264900	62
11.229900	11.303900	79
11.296900	11.366900	78
11.363900	11.437900	79
11.363900	11.468900	66
11.433900	11.503900	78
11.496900	11.572900	79
11.565900	11.636900	78
11.566900	11.664900	62
11.629900	11.699900	79
11.695900	11.769900	78
11.766900	11.864900	66
11.766900	11.873900	76
11.864900	11.972900	74
11.961900	12.066900	73
11.962900	12.066900	64
12.165900	12.262900	67
12.360900	12.459900	69
12.360900	12.462900	64
12.563900	12.661900	67
12.763900	12.864900	76
12.763900	12.878900	64
12.868900	12.976900	66
12.962900	13.075900	67
13.064900	13.172900	66
13.162900	13.270900	64
13.267900	13.376900	62
13.365900	13.477900	61
13.462900	13.578900	59
13.568900	13.673900	76
13.569900	13.673900	57
13.778900	13.883900	61
13.981900	14.079800	69
13.981900	14.083800	57
14.176900	14.282900	61
14.384800	14.463800	79
14.384800	14.484800	57
14.453800	14.530800	81
14.523800	14.597800	79
14.590800	14.667800	81
14.591800	14.688800	61
14.653800	14.730800	79
14.723800	14.792800	81
14.789800	14.863800	79
14.790800	14.891800	55
14.852800	14.926800	81
14.922800	14.989800	79
14.985800	15.091800	61
14.985800	15.097800	78
15.091800	15.199800	76
15.188800	15.286800	74
15.189800	15.286800	54
15.392800	15.489800	62
15.587800	15.689800	69
15.588800	15.689800	54
15.790800	15.888800	62
15.990800	16.087800	78
15.990800	16.098800	54
16.088800	16.196800	50
16.193800	16.302800	52
16.291800	16.403800	54
16.389800	16.501800	55
16.490800	16.599800	57
16.592800	16.703800	59
16.693800	16.809800	61
16.795800	16.900800	78
16.798800	17.208800	62
16.900800	17.018800	74
17.005800	17.117800	76
17.110800	17.218800	78
17.208800	17.324800	79
17.313800	17.425800	81
17.417800	17.526800	83
17.516800	17.625800	85
17.621800	17.725800	86
17.722800	17.824800	85
17.817800	17.929800	83
17.820800	17.915800	57
17.821800	17.915800	54
17.919800	18.026800	81
18.016800	18.125800	79
18.017800	18.114800	54
18.017800	18.114800	57
18.115800	18.230800	78
18.219800	18.325800	57
18.219800	18.328800	76
18.220800	18.325800	54
18.325800	18.433700	74
18.422800	18.538700	76
18.423800	18.835700	55
18.423800	18.835700	59
18.527700	18.636800	78
18.629800	18.741700	76
18.730700	18.846700	75
18.836700	18.944700	76
18.937700	19.049700	78
19.038700	19.147700	79
19.140700	19.252700	81
19.238700	19.349700	83
19.339700	19.455700	81
19.444700	19.553700	79
19.445700	19.543700	55
19.445700	19.543700	59
19.544700	19.651700	78
19.643700	19.759700	76
19.648700	19.745700	59
19.650700	19.745700	55
19.746700	19.854700	74
19.851700	19.948700	59
19.851700	19.959700	73
19.852700	19.949700	56
19.952700	20.064700	71
20.053700	20.162700	73
20.054700	20.257700	57
20.151700	20.260700	74
20.257700	20.365700	73
20.258700	20.466700	55
20.354700	20.477700	69
20.466700	20.565700	74
20.467700	20.565700	54
20.666700	20.774700	50
20.876700	20.988700	79
20.880700	21.082700	49
20.973700	21.086700	81
21.082700	21.184700	79
21.083700	21.278700	45
21.181700	21.289700	76
21.279700	21.380700	50
21.279700	21.387700	79
21.383700	21.492700	78
21.478700	21.593700	76
21.482700	21.579700	54
21.580700	21.702700	74
21.688700	21.800700	73
21.692700	21.895700	57
21.793700	21.905700	74
21.895700	22.003700	73
21.895700	22.090700	55
21.992700	22.101700	69
22.090700	22.189700	74
22.094700	22.189700	54
22.293700	22.398700	50
22.500700	22.612700	79
22.504700	22.706700	49
22.608700	22.717700	81
22.707700	22.815600	79
22.707700	22.909600	45
22.805700	22.917700	76
22.910700	23.007700	50
22.910700	23.018700	79
23.007700	23.116600	78
23.106700	23.211700	54
23.106700	23.220600	76
23.211700	23.326600	74
23.315600	23.421600	73
23.316600	23.519600	52
23.316600	23.519600	57
23.319600	23.522600	45
23.421600	23.522600	76
23.522600	23.616600	73
23.620600	23.728600	69
23.729600	23.827600	78
23.729600	23.924600	50
23.732600	23.928600	57
23.732600	23.929600	54
23.827600	23.929600	81
23.930600	24.036600	78
24.037600	24.138600	74
24.142600	24.243600	73
24.143600	24.344600	57
24.145600	24.345600	45
24.145600	24.345600	52
24.244600	24.345600	76
24.348600	24.443600	73
24.443600	24.551600	69
24.552600	24.652600	78
24.555600	24.758600	50
24.555600	24.758600	54
24.556600	24.759600	57
24.653600	24.759600	81
24.761600	24.859600	78
24.859600	24.971600	74
24.972600	25.045600	73
24.972600	25.048600	76
25.174600	25.254600	81
25.174600	25.255600	73
25.175600	25.255600	76
25.175600	25.258600	45
25.178600	25.259600	52
25.178600	25.259600	57
25.179600	25.261600	49
25.381600	25.458600	76
25.384600	25.458600	73
25.384600	25.459600	81
25.385600	25.461600	52
25.388600	25.461600	49
25.388600	25.462600	45
25.389600	25.465600	57
25.587600	25.660600	76
25.588600	25.664600	73
25.588600	25.664600	81
25.588600	25.665600	45
25.590600	25.665600	52
25.591600	25.667600	49
25.591600	25.667600	57
25.794600	26.217600	73
25.794600	26.218600	81
25.795600	26.220600	76
25.797600	26.221600	49
25.797600	26.221600	57
25.801600	26.225600	45
25.801600	26.225600	52
26.225600	26.269600	74
26.270600	26.368600	73
26.368600	26.472600	71
26.476600	26.577600	73
26.578600	26.693600	74
26.693600	26.955500	75
26.697600	26.955500	57
26.911600	27.112600	76
26.913600	27.113500	61
27.113500	27.334500	59
27.335500	27.536500	76
27.337500	27.537500	62
27.537500	27.750600	81
27.540500	27.750600	61
27.747600	27.946500	80
27.750600	27.950500	64
27.950500	28.156500	78
27.953500	28.160500	57
28.160500	28.373500	61
28.160500	28.373500	76
28.374500	28.597500	73
28.377500	28.597500	59
28.584500	28.782500	74
28.586500	28.786500	66
28.787500	29.003500	62
29.003500	29.206500	74
29.007500	29.209500	59
29.210500	29.416500	76
29.213500	29.417500	56
29.419500	29.619500	74
29.420500	29.619500	59
29.623500	29.829500	73
29.623500	29.830500	52
29.832500	30.043500	71
29.833500	30.043500	62
30.046500	30.257500	61
30.046500	30.257500	68
30.256500	30.455500	69
30.257500	30.456500	64
30.456500	30.659500	56
30.659500	30.872500	71
30.662500	30.876500	64
30.876500	31.085500	72
30.879500	31.085500	57
31.078500	31.278500	73
31.079500	31.282500	64
31.282500	31.484500	54
31.432500	31.485500	76
31.485500	31.698500	74
31.485500	31.699500	57
31.699500	32.443500	73
31.701500	32.549500	52
31.908500	32.336500	57
32.122500	32.552500	61
32.332500	32.552500	74
32.336500	32.552500	57
32.443500	32.552500	73
32.549500	32.755500	71
32.549500	32.968500	52
32.550500	32.969500	56
32.756500	32.864500	73
32.972500	33.080500	74
33.189500	33.297500	75
33.409500	33.637500	75
33.410500	33.637500	57
33.627500	33.830500	76
33.628500	33.830500	61
33.831500	34.052500	59
34.051500	34.103500	78
34.051500	34.257500	62
34.104500	34.152500	76
34.155500	34.204500	75
34.208500	34.257500	76
34.260500	34.495500	61
34.260500	34.495500	81
34.463500	34.564500	80
34.464500	34.565500	64
34.662500	34.768500	78
34.663500	34.872500	57
34.873400	34.984400	76
34.876500	34.985400	61
35.086400	35.331400	73
35.090400	35.331400	59
35.300400	35.506400	66
35.300400	35.506400	74
35.507400	35.720400	62
35.723400	35.772400	76
35.724400	35.922400	59
35.776400	35.825400	74
35.825400	35.869400	73
35.873400	35.923400	74
35.927400	36.140400	56
35.927400	36.140400	76
36.133400	36.238400	74
36.136400	36.238400	59
36.335400	36.441400	73
36.336400	36.546400	52
36.546400	36.654400	71
36.546400	36.657400	56
36.759400	37.215400	57
36.759400	37.215400	73
37.093400	37.215400	76
37.204400	37.648400	62
37.204400	37.648400	66
37.205400	37.648400	50
37.533400	37.648400	71
37.639400	38.089400	69
37.642400	38.089400	61
37.642400	38.524400	52
38.080400	38.188400	68
38.082400	38.524400	59
38.131400	38.240400	69
38.188400	38.300400	68
38.240400	38.524400	69
38.300400	38.446400	68
38.369400	38.524400	66
38.446400	38.524400	68
38.524400	38.628300	69
38.524400	38.943300	57
38.631300	38.740300	76
38.740300	38.839300	75
38.841300	38.944300	76
38.944300	39.048300	78
39.048300	39.147300	76
39.147300	39.254300	75
39.148300	39.255300	69
39.258300	39.367300	76
39.367300	39.472300	74
39.370300	39.472300	71
39.473300	39.580300	76
39.583300	39.678300	74
39.584300	39.682300	69
39.682300	39.787300	76
39.787300	39.888300	74
39.788300	39.891300	68
39.892300	39.986300	76
39.990300	40.099300	64
39.990300	40.099300	74
40.099300	40.206300	76
40.207300	40.319300	73
40.210300	40.630300	69
40.320300	40.431300	76
40.431300	40.532300	75
40.535300	40.634300	76
40.634300	40.739300	78
40.739300	40.836300	76
40.837300	40.945300	75
40.837300	40.946300	57
40.946300	41.054300	76
41.057200	41.158200	74
41.057200	41.159200	59
41.162300	41.264200	76
41.267200	41.369200	74
41.268200	41.369200	57
41.372200	41.473200	76
41.474200	41.579200	74
41.474200	41.580200	56
41.582200	41.677200	76
41.677200	41.788200	74
41.680200	41.789200	52
41.789200	41.897200	76
41.898200	42.006200	57
41.898200	42.321200	69
42.009200	42.117200	64
42.121200	42.223200	63
42.224200	42.321200	64
42.324200	42.425200	66
42.430200	42.531200	64
42.532200	42.643200	81
42.534200	42.643200	63
42.643200	42.744200	64
42.747200	42.849200	83
42.748200	42.850200	62
42.850200	42.954200	64
42.954200	43.059200	81
42.958200	43.060200	62
43.060200	43.164200	64
43.165200	43.262200	62
43.165200	43.262200	80
43.263200	43.367200	64
43.368200	43.475200	76
43.369200	43.476200	62
43.479200	43.588200	64
43.588200	44.011100	81
43.589200	43.696200	61
43.697100	43.808200	64
43.809200	43.906200	63
43.906200	44.012100	64
44.012100	44.116100	66
44.117200	44.218100	64
44.221100	44.329100	45
44.222100	44.330100	63
44.330100	44.434100	64
44.435100	44.547100	47
44.438100	44.547100	62
44.548100	44.649100	64
44.649100	44.753100	45
44.652100	44.754100	62
44.754100	44.858100	64
44.858100	44.963100	44
44.862100	44.964100	62
44.964100	45.061100	64
45.062100	45.170100	40
45.062100	45.173100	62
45.173100	45.282100	64
45.282100	45.715100	45
45.283100	45.719100	61
45.720100	45.930100	61
45.720100	46.146100	76
45.822100	46.031100	69
45.930100	46.146100	61
46.031100	46.146100	69
46.144100	46.577100	74
46.146100	46.243100	59
46.244100	46.461100	69
46.353100	46.577100	59
46.461100	46.577100	69
46.574100	47.022100	73
46.575100	46.681100	57
46.682100	46.903100	69
46.790100	47.022100	57
46.903100	47.022100	69
47.018100	47.379000	78
47.021100	47.462000	62
47.123100	47.340100	69
47.235100	47.463000	68
47.339000	47.463000	80
47.340100	47.463000	69
47.379000	47.460000	78
47.417000	47.463000	76
47.460000	47.564000	78
47.462000	47.564000	62
47.565000	47.672000	69
47.673000	47.784000	80
47.676000	47.784000	68
47.785000	47.900000	69
47.900000	48.120000	83
47.903000	48.120000	62
48.005000	48.120000	69
48.111000	48.333000	68
48.111000	48.333000	81
48.219000	48.333000	69
48.324000	48.544000	80
48.326000	48.544000	62
48.429000	48.544000	69
48.541000	48.776000	78
48.542000	48.776000	68
48.656000	48.776000	69
48.775000	48.995000	76
48.776000	48.880000	61
48.883000	48.998000	69
48.999000	49.107000	68
49.107000	49.222000	69
49.223000	49.660000	76
49.226000	49.433000	61
49.331000	49.545000	69
49.433000	49.660000	61
49.545000	49.660000	69
49.650000	50.086900	74
49.651000	49.751000	59
49.751000	49.969000	69
49.864000	50.086900	59
49.969000	50.086900	69
50.078000	50.528900	73
50.080000	50.185900	57
50.189000	50.413000	69
50.297900	50.528900	57
50.413000	50.528900	69
50.525900	50.969900	71
50.528900	50.968900	50
50.636900	50.853900	59
50.737900	50.969900	54
50.851900	50.969900	78
50.853900	50.969900	59
50.966900	51.416900	76
50.968900	51.416900	50
51.077900	51.294900	59
51.077900	51.416900	74
51.179900	51.416900	73
51.181900	51.416900	54
51.291900	51.416900	71
51.294900	51.416900	59
51.409900	51.833900	52
51.409900	51.839900	69
51.511900	51.724900	61
51.616900	51.839900	57
51.724900	51.839900	61
51.832900	51.888900	71
51.833900	52.281900	52
51.889900	51.998900	73
51.942900	52.051900	71
51.943900	52.166900	62
51.998900	52.281900	73
52.051900	52.201900	71
52.053900	52.281900	56
52.127900	52.278900	69
52.166900	52.281900	62
52.201900	52.281900	71
52.278900	52.494900	69
52.281900	52.386900	57
52.386900	52.498900	64
52.498900	52.603900	61
52.604900	52.740900	64
52.740900	53.169900	76
52.743900	52.950900	61
52.845900	53.055900	69
52.950900	53.169900	61
53.055900	53.169900	69
53.167900	53.268900	59
53.167900	53.600800	74
53.269900	53.485900	69
53.380800	53.600800	59
53.485900	53.600800	69
53.591800	54.045800	73
53.593800	53.706800	57
53.706800	53.926800	69
53.814800	54.045800	57
53.926800	54.045800	69
54.043800	54.406800	78
54.045800	54.485800	62
54.147800	54.368800	69
54.256800	54.486800	68
54.368800	54.486800	69
54.368800	54.486800	80
54.406800	54.483800	78
54.444800	54.486800	76
54.483800	54.591800	78
54.485800	54.594800	62
54.594800	54.696800	69
54.696800	54.807800	80
54.697800	54.808800	68
54.808800	54.923800	69
54.923800	55.143800	83
54.927800	55.143800	62
55.029800	55.143800	69
55.134800	55.358800	81
55.136800	55.358800	68
55.243800	55.358800	69
55.350800	55.571800	80
55.351800	55.571800	62
55.452800	55.571800	69
55.565800	55.799800	78
55.567800	55.799800	68
55.680800	55.799800	69
55.795800	56.019800	76
55.798800	55.903800	61
55.903800	56.023800	69
56.132800	56.246800	69
56.246800	56.681800	76
56.247800	56.457800	61
56.352800	56.566800	69
56.457800	56.681800	61
56.566800	56.681800	69
56.670800	57.111700	74
56.674800	56.775700	59
56.776800	56.992700	69
56.884800	57.111700	59
56.992700	57.111700	69
57.101700	57.552700	73
57.104700	57.209700	57
57.210700	57.440700	69
57.321700	57.552700	57
57.440700	57.552700	69
57.548700	57.993700	71
57.552700	57.992700	50
57.657700	57.875700	59
57.763700	57.993700	54
57.874700	57.993700	78
57.875700	57.993700	59
57.990700	58.441700	76
57.992700	58.441700	50
58.099700	58.441700	74
58.101700	58.322700	59
58.206700	58.441700	54
58.206700	58.441700	73
58.322700	58.441700	59
58.322700	58.441700	71
58.431700	58.857700	52
58.431700	58.864700	69
58.535700	58.750700	61
58.644700	58.864700	57
58.750700	58.864700	61
58.854700	58.913700	71
58.857700	59.312700	52
58.914700	59.022700	73
58.966700	59.082700	71
58.966700	59.190700	62
59.022700	59.312700	73
59.082700	59.225700	71
59.082700	59.312700	56
59.148700	59.306700	69
59.190700	59.312700	62
59.225700	59.312700	71
59.306700	59.515700	69
59.309700	59.959600	57
59.309700	59.959600	61
59.411700	59.959600	64
59.515700	59.959600	69
59.628600	59.841600	73
59.739600	59.959600	76
59.841600	59.959600	73
59.946600	60.058600	74
59.946600	60.061600	52
59.950600	60.062600	56
59.950600	60.065600	59
60.065600	60.170600	71
60.170600	60.388600	69
60.174600	60.849600	57
60.174600	60.849600	61
60.282600	60.849600	64
60.388600	60.849600	69
60.495600	60.710600	73
60.603600	60.849600	76
60.710600	60.849600	73
60.821600	60.937600	74
60.825600	60.939600	52
60.825600	60.940600	56
60.825600	60.940600	59
60.940600	61.048600	71
61.049600	61.286600	69
61.049600	61.287600	61
61.052600	61.287600	57
61.525600	61.808600	71
61.525600	61.808600	80
61.526600	61.808600	74
61.528600	61.808600	41
61.528600	61.808600	53
62.025600	62.371600	81
62.026600	62.371600	69
62.026600	62.371600	73
62.027600	62.371600	42
62.028600	62.371600	54
63.026500	63.260500	66
63.029600	63.260500	74
63.030600	63.957500	50
63.250600	63.362500	64
63.250600	63.365500	73
63.485600	63.722500	73
63.488500	63.722500	64
63.713500	63.835500	62
63.715500	63.835500	71
63.958500	64.198500	62
63.958500	64.198500	71
63.960500	64.979500	52
64.188500	64.314500	61
64.191500	64.317500	69
64.444500	64.710500	61
64.444500	64.710500	69
64.696500	64.831500	68
64.696500	64.832500	59
64.979500	66.186500	62
64.980500	66.186500	59
64.982500	66.186500	57
64.982500	66.186500	68
65.526500	66.186500	52
66.155500	66.722500	61
66.155500	66.726500	69
66.156500	66.729500	45
67.292500	67.716500	66
67.296500	67.720500	69
67.296500	67.720500	74
67.297500	67.722500	38
67.300500	67.723500	45
67.300500	67.723500	50
68.143500	68.251500	79
68.144500	68.552500	62
68.144500	68.552500	66
68.244500	68.356500	78
68.350500	68.458500	76
68.447500	68.566500	78
68.556500	68.665500	81
68.556500	68.976500	67
68.557500	68.980500	64
68.651500	68.766500	79
68.755500	68.878500	78
68.867500	68.990500	79
68.980500	69.378500	81
68.981500	69.379500	66
68.983500	69.379500	69
69.788500	69.837500	81
69.988500	70.039500	83
70.190500	70.243500	85
70.393500	70.446500	86
70.604500	71.412500	81
70.604500	71.415500	54
70.807500	71.209500	62
71.006500	71.415500	50
71.006500	71.415500	78
71.209500	71.415500	62
71.412500	71.506500	81
71.413500	71.611500	52
71.506500	71.615500	79
71.615500	71.709500	78
71.616500	71.807500	62
71.714500	71.811500	79
71.812500	71.860500	81
71.814500	71.864500	57
72.014500	72.066500	79
72.015500	72.067500	61
72.228500	72.437500	77
72.228500	72.633500	62
72.229500	72.634500	50
72.437500	72.636500	78
73.067500	73.187500	79
73.071500	73.474500	62
73.072500	73.477500	66
73.173500	73.284500	78
73.273500	73.389500	76
73.375500	73.488500	78
73.477500	73.592500	81
73.481500	73.900500	67
73.481500	73.901500	64
73.581500	73.690500	79
73.680500	73.803500	78
73.796500	73.910500	79
73.901500	74.306500	81
73.903500	74.307500	69
73.904500	74.310500	66
74.712500	74.765500	81
74.915500	74.968500	83
75.119500	75.164500	85
75.314500	75.374500	86
75.524500	76.336500	81
75.525500	76.337500	54
75.731500	76.137500	62
75.934500	76.337500	78
75.935500	76.337500	50
76.137500	76.337500	62
76.336500	76.438500	81
76.337500	76.536500	52
76.438500	76.537500	79
76.537500	76.634500	78
76.539500	76.739500	62
76.635500	76.740500	79
76.740500	76.837500	81
76.743500	76.942500	57
76.837500	76.943500	79
76.943500	77.040500	78
76.945500	77.144500	61
77.044500	77.145500	76
77.145500	77.250500	74
77.149500	77.251500	62
77.411664	77.519664	66
77.558500	77.656500	69
77.559500	77.657500	62
77.753500	77.859500	66
77.957500	78.038500	78
77.958500	78.062500	62
78.027500	78.104400	79
78.097400	78.174400	78
78.168400	78.240400	79
78.168400	78.265400	66
78.233400	78.303400	78
78.300500	78.370400	79
78.363400	78.440500	78
78.370400	78.468500	62
78.426400	78.503500	79
78.496500	78.566500	78
78.562500	78.671500	76
78.563500	78.664500	66
78.668500	78.775400	74
78.766500	78.863400	73
78.766500	78.864500	64
78.969400	79.067400	67
79.164400	79.262400	69
79.168400	79.263400	64
79.368400	79.465400	67
79.563400	79.665400	76
79.567400	79.676400	64
79.665400	79.780400	66
79.770400	79.878400	67
79.868400	79.977400	66
79.966400	80.078400	64
80.071400	80.179400	62
80.169400	80.278400	61
80.267400	80.383400	59
80.371400	80.477400	76
80.372400	80.478400	57
80.582400	80.680400	61
80.778400	80.883400	69
80.781400	80.884400	57
80.981400	81.082400	61
81.184400	81.261400	79
81.185400	81.289400	57
81.254400	81.331400	81
81.324400	81.398400	79
81.394400	81.464400	81
81.397400	81.492400	61
81.460400	81.534400	79
81.527400	81.597400	81
81.590400	81.660400	79
81.594400	81.692400	55
81.653400	81.730400	81
81.719400	81.793400	79
81.789400	81.898400	78
81.790400	81.891400	61
81.895400	82.003400	76
81.993400	82.090400	74
81.993400	82.091400	54
82.188400	82.287400	62
82.391400	82.489400	69
82.396400	82.493400	54
82.588400	82.689400	62
82.794400	82.892400	78
82.795400	82.903400	54
82.892400	83.001400	50
82.990400	83.102400	52
83.095400	83.204400	54
83.193400	83.302400	55
83.290400	83.403400	57
83.389400	83.508400	59
83.494400	83.606400	61
83.599400	83.704400	78
83.599400	84.012400	62
83.705400	83.816400	74
83.809400	83.918400	76
83.907400	84.022400	78
84.013400	84.127400	79
84.117400	84.226400	81
84.215400	84.330400	83
84.320400	84.432300	85
84.418400	84.530400	86
84.516400	84.628400	85
84.613400	84.726400	83
84.614400	84.719400	57
84.618400	84.722400	54
84.723400	84.831400	81
84.817400	84.929400	79
84.821400	84.915400	57
84.822400	84.919400	54
84.919400	85.027400	78
85.016400	85.132400	76
85.017400	85.122400	54
85.017400	85.122400	57
85.123400	85.237300	74
85.223400	85.335300	76
85.227400	85.636400	59
85.227400	85.637400	55
85.331300	85.440300	78
85.429400	85.545400	76
85.531300	85.643400	75
85.639400	85.748300	76
85.737300	85.846300	78
85.839400	85.951300	79
85.937300	86.056300	81
86.045300	86.154300	83
86.144300	86.252300	81
86.242300	86.346300	59
86.242300	86.357300	79
86.243300	86.346300	55
86.347300	86.455300	78
86.441300	86.557300	76
86.445300	86.550300	59
86.448300	86.550300	55
86.550300	86.658300	74
86.647300	86.763300	73
86.648300	86.749300	56
86.648300	86.753300	59
86.756300	86.861300	71
86.857300	86.966300	73
86.858300	87.053300	57
86.955300	87.064300	74
87.053300	87.169300	73
87.057300	87.267300	55
87.159300	87.274300	69
87.271300	87.365300	74
87.271300	87.368300	54
87.463300	87.575300	50
87.687300	87.796300	79
87.688300	87.890300	49
87.792300	87.900300	81
87.891300	88.002300	79
87.893300	88.093300	45
87.988300	88.100300	76
88.093300	88.201300	79
88.094300	88.191300	50
88.192300	88.303300	78
88.289300	88.408300	76
88.293300	88.394300	54
88.394300	88.509300	74
88.506300	88.614300	73
88.506300	88.702300	57
88.604300	88.713300	74
88.702300	88.814300	73
88.706300	88.901300	55
88.800300	88.912300	69
88.902300	89.003300	74
88.902300	89.007300	54
89.101300	89.213300	50
89.318300	89.430300	79
89.319300	89.521300	49
89.423300	89.531300	81
89.522300	89.629300	79
89.522300	89.724300	45
89.619300	89.735300	76
89.724300	89.836300	79
89.728300	89.822300	50
89.823300	89.934300	78
89.923300	90.036300	76
89.924300	90.025300	54
90.025300	90.144200	74
90.138300	90.235300	73
90.138300	90.333300	45
90.139300	90.337300	57
90.139300	90.338300	52
90.236300	90.338300	76
90.340300	90.431300	73
90.435300	90.543300	69
90.544200	90.641200	78
90.544200	90.739200	54
90.546200	90.743200	50
90.547300	90.743200	57
90.642200	90.743200	81
90.746200	90.852200	78
90.852200	90.956200	74
90.957200	91.058200	73
90.957200	91.159200	52
90.960200	91.160200	45
90.960200	91.160200	57
91.061200	91.161200	76
91.163200	91.264200	73
91.265200	91.366200	69
91.369200	91.463200	78
91.369200	91.572200	50
91.370200	91.573200	54
91.373200	91.573200	57
91.467200	91.573200	81
91.575200	91.674200	78
91.677200	91.785200	74
91.786200	91.859200	73
91.787200	91.862200	76
91.985200	92.062200	73
91.989200	92.062200	81
91.992200	92.066200	45
91.992200	92.066200	76
91.993200	92.069200	49
91.993200	92.069200	57
91.996200	92.070200	52
92.195200	92.272200	81
92.198200	92.273200	73
92.199200	92.276200	76
92.202200	92.276200	49
92.203200	92.277200	52
92.203200	92.277200	57
92.203200	92.279200	45
92.402200	92.475200	76
92.402200	92.478200	73
92.402200	92.479200	81
92.403200	92.479200	49
92.406200	92.482200	52
92.406200	92.483200	45
92.406200	92.483200	57
92.612200	93.050200	81
92.613200	93.053200	73
92.613200	93.053200	76
92.613200	93.054200	52
92.614200	93.057200	57
92.615200	93.057200	45
92.615200	93.057200	49
93.058200	93.101200	74
93.105200	93.206200	73
93.207200	93.312200	71
93.312200	93.410200	73
93.414200	93.525200	74
93.528200	93.787200	75
93.529200	93.787200	57
93.743200	93.952200	76
93.745200	93.952200	61
93.953100	94.165200	59
94.166200	94.376200	62
94.166200	94.376200	76
94.377200	94.589200	61
94.377200	94.589200	81
94.579200	94.785200	80
94.580200	94.788200	64
94.789200	94.988200	57
94.789200	94.988200	78
94.992200	95.205200	76
94.992200	95.206200	61
95.206200	95.429200	73
95.209200	95.429200	59
95.419200	95.614100	74
95.422200	95.618200	66
95.618200	95.835100	62
95.839200	96.045200	74
95.840200	96.049200	59
96.049200	96.248200	56
96.049200	96.248200	76
96.252200	96.451100	74
96.252200	96.454100	59
96.455200	96.662100	52
96.455200	96.662100	73
96.662100	96.882200	71
96.768580	96.986680	62
96.885100	97.089100	68
96.886100	97.089100	61
97.085100	97.288100	69
97.088100	97.288100	64
97.292100	97.491100	56
97.494100	97.707100	71
97.495100	97.708100	64
97.708100	97.918100	72
97.709100	97.918100	57
97.915100	98.114100	73
97.918100	98.114100	64
98.115100	98.313100	54
98.261100	98.316100	76
98.317100	98.530100	74
98.321100	98.530100	57
98.531100	99.273100	73
98.534100	99.382100	52
98.745100	99.172100	57
98.954100	99.391100	61
99.171100	99.391100	74
99.172100	99.391100	57
99.273100	99.391100	73
99.381100	99.587100	71
99.382100	99.801100	56
99.382100	99.804100	52
99.588100	99.696100	73
99.804100	99.912100	74
100.021000	100.133000	75
100.248000	100.476000	75
100.249000	100.476000	57
100.466000	100.665000	76
100.467000	100.668000	61
100.668000	100.890000	59
100.886000	100.938000	78
100.890000	101.089000	62
100.939000	100.991000	76
100.994000	101.043000	75
101.047000	101.092000	76
101.093000	101.334000	81
101.096000	101.334000	61
101.299000	101.404000	80
101.302000	101.404000	64
101.502000	101.606000	78
101.502000	101.712000	57
101.712000	101.817000	76
101.715000	101.817000	61
101.925000	102.170000	73
101.928000	102.170000	59
102.139000	102.338000	74
102.140000	102.339000	66
102.339000	102.558000	62
102.559000	102.611000	76
102.559000	102.762000	59
102.612000	102.664000	74
102.664000	102.709000	73
102.713000	102.762000	74
102.766000	102.975000	56
102.766000	102.975000	76
102.972000	103.070000	74
102.975000	103.070000	59
103.174000	103.280000	73
103.175000	103.385000	52
103.385000	103.489000	71
103.386000	103.490000	56
103.598000	104.053000	73
103.599000	104.053000	57
103.931000	104.053000	76
104.043000	104.483000	66
104.044000	104.483000	50
104.044000	104.483000	62
104.365000	104.483000	71
104.477000	104.928000	69
104.481000	104.928000	61
104.481000	105.363000	52
104.919000	105.026000	68
104.920000	105.363000	59
104.970000	105.079000	69
105.026000	105.139000	68
105.079000	105.360000	69
105.139000	105.285000	68
105.208000	105.363000	66
105.285000	105.363000	68
105.360000	105.463000	69
105.363000	105.778000	57
105.464000	105.579000	76
105.580000	105.677000	75
105.677000	105.783000	76
105.785000	105.887000	78
105.888000	105.989000	76
105.992000	106.100000	75
105.993000	106.101000	69
106.101000	106.209000	76
106.213000	106.314000	74
106.214000	106.314000	71
106.318000	106.419000	76
106.420000	106.524000	74
106.422000	106.525000	69
106.525000	106.622000	76
106.622000	106.727000	74
106.623000	106.728000	68
106.731000	106.832000	76
106.833000	106.941000	74
106.833000	106.944000	64
106.944000	107.053000	76
107.053000	107.158000	73
107.054000	107.476000	69
107.159000	107.266000	76
107.266000	107.371000	75
107.372000	107.477000	76
107.477000	107.574000	78
107.574000	107.679000	76
107.680000	107.788000	75
107.683000	107.789000	57
107.791000	107.900000	76
107.900000	108.005000	74
107.903000	108.005000	59
108.005000	108.106000	76
108.111000	108.211000	57
108.111000	108.211000	74
108.215000	108.319000	76
108.320000	108.414000	74
108.321000	108.418000	56
108.418000	108.519000	76
108.519000	108.632000	74
108.523000	108.632000	52
108.635000	108.732000	76
108.737000	108.845000	57
108.737000	109.163000	69
108.848000	108.961000	64
108.964000	109.058000	63
109.062000	109.163000	64
109.167000	109.269000	66
109.272000	109.373000	64
109.374000	109.485000	81
109.377000	109.485000	63
109.486000	109.587000	64
109.591000	109.695000	83
109.591000	109.696000	62
109.696000	109.797000	64
109.800000	109.902000	81
109.801000	109.902000	62
109.906000	110.006000	64
110.010000	110.112000	80
110.011000	110.113000	62
110.113000	110.210000	64
110.210000	110.318000	76
110.214000	110.322000	62
110.322000	110.430000	64
110.431000	110.539000	61
110.431000	110.854000	81
110.543000	110.650000	64
110.654000	110.756000	63
110.757000	110.854000	64
110.855000	110.962000	66
110.966000	111.067000	64
111.068000	111.172000	45
111.071000	111.176000	63
111.176000	111.284000	64
111.285000	111.389000	47
111.285000	111.390000	62
111.390000	111.498000	64
111.498000	111.602000	45
111.501000	111.607000	62
111.607000	111.708000	64
111.709000	111.813000	44
111.711000	111.813000	62
111.814000	111.914000	64
111.918000	112.019000	40
111.918000	112.020000	62
112.023000	112.131000	64
112.131000	112.568000	45
112.135000	112.569000	61
112.569000	113.003000	76
112.570000	112.775000	61
112.671000	112.888000	69
112.862295	113.090295	61
112.888000	113.003000	69
112.993000	113.094000	59
112.993000	113.433000	74
113.094000	113.312000	69
113.206000	113.433000	59
113.312000	113.433000	69
113.423000	113.871000	73
113.424000	113.532000	57
113.532000	113.755000	69
113.648000	113.871000	57
113.755000	113.871000	69
113.870000	114.235000	78
113.871000	114.312000	62
113.980000	114.197000	69
114.084000	114.312000	68
114.193000	114.312000	80
114.197000	114.312000	69
114.235000	114.309000	78
114.274000	114.312000	76
114.309000	114.417000	78
114.312000	114.420000	62
114.420000	114.529000	69
114.533000	114.637000	80
114.533000	114.638000	68
114.641000	114.750000	69
114.750000	114.970000	83
114.753000	114.970000	62
114.855000	114.970000	69
114.966000	115.187000	81
114.967000	115.187000	68
115.068000	115.187000	69
115.180000	115.401000	80
115.184000	115.401000	62
115.286000	115.401000	69
115.390000	115.624000	78
115.393000	115.624000	68
115.506000	115.624000	69
115.622000	115.844000	76
115.624000	115.737000	61
115.737000	115.849000	69
115.849000	115.960000	68
115.964000	116.073000	69
116.076000	116.509000	76
116.077000	116.290000	61
116.185000	116.395000	69
116.290000	116.509000	61
116.395000	116.509000	69
116.500000	116.937000	74
116.501000	116.604000	59
116.608000	116.822000	69
116.713000	116.937000	59
116.822000	116.937000	69
116.927000	117.378000	73
116.930000	117.035000	57
117.039000	117.263000	69
117.154000	117.378000	57
117.263000	117.378000	69
117.376000	117.827000	71
117.378000	117.826000	50
117.486000	117.704000	59
117.596000	117.827000	54
117.700000	117.827000	78
117.704000	117.827000	59
117.823000	118.267000	76
117.826000	118.267000	50
117.927000	118.267000	74
117.928000	118.149000	59
118.037000	118.267000	73
118.040000	118.267000	54
118.149000	118.267000	59
118.149000	118.267000	71
118.257000	118.691000	69
118.260000	118.688000	52
118.369000	118.575000	61
118.470000	118.691000	57
118.575000	118.691000	61
118.688000	118.740000	71
118.688000	119.136000	52
118.740000	118.849000	73
118.799000	118.908000	71
118.800000	119.016000	62
118.849000	119.136000	73
118.908000	119.058000	71
118.911000	119.136000	56
118.985000	119.135000	69
119.016000	119.136000	62
119.058000	119.136000	71
119.135000	119.349000	69
119.136000	119.236000	57
119.237000	119.349000	64
119.350000	119.457000	61
119.460000	119.590000	64
119.593000	120.028000	76
119.594000	119.808000	61
119.695000	119.912000	69
119.872508	120.092508	61
119.912000	120.028000	69
120.017000	120.454000	74
120.018000	120.125000	59
120.126000	120.336000	69
120.231000	120.454000	59
120.336000	120.454000	69
120.445000	120.895000	73
120.448000	120.552000	57
120.556000	120.784000	69
120.672000	120.895000	57
120.784000	120.895000	69
120.893000	121.256000	78
120.895000	121.340000	62
121.004000	121.221000	69
121.106000	121.344000	68
121.221000	121.344000	69
121.221000	121.344000	80
121.256000	121.340000	78
121.298000	121.344000	76
121.340000	121.445000	78
121.340000	121.446000	62
121.446000	121.546000	69
121.550000	121.661000	80
121.550000	121.666000	68
121.666000	121.774000	69
121.775000	121.997000	62
121.775000	121.997000	83
121.879000	121.997000	69
121.991000	122.212000	68
121.991000	122.212000	81
122.096000	122.212000	69
122.201000	122.424000	62
122.201000	122.424000	80
122.309000	122.424000	69
122.413000	122.648000	78
122.414000	122.648000	68
122.529000	122.648000	69
122.647000	122.869000	76
122.648000	122.760000	61
122.761000	122.869000	69
122.872000	122.987000	68
122.988000	123.096000	69
123.097000	123.530000	76
123.099000	123.312000	61
123.208000	123.419000	69
123.312000	123.530000	61
123.419000	123.530000	69
123.523000	123.960000	74
123.524000	123.631000	59
123.632000	123.845000	69
123.736000	123.960000	59
123.845000	123.960000	69
123.953000	124.401000	73
123.954000	124.065000	57
124.069000	124.286000	69
124.174000	124.401000	57
124.286000	124.401000	69
124.399000	124.850000	71
124.401000	124.846000	50
124.507000	124.725000	59
124.619000	124.850000	54
124.724000	124.850000	78
124.725000	124.850000	59
124.846000	125.290000	50
124.846000	125.290000	76
124.952000	125.172000	59
124.952000	125.290000	74
125.060000	125.290000	73
125.061000	125.290000	54
125.172000	125.290000	59
125.172000	125.290000	71
125.281000	125.714000	69
125.283000	125.714000	52
125.393000	125.599000	61
125.494000	125.714000	57
125.599000	125.714000	61
125.711000	125.763000	71
125.714000	126.159000	52
125.763000	125.872000	73
125.820000	125.932000	71
125.823000	126.043000	62
125.872000	126.159000	73
125.932000	126.081000	71
125.932000	126.159000	56
126.005000	126.156000	69
126.043000	126.159000	62
126.081000	126.159000	71
126.156000	126.372000	69
126.159000	126.817000	57
126.159000	126.817000	61
126.261000	126.817000	64
126.372000	126.817000	69
126.477000	126.691000	73
126.590000	126.817000	76
126.691000	126.817000	73
126.803000	126.911000	74
126.804000	126.912000	52
126.804000	126.912000	56
126.806000	126.914000	59
126.915000	127.026000	71
127.026000	127.241000	69
127.030000	127.702000	57
127.030000	127.702000	61
127.132000	127.702000	64
127.241000	127.702000	69
127.348000	127.563000	73
127.461000	127.702000	76
127.563000	127.702000	73
127.678000	127.785000	74
127.678000	127.786000	52
127.681000	127.789000	59
127.681000	127.790000	56
127.790000	127.901000	71
127.905000	128.136000	69
127.906000	128.136000	57
127.906000	128.136000	61
128.378000	128.664000	71
128.381000	128.664000	80
128.382000	128.664000	74
128.385000	128.664000	41
128.385000	128.664000	53
128.878000	129.221000	73
128.879000	129.221000	69
128.881000	129.221000	81
128.882000	129.221000	42
128.882000	129.221000	54
129.875000	130.110000	66
129.879000	130.110000	74
129.880000	130.803000	50
130.100000	130.218000	73
130.103000	130.219000	64
130.338000	130.579000	64
130.338000	130.579000	73
130.565000	130.684000	71
130.566000	130.684000	62
130.806000	131.048000	62
130.810000	131.048000	71
130.811000	131.832000	52
131.041000	131.163000	61
131.041000	131.167000	69
131.300000	131.559000	61
131.301000	131.559000	69
131.545000	131.685000	59
131.546000	131.689000	68
131.833000	133.039000	59
131.835000	133.039000	62
131.835000	133.039000	68
131.836000	133.039000	57
132.378000	133.039000	52
133.008000	133.575000	61
133.012000	133.575000	69
133.012000	133.576000	45
134.149000	134.359000	81
134.360000	134.467000	79
134.580000	134.782000	79
134.783000	134.891000	78
135.003000	135.213000	78
135.213000	135.321000	76
135.433000	135.640000	76
135.641000	135.755000	75
135.868000	136.070000	72
135.868000	137.576000	75
135.871000	137.576000	47
135.871000	137.576000	59
136.071000	136.179000	71
136.291000	136.494000	71
136.494000	136.602000	69
136.714000	136.924000	69
136.925000	137.033000	67
137.145000	137.355000	67
137.356000	137.464000	66
137.577000	137.793000	75
137.796000	137.894000	76
137.999000	138.213000	71
138.000000	138.213000	67
138.214000	138.430000	79
138.430000	138.646000	77
138.651000	138.752000	78
138.857000	139.074000	63
138.860000	139.074000	71
139.075000	139.287000	81
139.288000	140.141000	75
139.288000	140.141000	78
139.290000	139.490000	47
139.490000	139.598000	45
139.718000	139.917000	45
139.920000	140.029000	43
140.141000	140.568000	76
140.145000	140.348000	43
140.145000	140.569000	79
140.349000	140.460000	42
140.571000	140.778000	42
140.778000	140.893000	40
141.006000	141.208000	79
141.209000	141.314000	78
141.422000	141.625000	78
141.628000	141.737000	76
141.845000	142.049000	76
142.052000	142.160000	74
142.269000	142.479000	74
142.482000	142.591000	73
142.707000	142.909000	70
142.707000	144.418000	73
142.708000	144.419000	45
142.708000	144.419000	57
142.910000	143.022000	69
143.130000	143.337000	69
143.340000	143.448000	67
143.557000	143.768000	67
143.770000	143.879000	66
143.988000	144.197000	66
144.198000	144.310000	64
144.421000	144.639000	73
144.639000	144.736000	74
144.841000	145.056000	66
144.842000	145.056000	69
145.059000	145.272000	78
145.272000	145.492000	75
145.493000	145.598000	76
145.696000	145.909000	61
145.696000	145.909000	69
145.913000	146.122000	79
146.126000	146.974000	76
146.127000	146.974000	73
146.129000	146.330000	45
146.330000	146.437000	43
146.550000	146.752000	43
146.753000	146.861000	42
146.974000	147.400000	74
146.976000	147.403000	78
146.977000	147.183000	42
147.183000	147.292000	40
147.404000	147.610000	40
147.614000	147.722000	38
147.838000	148.048000	78
147.839000	148.191000	62
147.943000	148.157000	86
148.048000	148.191000	78
148.051000	148.191000	61
148.157000	148.265000	86
148.268000	148.478000	78
148.268000	148.621000	61
148.374000	148.588000	86
148.478000	148.621000	78
148.479000	148.621000	59
148.588000	148.695000	86
148.696000	148.909000	78
148.699000	149.055000	59
148.801000	149.018000	86
148.909000	149.055000	57
148.909000	149.055000	78
149.018000	149.126000	86
149.126000	149.343000	78
149.129000	149.572000	57
149.231000	149.455000	86
149.343000	149.572000	78
149.344000	149.571000	56
149.455000	149.572000	86
149.571000	149.794000	76
149.571000	150.457000	56
149.572000	150.457000	44
149.679000	149.907000	86
149.794000	150.015000	76
149.907000	150.123000	86
150.015000	150.236000	76
150.123000	150.341000	86
150.236000	150.453000	76
150.341000	150.457000	86
150.453000	150.666000	76
150.456000	151.320000	58
150.457000	151.321000	46
150.561000	150.774000	85
150.666000	150.887000	76
150.774000	150.998000	85
150.887000	151.101000	76
150.998000	151.212000	85
151.101000	151.267000	76
151.212000	151.321000	85
151.323000	151.531000	74
151.324000	151.674000	59
151.425000	151.642000	85
151.531000	151.674000	74
151.532000	151.674000	57
151.642000	151.751000	85
151.751000	151.961000	74
151.752000	152.104000	57
151.856000	152.073000	85
151.961000	152.104000	74
151.962000	152.104000	55
152.073000	152.182000	85
152.182000	152.389000	74
152.183000	152.538000	55
152.286000	152.500000	83
152.389000	152.538000	74
152.391000	152.538000	54
152.500000	152.608000	83
152.611000	152.826000	74
152.612000	153.054000	54
152.713000	152.934000	83
152.826000	153.054000	74
152.829000	153.053000	53
152.934000	153.054000	83
153.049000	153.162000	73
153.053000	153.928000	41
153.053000	153.928000	53
153.162000	153.378000	83
153.274000	153.487000	73
153.378000	153.596000	83
153.487000	153.700000	73
153.596000	153.813000	83
153.700000	153.925000	73
153.813000	153.928000	83
153.925000	154.142000	73
153.925000	154.800000	42
153.927000	154.800000	54
154.033000	154.247000	81
154.142000	154.358000	73
154.247000	154.467000	81
154.358000	154.579000	73
154.467000	154.684000	81
154.579000	154.800000	73
154.684000	154.796000	81
154.796000	155.226000	55
154.796000	155.240000	71
154.796000	155.240000	81
154.898000	155.114000	62
155.002000	155.223000	79
155.006000	155.240000	59
155.114000	155.240000	62
155.223000	155.667000	79
155.226000	155.667000	55
155.328000	155.549000	62
155.432000	155.667000	78
155.433000	155.667000	59
155.549000	155.667000	62
155.664000	156.115000	77
155.664000	156.115000	86
155.667000	156.102000	55
155.769000	155.982000	62
155.874000	156.098000	85
155.877000	156.115000	59
155.982000	156.115000	62
156.098000	156.533000	85
156.102000	156.533000	55
156.203000	156.420000	62
156.311000	156.533000	59
156.311000	156.533000	83
156.420000	156.533000	62
156.529000	156.980000	79
156.529000	157.398000	82
156.532000	156.960000	54
156.633000	156.855000	61
156.739000	156.959000	78
156.742000	156.980000	58
156.855000	156.980000	61
156.959000	157.398000	78
156.960000	157.398000	54
157.068000	157.282000	61
157.173000	157.398000	76
157.175000	157.398000	58
157.282000	157.398000	61
157.397000	157.830000	53
157.397000	157.844000	74
157.397000	158.264000	83
157.498000	157.719000	62
157.604000	157.828000	73
157.606000	157.844000	56
157.719000	157.844000	62
157.828000	158.264000	73
157.830000	158.264000	53
157.932000	158.149000	62
158.041000	158.264000	56
158.041000	158.264000	71
158.149000	158.264000	62
158.258000	158.488000	67
158.261000	158.488000	76
158.262000	159.146000	54
158.479000	158.586000	74
158.481000	158.590000	66
158.702000	158.936000	66
158.706000	158.936000	74
158.922000	159.034000	73
158.922000	159.038000	64
159.147000	159.377000	64
159.147000	159.377000	73
159.150000	160.070000	42
159.367000	159.489000	71
159.370000	159.490000	62
159.609000	159.843000	71
159.612000	159.843000	62
159.833000	159.952000	61
159.836000	159.952000	70
160.071000	161.148000	64
160.073000	161.148000	70
160.074000	161.148000	47
160.074000	161.148000	61
160.567000	161.148000	42
161.118000	161.617000	62
161.120000	161.618000	71
161.121000	161.621000	35
162.118000	163.123000	66
162.118000	163.133000	71
162.119000	163.122000	62
162.121000	163.133000	47
162.121000	163.133000	59
163.122000	163.622000	62
163.123000	163.623000	66
163.126000	163.623000	72
163.126000	163.626000	45
163.127000	163.627000	57
164.120000	165.149000	71
164.123000	165.149000	55
164.123000	165.149000	74
164.124000	165.149000	43
164.869000	165.149000	75
165.142000	165.674000	72
165.143000	165.677000	76
165.143000	165.678000	54
165.146000	165.681000	42
166.752000	166.962000	59
166.752000	167.179000	74
166.854000	167.064000	67
166.962000	167.179000	59
167.064000	167.179000	67
167.178000	167.609000	72
167.179000	167.280000	57
167.281000	167.494000	67
167.389000	167.609000	57
167.494000	167.609000	67
167.607000	167.715000	55
167.607000	168.055000	71
167.715000	167.936000	67
167.823000	168.055000	55
167.936000	168.055000	67
168.054000	168.411000	76
168.055000	168.495000	60
168.156000	168.380000	67
168.267000	168.495000	66
168.377000	168.495000	78
168.380000	168.495000	67
168.411000	168.492000	76
168.453000	168.495000	74
168.492000	168.600000	76
168.495000	168.603000	60
168.604000	168.709000	67
168.709000	168.816000	78
168.710000	168.817000	66
168.820000	168.932000	67
168.933000	169.152000	81
168.936000	169.152000	60
169.038000	169.152000	67
169.143000	169.370000	79
169.145000	169.370000	66
169.254000	169.370000	67
169.360000	169.583000	60
169.360000	169.583000	78
169.468000	169.583000	67
169.574000	169.801000	76
169.576000	169.801000	66
169.690000	169.801000	67
169.797000	170.032000	74
169.801000	169.912000	59
169.913000	170.032000	67
170.033000	170.140000	66
170.141000	170.259000	67
170.259000	170.693000	74
170.260000	170.466000	59
170.361000	170.577000	67
170.466000	170.693000	59
170.577000	170.693000	67
170.684000	170.784000	57
170.684000	171.120000	72
170.788000	171.001000	67
170.897000	171.120000	57
171.001000	171.120000	67
171.110000	171.562000	71
171.113000	171.218000	55
171.221000	171.446000	67
171.337000	171.562000	55
171.446000	171.562000	67
171.561000	172.002000	48
171.561000	172.003000	69
171.670000	171.886000	57
171.772000	172.003000	52
171.884000	172.003000	76
171.886000	172.003000	57
172.002000	172.450000	48
172.002000	172.450000	74
172.110000	172.450000	72
172.111000	172.332000	57
172.216000	172.450000	52
172.216000	172.450000	71
172.331000	172.450000	69
172.332000	172.450000	57
172.440000	172.873000	67
172.443000	172.866000	50
172.544000	172.759000	59
172.653000	172.873000	55
172.759000	172.873000	59
172.866000	172.923000	69
172.866000	173.322000	50
172.923000	173.031000	71
172.975000	173.084000	69
172.976000	173.199000	60
173.031000	173.322000	71
173.084000	173.238000	69
173.087000	173.322000	54
173.161000	173.318000	67
173.199000	173.322000	60
173.238000	173.322000	69
173.318000	173.780000	55
173.318000	173.780000	67
173.528000	173.777000	59
173.535166	173.644000	62
173.644000	173.780000	62
173.777000	173.878000	59
173.777000	174.204000	74
173.882000	174.095000	67
173.983000	174.204000	59
174.095000	174.204000	67
174.201000	174.302000	57
174.201000	174.637000	72
174.305000	174.519000	67
174.414000	174.637000	57
174.519000	174.637000	67
174.627000	175.079000	71
174.631000	174.735000	55
174.740000	174.967000	67
174.851000	175.079000	55
174.967000	175.079000	67
175.078000	175.442000	76
175.079000	175.520000	60
175.180000	175.404000	67
175.289000	175.520000	66
175.401000	175.520000	78
175.404000	175.520000	67
175.442000	175.520000	76
175.478000	175.520000	74
175.520000	175.624000	76
175.520000	175.625000	60
175.628000	175.729000	67
175.733000	175.849000	78
175.734000	175.849000	66
175.850000	175.956000	67
175.957000	176.178000	81
175.960000	176.178000	60
176.063000	176.178000	67
176.171000	176.387000	66
176.171000	176.387000	79
176.272000	176.387000	67
176.381000	176.600000	78
176.384000	176.600000	60
176.486000	176.600000	67
176.594000	176.826000	66
176.594000	176.826000	76
176.709000	176.826000	67
176.825000	177.045000	74
176.826000	176.940000	59
176.941000	177.049000	67
177.052000	177.165000	66
177.165000	177.280000	67
177.283000	177.709000	74
177.284000	177.490000	59
177.385000	177.595000	67
177.490000	177.709000	59
177.595000	177.709000	67
177.700000	177.808000	57
177.700000	178.138000	72
177.808000	178.024000	67
177.920000	178.138000	57
178.024000	178.138000	67
178.137000	178.585000	71
178.138000	178.245000	55
178.246000	178.466000	67
178.353000	178.585000	55
178.466000	178.585000	67
178.582000	179.026000	69
178.584000	179.025000	48
178.686000	178.904000	57
178.795000	179.026000	52
178.903000	179.026000	76
178.904000	179.026000	57
179.025000	179.473000	48
179.025000	179.473000	74
179.134000	179.473000	72
179.135000	179.351000	57
179.239000	179.473000	71
179.240000	179.473000	52
179.348000	179.473000	69
179.351000	179.473000	57
179.464000	179.897000	67
179.561760	179.890000	50
179.569000	179.782000	59
179.669000	179.897000	55
179.782000	179.897000	59
179.887000	179.939000	69
179.890000	180.339000	50
179.940000	180.055000	71
179.998000	180.108000	69
179.999000	180.220000	60
180.055000	180.339000	71
180.108000	180.258000	69
180.111000	180.339000	54
180.184000	180.335000	67
180.220000	180.339000	60
180.258000	180.339000	69
180.335000	180.439000	67
180.338000	180.751000	59
180.338000	180.755000	55
180.440000	180.541000	69
180.544000	180.646000	67
180.646000	180.755000	66
180.755000	180.856000	67
180.857000	180.961000	71
180.961000	181.070000	69
180.962000	181.070000	54
180.964000	181.073000	62
181.073000	181.181000	72
181.182000	181.283000	71
181.182000	181.598000	62
181.185000	181.599000	55
181.286000	181.392000	69
181.392000	181.493000	67
181.496000	181.601000	66
181.601000	181.700000	67
181.701000	181.808000	71
181.809000	181.916000	69
181.810000	181.920000	54
181.812000	181.921000	62
181.923000	182.029000	72
182.029000	182.133000	71
182.030000	182.445000	55
182.032000	182.448000	62
182.134000	182.235000	69
182.236000	182.344000	67
182.344000	182.449000	66
182.449000	182.550000	67
182.551000	182.655000	71
182.655000	182.759000	69
182.659000	182.760000	54
182.659000	182.760000	62
182.763000	182.868000	72
182.872000	182.974000	71
182.873000	182.974000	62
182.875000	182.977000	55
182.977000	183.079000	74
183.082000	183.183000	72
183.082000	183.184000	62
183.083000	183.187000	54
183.188000	183.289000	69
183.289000	183.397000	71
183.290000	183.401000	62
183.292000	183.401000	55
183.401000	183.509000	74
183.510000	183.618000	55
183.510000	183.618000	73
183.512000	183.621000	52
183.621000	183.730000	76
183.730000	183.834000	74
183.734000	184.146000	57
183.734000	184.150000	54
183.835000	183.933000	76
183.933000	184.034000	74
184.038000	184.150000	73
184.150000	184.244000	74
184.248000	184.349000	78
184.349000	184.461000	76
184.353000	184.462000	49
184.353000	184.464000	57
184.465000	184.570000	79
184.570000	184.675000	78
184.573000	184.985000	57
184.573000	184.990000	50
184.678000	184.779000	76
184.780000	184.885000	74
184.886000	184.993000	73
184.993000	185.094000	74
185.095000	185.203000	78
185.204000	185.315000	76
185.207000	185.315000	57
185.208000	185.315000	49
185.319000	185.423000	79
185.424000	185.522000	78
185.428000	185.836000	50
185.428000	185.836000	57
185.522000	185.627000	76
185.630000	185.731000	74
185.732000	185.837000	73
185.840000	185.938000	74
185.942000	186.046000	76
186.047000	186.148000	78
186.048000	186.151000	51
186.048000	186.152000	59
186.155000	186.260000	81
186.260000	186.365000	79
186.261000	186.673000	59
186.264000	186.674000	52
186.366000	186.463000	78
186.464000	186.568000	76
186.568000	186.674000	75
186.676000	186.778000	76
186.779000	186.887000	78
186.887000	186.991000	79
186.890000	186.992000	51
186.890000	186.992000	59
186.996000	187.100000	81
187.103000	187.205000	79
187.104000	187.520000	52
187.107000	187.520000	59
187.205000	187.310000	78
187.311000	187.415000	76
187.416000	187.521000	75
187.524000	187.625000	76
187.626000	187.730000	78
187.731000	187.839000	61
187.731000	187.839000	79
187.733000	187.842000	52
187.842000	187.943000	83
187.944000	188.048000	81
187.947000	188.360000	62
187.948000	188.364000	54
188.049000	188.150000	79
188.154000	188.259000	78
188.259000	188.364000	76
188.367000	188.458000	78
188.462000	188.569000	79
188.570000	188.682000	81
188.573000	188.683000	52
188.574000	188.683000	61
188.685000	188.791000	83
188.791000	188.895000	81
188.794000	189.204000	54
188.794000	189.204000	62
188.896000	188.993000	79
188.994000	189.099000	78
189.099000	189.204000	76
189.207000	189.312000	78
189.316000	189.424000	79
189.424000	189.533000	81
189.425000	189.535000	66
189.536000	189.644000	84
189.645000	189.746000	83
189.645000	189.750000	67
189.753000	189.855000	86
189.855000	189.956000	81
189.856000	189.960000	66
189.960000	190.058000	86
190.058000	190.156000	83
190.061000	190.156000	67
190.157000	190.260000	86
190.261000	190.362000	78
190.261000	190.365000	63
190.366000	190.467000	83
190.467000	190.572000	79
190.471000	190.576000	64
190.576000	190.677000	83
190.678000	190.775000	78
190.680000	190.775000	63
190.779000	190.880000	83
190.884000	190.978000	79
190.884000	190.981000	64
190.982000	191.083000	83
191.083000	191.180000	76
191.087000	191.181000	61
191.184000	191.286000	81
191.289000	191.384000	78
191.290000	191.388000	62
191.389000	191.488000	81
191.489000	191.590000	76
191.493000	191.591000	61
191.591000	191.689000	81
191.689000	191.790000	78
191.690000	191.794000	62
191.794000	191.898000	81
191.899000	192.000000	73
191.899000	192.004000	58
192.005000	192.105000	78
192.105000	192.203000	74
192.109000	192.204000	59
192.206000	192.304000	78
192.305000	192.406000	73
192.305000	192.410000	58
192.410000	192.512000	78
192.512000	192.612000	74
192.515000	192.613000	59
192.613000	192.711000	78
192.711000	192.813000	75
192.712000	192.816000	60
192.714000	192.816000	57
192.820000	192.917000	78
192.918000	193.019000	76
192.920000	193.313000	59
192.921000	193.316000	55
193.019000	193.117000	75
193.117000	193.214000	76
193.215000	193.316000	78
193.317000	193.418000	79
193.418000	193.515000	78
193.516000	193.617000	79
193.617000	193.719000	81
193.722000	193.830000	64
193.722000	193.842000	83
193.723000	193.831000	55
193.831000	193.946000	85
193.932000	194.051000	86
193.935000	194.037000	55
193.935000	194.037000	64
194.041000	194.149000	85
194.142000	194.254000	83
194.146000	194.240000	64
194.146000	194.243000	55
194.243000	194.352000	81
194.349000	194.446000	55
194.349000	194.458000	79
194.350000	194.447000	64
194.447000	194.555000	78
194.548000	194.660000	76
194.551000	194.650000	64
194.552000	194.650000	55
194.651000	194.758000	78
194.748000	194.852000	64
194.748000	194.853000	55
194.748000	194.863000	79
194.853000	194.961000	78
194.951000	195.052000	56
194.951000	195.059000	76
194.952000	195.056000	64
195.056000	195.164000	74
195.154000	195.259000	56
195.154000	195.259000	64
195.154000	195.269000	73
195.260000	195.367000	71
195.360000	195.472000	73
195.364000	195.560000	57
195.461000	195.570000	74
195.560000	195.675000	73
195.561000	195.773000	55
195.665000	195.777000	69
195.774000	195.874000	74
195.776000	195.874000	54
195.973000	196.075000	50
196.182000	196.298000	79
196.183000	196.383000	49
196.284000	196.397000	81
196.385000	196.494000	79
196.386000	196.589000	45
196.490000	196.599000	76
196.589000	196.698000	79
196.590000	196.687000	50
196.687000	196.795000	78
196.788000	196.904000	76
196.791000	196.890000	54
196.890000	197.008000	74
197.002000	197.110000	73
197.002000	197.198000	57
197.096000	197.208000	74
197.198000	197.310000	73
197.199000	197.400000	55
197.303000	197.411000	69
197.401000	197.498000	54
197.401000	197.498000	74
197.604000	197.708000	50
197.810000	197.922000	79
197.813000	198.017000	49
197.912000	198.023000	81
198.017000	198.125000	79
198.017000	198.213000	45
198.114000	198.227000	76
198.213000	198.321000	79
198.216000	198.317000	50
198.318000	198.429000	78
198.415000	198.531000	76
198.416000	198.521000	54
198.521000	198.637000	74
198.622000	198.723000	73
198.626000	198.829000	57
198.626000	198.830000	45
198.629000	198.830000	52
198.724000	198.832000	76
198.832000	198.927000	73
198.927000	199.031000	69
199.032000	199.130000	78
199.032000	199.235000	57
199.035000	199.235000	50
199.036000	199.238000	54
199.131000	199.238000	81
199.239000	199.340000	78
199.340000	199.448000	74
199.452000	199.546000	73
199.453000	199.651000	57
199.453000	199.652000	45
199.453000	199.654000	52
199.550000	199.655000	76
199.658000	199.752000	73
199.753000	199.861000	69
199.861000	199.960000	78
199.865000	200.057000	54
199.865000	200.058000	50
199.866000	200.060000	57
199.960000	200.061000	81
200.064000	200.169000	78
200.169000	200.275000	74
200.275000	200.354000	76
200.278000	200.355000	73
200.484000	200.558000	76
200.485000	200.558000	81
200.485000	200.559000	73
200.485000	200.561000	52
200.488000	200.561000	45
200.488000	200.561000	49
200.489000	200.565000	57
200.683000	200.768000	81
200.688000	200.769000	73
200.688000	200.769000	76
200.690000	200.769000	52
200.690000	200.771000	49
200.691000	200.772000	45
200.691000	200.772000	57
200.894000	200.970000	73
200.894000	200.971000	76
200.897000	200.971000	81
200.897000	200.974000	52
200.897000	200.975000	49
200.901000	200.975000	45
200.901000	200.975000	57
201.097000	201.538000	81
201.098000	201.541000	73
201.100000	201.541000	76
201.100000	201.542000	49
201.101000	201.544000	57
201.104000	201.545000	45
201.104000	201.545000	52
201.546000	201.590000	79
201.593000	201.695000	78
201.696000	201.797000	76
201.797000	201.899000	78
201.899000	202.013000	79
202.018000	202.276000	62
202.018000	202.276000	80
202.231000	202.441000	81
202.234000	202.441000	66
202.442000	202.654000	64
202.655000	202.865000	67
202.655000	202.865000	81
202.865000	203.071000	86
202.866000	203.071000	66
203.068000	203.270000	85
203.071000	203.271000	69
203.271000	203.477000	83
203.272000	203.477000	62
203.480000	203.694000	81
203.480000	203.695000	66
203.695000	203.917000	78
203.697000	203.917000	64
203.908000	204.107000	79
203.911000	204.107000	71
204.108000	204.324000	67
204.328000	204.533000	79
204.328000	204.534000	64
204.538000	204.737000	81
204.538000	204.738000	61
204.740000	204.939000	79
204.740000	204.943000	64
204.944000	205.149000	78
204.944000	205.150000	57
205.150000	205.367000	76
205.153000	205.367000	67
205.368000	205.577000	66
205.368000	205.577000	73
205.574000	205.777000	74
205.577000	205.780000	69
205.780000	205.979000	61
205.980000	206.196000	76
205.980000	206.197000	69
206.197000	206.410000	77
206.200000	206.410000	62
206.399000	206.602000	78
206.403000	206.603000	69
206.603000	206.801000	59
206.752000	206.806000	81
206.808000	207.019000	79
206.809000	207.019000	62
207.022000	207.765000	78
207.022000	207.870000	57
207.236000	207.656000	62
207.446000	207.876000	66
207.653000	207.876000	79
207.656000	207.876000	62
207.765000	207.876000	78
207.869000	208.086000	76
207.870000	208.300000	61
207.991982	208.424982	57
208.087000	208.198000	78
208.303000	208.412000	79
208.513000	208.629000	80
208.745000	208.968000	62
208.745000	208.968000	80
208.968000	209.169000	65
209.025016	209.227016	81
209.169000	209.392000	64
209.389000	209.591000	81
209.390000	209.591000	67
209.592000	209.833000	86
209.595000	209.833000	65
209.801000	209.896000	84
209.802000	209.899000	69
210.005000	210.105000	82
210.005000	210.211000	62
210.211000	210.316000	81
210.214000	210.320000	65
210.424000	210.670000	78
210.425000	210.670000	64
210.638000	210.837000	79
210.638000	210.841000	70
210.842000	211.057000	67
211.062000	211.107000	81
211.062000	211.265000	64
211.108000	211.163000	79
211.164000	211.208000	78
211.208000	211.265000	79
211.266000	211.478000	61
211.266000	211.478000	81
211.471000	211.572000	79
211.472000	211.572000	64
211.673000	211.779000	77
211.677000	211.877000	57
211.877000	211.989000	76
211.880000	211.989000	61
212.097000	212.324000	79
212.098000	212.324000	62
212.315000	212.514000	77
212.317000	212.517000	69
212.517000	212.741000	60
212.739000	212.945000	69
212.739000	212.945000	76
212.948000	213.182000	73
212.952000	213.182000	58
213.152000	213.350000	74
213.154000	213.351000	65
213.353000	213.561000	64
213.561000	213.774000	80
213.564000	213.777000	62
213.777000	214.680000	80
213.781000	214.652000	57
213.998000	214.432000	62
214.212000	214.680000	65
214.432000	214.680000	62
214.717460	214.934460	81
214.717460	214.937460	61
214.870000	214.977000	43
214.873000	214.981000	55
215.079000	215.192000	42
215.083000	215.195000	54
215.303000	215.412000	52
215.304000	215.415000	40
215.517000	215.628000	78
215.517000	215.947000	50
215.517000	215.948000	38
215.629000	215.737000	81
215.737000	215.842000	80
215.843000	215.948000	81
215.950000	216.045000	83
216.045000	216.151000	81
216.151000	216.262000	80
216.154000	216.263000	74
216.263000	216.371000	81
216.371000	216.476000	79
216.374000	216.476000	76
216.477000	216.577000	81
216.581000	216.682000	79
216.584000	216.683000	74
216.686000	216.787000	81
216.791000	216.885000	79
216.792000	216.888000	73
216.888000	216.989000	81
216.991000	217.103000	79
216.993000	217.103000	69
217.106000	217.207000	81
217.208000	217.322000	78
217.208000	217.633000	74
217.323000	217.431000	81
217.434000	217.528000	80
217.532000	217.634000	81
217.637000	217.735000	83
217.735000	217.836000	81
217.840000	217.948000	80
217.840000	217.952000	62
217.953000	218.053000	81
218.053000	218.158000	79
218.057000	218.159000	64
218.159000	218.267000	81
218.270000	218.365000	79
218.271000	218.368000	62
218.368000	218.474000	81
218.474000	218.575000	79
218.475000	218.578000	61
218.579000	218.680000	81
218.680000	218.785000	79
218.683000	218.785000	57
218.786000	218.897000	81
218.898000	218.998000	62
218.898000	219.313000	74
219.111000	219.208000	68
219.209000	219.313000	69
219.317000	219.419000	71
219.419000	219.523000	69
219.524000	219.625000	68
219.524000	219.625000	86
219.628000	219.730000	69
219.730000	219.834000	88
219.734000	219.838000	67
219.839000	219.940000	69
219.941000	220.045000	86
219.943000	220.045000	67
220.046000	220.149000	69
220.150000	220.248000	67
220.150000	220.248000	85
220.249000	220.353000	69
220.353000	220.461000	81
220.354000	220.462000	67
220.464000	220.566000	69
220.570000	220.997000	86
220.571000	220.682000	66
220.682000	220.793000	69
220.794000	220.892000	68
220.893000	220.997000	69
220.998000	221.101000	71
221.102000	221.200000	69
221.201000	221.309000	50
221.201000	221.312000	68
221.312000	221.413000	69
221.414000	221.525000	52
221.417000	221.526000	67
221.529000	221.631000	69
221.631000	221.735000	50
221.632000	221.736000	67
221.736000	221.833000	69
221.834000	221.935000	49
221.834000	221.935000	67
221.938000	222.040000	69
222.044000	222.145000	45
222.044000	222.146000	67
222.149000	222.257000	69
222.257000	222.691000	50
222.258000	222.691000	66
222.695000	222.901000	66
222.695000	223.128000	81
222.797000	223.010000	74
222.988807	223.215807	66
223.010000	223.128000	74
223.119000	223.219000	64
223.119000	223.555000	79
223.219000	223.437000	74
223.332000	223.555000	64
223.437000	223.555000	74
223.548000	223.657000	62
223.548000	223.997000	78
223.657000	223.882000	74
223.766000	223.997000	62
223.882000	223.997000	74
223.993000	224.357000	83
223.997000	224.443000	67
224.102000	224.320000	74
224.319000	224.444000	85
224.320000	224.444000	74
224.357000	224.442000	83
224.400000	224.444000	81
224.442000	224.543000	83
224.443000	224.546000	67
224.546000	224.648000	74
224.648000	224.763000	85
224.651000	224.764000	73
224.766000	224.875000	74
224.875000	225.102000	88
224.876000	225.102000	67
224.980000	225.102000	74
225.093000	225.308000	73
225.093000	225.308000	86
225.195000	225.308000	74
225.299000	225.523000	85
225.380245	225.603245	67
225.408000	225.523000	74
225.516000	225.748000	73
225.516000	225.748000	83
225.631000	225.748000	74
225.747000	225.859000	66
225.747000	225.970000	81
225.862000	225.974000	74
225.974000	226.086000	73
226.089000	226.205000	74
226.205000	226.631000	81
226.206000	226.416000	66
226.303000	226.520000	74
226.416000	226.631000	66
226.520000	226.631000	74
226.622000	227.062000	79
226.625000	226.730000	64
226.733000	226.947000	74
226.835000	227.062000	64
226.947000	227.062000	74
227.053000	227.504000	78
227.055000	227.161000	62
227.164000	227.389000	74
227.280000	227.504000	62
227.389000	227.504000	74
227.500000	227.950000	76
227.501000	227.949000	55
227.609000	227.827000	64
227.721000	227.950000	59
227.826000	227.950000	83
227.827000	227.950000	64
227.949000	228.392000	55
227.949000	228.392000	81
228.050000	228.392000	79
228.053000	228.273000	64
228.162000	228.392000	78
228.165000	228.392000	59
228.271000	228.392000	76
228.273000	228.392000	64
228.383000	228.814000	74
228.385000	228.813000	57
228.491000	228.707000	66
228.596000	228.814000	62
228.707000	228.814000	66
228.813000	228.861000	76
228.813000	229.261000	57
228.862000	228.974000	78
228.924000	229.034000	76
228.925000	229.142000	67
228.974000	229.261000	78
229.034000	229.184000	76
229.035000	229.261000	61
229.103000	229.260000	74
229.142000	229.261000	67
229.184000	229.261000	76
229.260000	229.471000	74
229.261000	229.362000	62
229.363000	229.474000	69
229.474000	229.582000	66
229.583000	229.715000	69
229.716000	230.153000	69
229.719000	229.930000	54
229.821000	230.037000	62
229.930000	230.153000	54
230.143000	230.251000	52
230.143000	230.580000	67
230.171900	230.252000	62
230.252000	230.458000	62
230.356000	230.580000	52
230.458000	230.580000	62
230.570000	231.021000	66
230.574000	230.678000	50
230.681000	230.906000	62
230.797000	231.021000	50
230.906000	231.021000	62
231.017000	231.382000	71
231.021000	231.466000	55
231.126000	231.344000	62
231.232000	231.469000	61
231.344000	231.469000	62
231.344000	231.469000	73
231.382000	231.466000	71
231.424000	231.469000	69
231.466000	231.567000	71
231.570000	231.679000	62
231.679000	231.787000	73
231.680000	231.788000	61
231.790000	231.896000	62
231.899000	232.123000	76
231.903000	232.123000	55
232.012000	232.123000	62
232.117000	232.334000	61
232.117000	232.334000	74
232.219000	232.334000	62
232.330000	232.547000	73
232.331000	232.547000	55
232.432000	232.547000	62
232.540000	232.775000	71
232.541000	232.775000	61
232.656000	232.775000	62
232.771000	232.995000	69
232.772000	232.886000	54
232.887000	232.995000	62
232.999000	233.110000	61
233.114000	233.222000	62
233.223000	233.657000	69
233.223000	233.657000	81
233.226000	233.436000	42
233.331000	233.542000	50
233.436000	233.657000	42
233.542000	233.657000	50
233.650000	234.087000	67
233.650000	234.087000	79
233.651000	233.754000	40
233.758000	233.972000	50
233.860000	234.087000	40
233.972000	234.087000	50
234.078000	234.535000	66
234.080000	234.185000	38
234.080000	234.535000	78
234.186000	234.413000	50
234.301000	234.535000	38
234.413000	234.535000	50
234.531000	234.974000	64
234.532000	234.974000	43
234.532000	234.974000	76
234.633000	234.851000	52
234.742000	234.974000	47
234.851000	234.974000	52
234.851000	234.974000	83
234.973000	235.417000	81
234.974000	235.417000	43
235.075000	235.417000	79
235.077000	235.299000	52
235.186000	235.417000	78
235.189000	235.417000	47
235.298000	235.417000	76
235.299000	235.417000	52
235.406000	235.838000	74
235.407000	235.837000	45
235.516000	235.726000	54
235.620000	235.838000	50
235.726000	235.838000	54
235.834000	235.886000	76
235.837000	236.289000	45
235.890000	235.995000	78
235.947000	236.057000	76
235.949000	236.167000	55
235.995000	236.289000	78
236.057000	236.208000	76
236.058000	236.289000	49
236.132000	236.285000	74
236.167000	236.289000	55
236.208000	236.289000	76
236.283000	236.705000	69
236.285000	236.706000	74
236.285000	236.708000	66
236.286000	236.709000	38
236.286000	236.709000	50
236.289000	236.710000	45
237.128000	237.241000	79
237.129000	237.535000	62
237.132000	237.535000	66
237.227000	237.338000	78
237.332000	237.440000	76
237.429000	237.542000	78
237.538000	237.647000	81
237.538000	237.957000	64
237.539000	237.961000	67
237.633000	237.748000	79
237.737000	237.853000	78
237.850000	237.965000	79
237.962000	238.360000	81
237.962000	238.361000	69
237.963000	238.361000	66
238.766000	238.816000	81
238.969000	239.022000	83
239.173000	239.225000	85
239.375000	239.428000	86
239.586000	240.388000	81
239.586000	240.390000	54
239.782000	240.188000	62
239.988000	240.390000	78
239.989000	240.390000	50
240.388000	240.489000	81
240.390000	240.586000	52
240.489000	240.587000	79
240.591000	240.688000	78
240.593000	240.790000	62
240.689000	240.793000	79
240.794000	240.842000	81
240.797000	240.846000	57
240.996000	241.048000	79
240.997000	241.049000	61
241.210000	241.420000	77
241.210000	241.615000	62
241.210000	241.616000	50
241.421000	241.619000	78
242.018000	242.134000	79
242.019000	242.120000	62
242.019000	242.123000	66
242.123000	242.231000	78
242.217000	242.336000	76
242.222000	242.322000	62
242.222000	242.322000	66
242.326000	242.435000	78
242.424000	242.525000	64
242.424000	242.532000	81
242.425000	242.530000	67
242.530000	242.637000	79
242.623000	242.746000	78
242.627000	242.736000	67
242.628000	242.736000	64
242.739000	242.858000	79
242.847000	243.253000	81
242.848000	243.254000	66
242.848000	243.254000	69
243.660000	243.712000	81
243.862000	243.908000	83
244.066000	244.115000	85
244.261000	244.314000	86
244.471000	245.281000	81
244.476000	245.284000	54
244.675000	245.077000	62
244.881000	245.284000	78
244.882000	245.284000	50
245.077000	245.284000	62
245.281000	245.378000	81
245.281000	245.483000	52
245.378000	245.484000	79
245.484000	245.581000	78
245.487000	245.679000	62
245.582000	245.679000	79
245.680000	245.784000	81
245.683000	245.882000	57
245.785000	245.885000	79
245.885000	245.987000	78
245.886000	246.092000	61
245.988000	246.093000	76
246.093000	246.193000	74
246.095000	246.197000	54
246.200000	246.295000	76
246.201000	246.295000	62
246.296000	246.400000	78
246.299000	246.400000	57
246.401000	246.498000	79
246.403000	246.501000	62
246.502000	246.603000	81
246.502000	246.604000	54
246.604000	246.701000	83
246.607000	246.701000	62
246.702000	246.800000	85
246.705000	246.803000	57
246.803000	246.908000	86
246.804000	246.911000	62
246.912000	247.734000	86
246.915000	247.321000	55
247.016000	247.213000	62
247.115000	247.521000	59
247.213000	247.416000	62
247.318000	247.734000	83
247.321000	247.734000	55
247.416000	247.622000	62
247.521000	247.734000	59
247.618000	247.734000	79
247.622000	247.734000	62
247.731000	248.546000	78
247.734000	247.828000	57
247.829000	248.025000	66
247.926000	248.330000	62
248.130000	248.546000	81
248.132000	248.539000	57
248.228000	248.427000	66
248.330000	248.546000	62
248.427000	248.546000	66
248.427000	248.546000	74
248.536000	249.348000	76
248.539000	248.941000	57
248.637000	248.837000	67
248.735000	249.134000	64
248.837000	249.036000	67
248.938000	249.348000	79
248.941000	249.348000	57
249.036000	249.242000	67
249.134000	249.348000	64
249.239000	249.348000	73
249.242000	249.348000	67
249.344000	249.445000	74
249.345000	249.449000	54
249.449000	249.550000	76
249.452000	249.551000	62
249.554000	249.655000	78
249.555000	249.659000	57
249.659000	249.760000	79
249.660000	249.761000	62
249.763000	249.865000	81
249.764000	249.866000	54
249.866000	249.963000	83
249.869000	249.963000	62
249.964000	250.061000	85
249.967000	250.065000	57
250.065000	250.173000	86
250.066000	250.173000	62
250.174000	250.282000	88
250.177000	250.285000	55
250.285000	250.379000	86
250.288000	250.383000	62
250.384000	250.481000	59
250.384000	250.481000	85
250.482000	250.586000	86
250.485000	250.586000	62
250.586000	250.684000	85
250.590000	250.685000	55
250.685000	250.782000	83
250.687000	250.783000	62
250.786000	250.887000	81
250.787000	250.887000	59
250.888000	250.992000	79
250.891000	250.993000	62
250.993000	251.100000	78
250.995000	251.101000	57
251.101000	251.199000	79
251.104000	251.199000	66
251.202000	251.301000	62
251.202000	251.301000	80
251.301000	251.401000	81
251.302000	251.405000	66
251.406000	251.500000	79
251.406000	251.503000	57
251.503000	251.609000	78
251.507000	251.609000	66
251.609000	251.706000	76
251.610000	251.707000	62
251.707000	251.815000	74
251.709000	251.815000	66
251.816000	251.917000	75
251.818000	251.917000	57
251.918000	252.017000	76
251.918000	252.021000	67
252.022000	252.116000	78
252.022000	252.119000	64
252.119000	252.221000	79
252.120000	252.221000	67
252.224000	252.322000	78
252.224000	252.323000	57
252.323000	252.420000	76
252.324000	252.421000	67
252.421000	252.521000	74
252.424000	252.525000	64
252.525000	252.633000	73
252.526000	252.638000	67
252.638000	252.851000	74
252.638000	253.291000	62
252.639000	253.291000	66
252.740000	253.291000	69
252.851000	253.291000	74
252.953000	253.169000	78
253.068000	253.291000	81
253.169000	253.291000	78
253.275000	253.390000	79
253.276000	253.391000	57
253.278000	253.391000	64
253.391000	253.498000	76
253.498000	253.715000	74
253.502000	254.177000	62
253.502000	254.177000	66
253.611000	254.177000	69
253.715000	254.177000	74
253.824000	254.041000	78
253.933000	254.177000	81
254.041000	254.177000	78
254.149000	254.264000	79
254.150000	254.265000	57
254.153000	254.265000	64
254.269000	254.373000	76
254.377000	254.611000	74
254.378000	254.614000	66
254.380000	254.618000	62
254.850000	255.140000	85
254.853000	255.140000	76
254.853000	255.140000	79
254.856000	255.140000	46
254.856000	255.140000	58
255.357000	255.700000	78
255.358000	255.700000	74
255.358000	255.700000	86
255.360000	255.700000	47
255.360000	255.700000	59
256.354000	256.585000	79
256.355000	256.585000	71
256.358000	257.285000	43
256.358000	257.286000	55
256.575000	256.690000	69
256.579000	256.690000	78
256.812000	257.051000	69
256.813000	257.051000	78
257.044000	257.162000	76
257.044000	257.163000	67
257.286000	257.526000	76
257.287000	257.526000	67
257.289000	258.307000	45
257.290000	258.307000	57
257.519000	257.642000	74
257.520000	257.642000	66
257.771000	258.038000	66
257.772000	258.038000	74
258.024000	258.167000	64
258.024000	258.168000	73
258.308000	259.518000	67
258.308000	259.518000	73
258.311000	259.518000	50
258.311000	259.518000	64
258.853000	259.518000	45
259.483000	260.053000	66
259.484000	260.054000	38
259.484000	260.054000	74
