OnsetTime	OffsetTime	MidiPitch
0.516996	0.600990	76
0.517989	0.604999	79
0.845983	0.929990	76
0.845983	0.929990	79
1.175000	1.415990	72
1.178000	1.416990	76
1.182000	1.258990	57
1.182000	1.258990	60
1.489980	1.577980	60
1.489980	1.580990	57
1.826000	1.902990	74
1.826000	1.902990	77
1.828990	1.982970	57
1.832980	1.983980	53
2.140980	2.221980	74
2.140980	2.224990	77
2.458980	2.696980	71
2.462980	2.539970	55
2.462980	2.700970	74
2.463970	2.539970	59
2.780980	2.861990	55
2.780980	2.861990	59
3.103000	3.278000	72
3.106990	3.259990	52
3.106990	3.260990	55
3.263980	3.435980	74
3.417990	3.585970	76
3.575980	3.743980	72
3.725970	3.900980	69
3.726970	4.653970	53
3.883980	4.054980	71
4.040970	4.205990	72
4.191970	4.359990	73
4.345970	4.513970	74
4.499990	4.670980	76
4.654960	4.828970	77
4.656960	4.968970	50
4.811970	4.978960	74
4.969960	5.136980	72
4.969960	5.276970	55
5.122970	5.290970	71
5.277970	5.455980	69
5.437970	5.598970	67
5.602980	5.682960	76
5.602980	5.683970	79
5.927970	6.004960	76
5.928970	6.007960	79
6.249970	6.480960	72
6.250970	6.484960	76
6.252970	6.326960	60
6.253960	6.327970	57
6.564970	6.644960	60
6.565970	6.648960	57
6.886950	6.970950	77
6.890950	6.971950	81
6.893950	7.047940	53
6.894940	7.047940	50
7.208940	7.288930	77
7.209940	7.292930	81
7.526930	7.765930	71
7.530920	7.765930	74
7.531930	7.610920	55
7.531930	7.611910	59
7.845910	7.929920	55
7.846910	7.930920	59
8.177930	8.346920	81
8.178920	8.335920	48
8.178920	8.335920	52
8.336910	8.506910	79
8.492930	8.664940	77
8.647930	8.804920	76
8.805930	8.972920	73
8.805930	9.748900	57
8.807920	9.748900	53
8.961920	9.129920	74
9.118930	9.287910	76
9.269920	9.427900	77
9.427900	9.748900	69
9.582910	9.748900	72
9.742900	10.065900	71
9.743910	10.065900	65
9.745910	10.065900	55
9.897910	10.065900	74
10.061900	10.390900	72
10.064900	10.390900	60
10.064900	10.390900	64
10.393900	10.568900	48
10.750900	10.830900	76
10.751900	10.831900	79
11.072900	11.163900	76
11.075900	11.164900	79
11.404900	11.643900	72
11.405900	11.643900	76
11.409900	11.485900	60
11.409900	11.486900	57
11.723900	11.807900	60
11.724900	11.808900	57
12.055900	12.129900	74
12.056900	12.130900	77
12.056900	12.210900	57
12.059900	12.213900	53
12.366900	12.451900	74
12.367900	12.452900	77
12.692900	12.924900	71
12.693900	12.927900	74
12.697900	12.769900	55
12.697900	12.770900	59
13.008900	13.088900	55
13.008900	13.089900	59
13.330900	13.508900	72
13.333900	13.494900	52
13.337900	13.497900	55
13.498900	13.670900	74
13.652900	13.827900	76
13.809900	13.974900	72
13.966900	14.134900	69
13.967900	14.894900	53
14.113900	14.288900	71
14.271900	14.446900	72
14.428900	14.596900	73
14.586900	14.754900	74
14.743900	14.912900	76
14.894900	15.062900	77
14.895900	15.202900	50
15.051900	15.220900	74
15.202900	15.373900	72
15.203900	15.514900	55
15.356900	15.535900	71
15.517900	15.688900	69
15.671900	15.836900	67
15.836900	15.915900	76
15.837900	15.916900	79
16.158900	16.237900	76
16.161900	16.241900	79
16.487900	16.721900	72
16.487900	16.721900	76
16.488900	16.563900	60
16.488900	16.567900	57
16.798900	16.879900	57
16.798900	16.879900	60
17.124900	17.203900	77
17.124900	17.207900	81
17.125900	17.284900	53
17.127900	17.285900	50
17.442900	17.523900	77
17.442900	17.523900	81
17.761900	18.005900	71
17.761900	18.005900	74
17.764900	17.845900	55
17.764900	17.845900	59
18.083900	18.163900	55
18.083900	18.163900	59
18.412900	18.565900	48
18.412900	18.586900	81
18.413900	18.570900	52
18.572900	18.744900	79
18.730900	18.905900	77
18.887900	19.045900	76
19.045900	19.216900	73
19.046900	19.997900	57
19.049900	19.997900	53
19.202900	19.374900	74
19.357900	19.531900	76
19.514900	19.672900	77
19.672900	19.997900	69
19.830900	19.997900	72
19.988900	20.312900	71
19.990900	20.312900	55
19.990900	20.312900	65
20.148900	20.312900	74
20.309900	20.634900	72
20.310900	20.638900	60
20.310900	20.638900	64
20.639900	20.802900	48
20.967900	21.141900	76
20.967900	21.142900	60
21.124900	21.292900	78
21.125900	21.293900	67
21.275900	21.348900	79
21.276900	21.446900	64
21.432900	21.512900	79
21.432900	21.600900	67
21.600900	21.768900	81
21.601900	21.769900	59
21.751900	21.922900	79
21.751900	21.926900	67
21.908900	22.075900	78
21.909900	22.076900	62
22.062900	22.230900	76
22.066900	22.230900	67
22.233900	22.307900	74
22.234900	22.397900	54
22.384900	22.457900	74
22.384900	22.552900	62
22.538900	22.615900	74
22.541900	22.706900	57
22.692900	22.772900	74
22.692900	22.849900	62
22.853900	23.028900	76
22.856900	23.028900	55
23.011900	23.182900	74
23.011900	23.185900	62
23.164900	23.340900	72
23.165900	23.343900	59
23.322900	23.490900	71
23.322900	23.491900	62
23.493900	23.658900	88
23.494900	23.658900	47
23.644900	23.815900	86
23.644900	23.816900	55
23.798900	23.973900	84
23.799900	23.973900	50
23.956900	24.116900	83
23.956900	24.117900	55
24.117900	24.292900	80
24.121900	24.295900	48
24.274900	24.442900	81
24.274900	24.443900	57
24.431900	24.600800	83
24.432900	24.600800	52
24.582900	24.750900	84
24.582900	24.751800	57
24.753800	24.925900	76
24.754800	24.925900	49
24.908800	25.075800	78
24.908800	25.080800	57
25.065800	25.240800	79
25.066800	25.240800	52
25.219800	25.383900	81
25.223800	25.384800	57
25.384800	25.555800	79
25.387800	25.702800	50
25.545800	25.719900	78
25.703800	25.877800	76
25.867900	26.031900	74
26.035900	26.115800	83
26.035900	26.116800	86
26.360800	26.437800	83
26.361900	26.441900	86
26.686800	26.759800	67
26.686800	26.913900	79
26.686800	26.917800	83
26.687800	26.760800	64
26.997800	27.077800	67
26.998800	27.081800	64
27.322800	27.403800	81
27.323800	27.404800	84
27.323800	27.480800	64
27.327800	27.480800	60
27.642800	27.721800	81
27.642800	27.725800	84
27.966800	28.205800	78
27.967800	28.047800	62
27.967800	28.205800	81
27.971800	28.051800	66
28.286800	28.365800	62
28.289800	28.369800	66
28.617800	28.789800	79
28.618800	28.772800	59
28.618800	28.775800	62
28.776800	28.950800	81
28.929800	29.104800	83
29.087800	29.248800	79
29.248800	29.423800	75
29.252800	29.871800	48
29.252800	30.197800	55
29.405800	29.580800	76
29.563800	29.731800	79
29.713800	29.871800	76
29.871800	30.197800	74
29.875800	30.508800	50
30.029800	30.197800	71
30.186800	30.508800	72
30.187800	30.508800	54
30.343800	30.508800	69
30.508800	30.672800	67
30.508800	30.673800	55
30.834800	31.015800	43
31.193800	31.351800	67
31.352800	31.512800	69
31.513800	31.670800	71
31.671800	31.845800	72
31.845800	32.171800	74
31.849800	32.006800	55
31.849800	32.009800	59
32.171800	32.331800	43
32.495800	32.653800	71
32.653800	32.808800	72
32.811800	32.972800	74
32.973800	33.132800	76
33.133800	33.458800	77
33.136800	33.297800	55
33.137800	33.297800	59
33.459800	33.619800	43
33.783800	33.948800	74
33.948800	34.102800	76
34.103800	34.260800	77
34.263800	34.428800	79
34.428800	34.515800	81
34.764800	34.847800	80
35.099800	35.194800	79
35.474800	35.565800	78
35.845800	36.279800	77
36.714800	36.800800	76
36.717800	36.805800	79
37.050800	37.136800	76
37.053800	37.141800	79
37.395800	37.634800	72
37.396800	37.469800	60
37.396800	37.634800	76
37.397800	37.473800	57
37.707800	37.795800	60
37.708800	37.796800	57
38.043800	38.120800	74
38.047800	38.121800	77
38.047800	38.201800	53
38.047800	38.201800	57
38.355800	38.438800	74
38.359800	38.439800	77
38.677800	38.757800	55
38.677800	38.915800	71
38.677800	38.915800	74
38.680800	38.761800	59
38.995800	39.072800	55
38.999800	39.073800	59
39.320800	39.496800	72
39.321800	39.478800	52
39.325800	39.479800	55
39.479800	39.654800	74
39.635800	39.804800	76
39.793800	39.962800	72
39.944800	40.115800	69
39.944800	40.872800	53
40.098800	40.266800	71
40.256800	40.423800	72
40.406800	40.581800	73
40.564800	40.731800	74
40.721800	40.889800	76
40.872800	41.043800	77
40.875800	41.183800	50
41.028800	41.204800	74
41.186800	41.350800	72
41.186800	41.491800	55
41.343800	41.508800	71
41.494800	41.672800	69
41.655800	41.820800	67
41.820800	41.897800	76
41.821800	41.901800	79
42.142800	42.226800	76
42.142800	42.226800	79
42.467800	42.705800	72
42.471800	42.541800	60
42.471800	42.705800	76
42.472800	42.545800	57
42.779800	42.862800	60
42.782800	42.863800	57
43.108800	43.185800	77
43.108800	43.189800	81
43.109800	43.268800	53
43.109800	43.269800	50
43.426800	43.506700	77
43.426800	43.507800	81
43.745700	43.990700	71
43.745700	43.990700	74
43.746700	43.826700	55
43.748700	43.828700	59
44.070700	44.150700	55
44.070700	44.151700	59
44.396700	44.556700	48
44.396700	44.567700	81
44.399700	44.557700	52
44.560700	44.732700	79
44.714700	44.889700	77
44.871700	45.033800	76
45.036700	45.207800	73
45.037800	45.981700	53
45.037800	45.981700	57
45.190700	45.358800	74
45.341800	45.515800	76
45.499800	45.656800	77
45.656800	45.981700	69
45.810800	45.981700	72
45.972700	46.294700	65
45.972700	46.294700	71
45.974700	46.294700	55
46.125800	46.294700	74
46.290700	46.618700	72
46.293700	46.619700	64
46.294700	46.619700	60
46.622700	46.796700	48
46.979700	47.060700	64
46.980700	47.063700	60
47.297700	47.378700	64
47.301700	47.378700	60
47.630700	47.784700	60
47.630700	47.797700	76
47.631700	47.784700	57
47.787700	47.955700	75
47.938700	48.109700	77
48.091700	48.256700	76
48.256700	48.337700	59
48.257700	48.337700	62
48.568700	48.652700	59
48.568700	48.652700	62
48.900700	49.050700	56
48.900700	49.068700	76
48.901700	49.051700	59
49.051700	49.219700	75
49.208700	49.377700	77
49.359700	49.527700	76
49.527700	49.607700	84
49.528700	49.607700	76
49.845700	49.933700	84
49.846700	49.933700	76
50.178700	50.336700	81
50.179700	50.336700	72
50.179700	50.353700	64
50.336700	50.503700	63
50.489700	50.665700	65
50.647700	50.804700	64
50.805700	50.885700	74
50.805700	50.885700	83
51.116700	51.203700	74
51.117700	51.203700	83
51.448700	51.603700	71
51.449700	51.606700	80
51.449700	51.624700	64
51.606700	51.777700	63
51.763700	51.935700	65
51.918700	52.078700	64
52.082700	52.721700	81
52.083700	52.721700	60
52.085700	52.721700	64
52.240700	52.721700	76
52.394700	52.719700	72
52.555700	52.721700	69
52.719700	52.873700	72
52.720700	53.338700	62
52.720700	53.343700	65
52.870700	53.020700	70
53.021700	53.100700	70
53.178700	53.343700	70
53.345700	53.521700	74
53.346700	53.971800	64
53.346700	53.972700	67
53.499700	53.653700	73
53.654700	53.737700	73
53.811700	53.892700	73
53.975700	54.165700	76
53.976700	54.293700	65
53.979700	55.239800	69
54.129700	54.214700	74
54.294700	54.473800	77
54.294700	54.605700	61
54.451700	54.529800	76
54.606800	54.809800	79
54.609700	54.927800	62
54.763700	54.844800	77
54.928800	55.124800	77
54.928800	55.239800	64
55.081800	55.166800	76
55.239800	55.403700	76
55.242700	55.588800	69
55.243800	55.589800	65
55.404800	55.495700	75
55.589800	56.278700	84
55.936800	56.278700	69
56.009070	56.352070	65
56.276800	56.607700	75
56.608800	57.286700	76
56.612800	57.286700	52
56.779700	57.115700	64
56.948700	57.286700	56
57.115700	57.286700	64
57.284700	57.927700	59
57.284700	57.927700	83
57.441700	57.750700	64
57.441700	57.927700	80
57.592700	57.927700	76
57.594700	57.927700	56
57.749700	57.927700	74
57.750700	57.927700	64
57.917700	58.557700	72
57.920700	58.557700	52
58.068700	58.557700	76
58.071700	58.383700	64
58.225700	58.544700	81
58.228700	58.557700	57
58.382700	58.557700	80
58.383700	58.557700	64
58.544700	59.197700	81
58.546700	59.197700	60
58.701700	59.197700	76
58.702700	59.016700	64
58.859700	59.197700	57
58.859700	59.197700	72
59.013700	59.197700	69
59.016700	59.197700	64
59.181700	59.831700	68
59.184700	59.831700	52
59.345700	59.831700	71
59.348700	59.649700	64
59.496700	59.831700	76
59.498700	59.831700	56
59.649700	59.831700	64
59.649700	59.831700	80
59.816700	60.464700	83
59.817700	60.464700	59
59.972700	60.464700	80
59.974700	60.280700	64
60.124700	60.464700	76
60.125700	60.464700	56
60.280700	60.464700	64
60.280700	60.464700	74
60.454700	61.101700	72
60.457700	61.101700	52
60.609700	61.101700	76
60.611700	60.919700	64
60.768700	61.092700	81
60.769700	61.101700	57
60.917700	61.101700	80
60.919700	61.101700	64
61.092700	61.746700	81
61.095700	61.746700	60
61.255700	61.746700	76
61.256700	61.577700	64
61.413700	61.746700	57
61.413700	61.746700	72
61.574700	61.746700	69
61.577700	61.741700	64
61.741700	62.061700	64
61.745700	62.061700	52
62.414700	62.494700	72
62.415700	62.498700	76
62.739700	62.827700	72
62.740700	62.828700	76
63.075700	63.233700	69
63.076700	63.234700	72
63.079700	63.251700	64
63.234700	63.404700	63
63.390700	63.562700	65
63.545700	63.709700	64
63.710700	63.782700	71
63.710700	63.786700	74
64.020700	64.104700	71
64.024700	64.105700	74
64.346700	64.503700	68
64.350700	64.504700	71
64.350700	64.521700	64
64.507700	64.678700	63
64.660700	64.829700	65
64.811700	64.986700	64
64.987700	65.067700	52
64.987700	65.068700	60
65.304700	65.385700	52
65.305700	65.386700	60
65.634700	65.802700	64
65.638700	65.791700	48
65.638700	65.792700	57
65.795700	65.960700	63
65.948700	66.117700	65
66.106700	66.260700	64
66.261700	66.344700	50
66.264700	66.345700	59
66.576700	66.663700	50
66.576700	66.664700	59
66.908700	67.062700	88
66.908700	67.065700	47
66.908700	67.066700	56
67.069700	67.220700	87
67.220700	67.377700	89
67.378700	67.538700	88
67.542700	67.695700	86
67.543700	68.172700	56
67.544700	68.172700	59
67.696700	67.853700	85
67.853700	68.010700	88
68.011700	68.175700	86
68.175700	68.333700	86
68.179700	68.487700	57
68.179700	68.487700	60
68.330700	68.445700	84
68.487700	68.559700	84
68.490700	68.805700	59
68.490700	68.805700	62
68.644700	68.809700	83
68.809700	68.980700	83
68.810700	69.113700	60
68.810700	69.432800	64
68.955700	69.113700	81
69.117700	69.187700	81
69.117700	69.432800	61
69.270700	69.351700	79
69.433700	69.624700	79
69.435700	69.750800	62
69.435700	70.706800	69
69.590700	69.669700	77
69.754800	69.925700	77
69.755700	70.065800	64
69.904700	69.984700	76
70.065800	70.268700	76
70.069800	70.384800	65
70.223800	70.303700	74
70.384800	70.583700	74
70.385800	70.706800	64
70.538800	70.621800	72
70.707800	70.867700	70
70.707800	71.371700	65
70.709800	71.371700	62
70.867700	71.035800	77
71.038700	71.202700	70
71.203700	71.374700	67
71.374700	71.714700	69
71.378700	71.714700	60
71.378700	72.043700	52
71.710700	72.046700	68
71.711700	72.046700	59
72.046700	72.729700	69
72.050700	72.729700	57
72.218700	72.558700	60
72.386700	72.729700	64
72.558700	72.729700	60
72.725700	73.202700	68
72.726700	73.380700	52
72.883700	73.380700	74
72.884700	73.204700	59
73.040700	73.380700	71
73.041700	73.380700	62
73.202700	73.380700	68
73.370700	74.034700	69
73.373700	74.034700	57
73.531700	73.852700	60
73.689700	74.034700	64
73.852700	74.034700	60
74.024700	74.496700	68
74.025700	74.678700	52
74.184700	74.678700	74
74.185700	74.497700	59
74.340700	74.678700	71
74.342700	74.678700	62
74.496700	74.678700	68
74.497700	74.678700	59
74.669700	75.336600	69
74.671700	75.336600	57
74.826700	75.144700	60
74.990700	75.336600	64
75.144700	75.336600	60
75.319700	75.792700	68
75.322700	75.973700	52
75.477700	75.973700	74
75.479700	75.792700	59
75.634700	75.973700	71
75.635700	75.973700	62
75.792700	75.973700	59
75.792700	75.973700	68
75.966700	76.436600	69
75.966700	76.649700	57
76.121700	76.649700	76
76.123600	76.437600	60
76.279600	76.649700	72
76.281600	76.649700	64
76.436600	76.649700	69
76.437600	76.649700	60
76.635600	77.118700	71
76.635600	77.296600	55
76.796700	77.296600	77
76.797700	77.121700	62
76.958700	77.296600	74
76.960700	77.296600	65
77.118700	77.296600	71
77.121700	77.296600	62
78.353700	78.433600	76
78.354600	78.437600	79
78.692600	78.777600	76
78.693600	78.778600	79
79.032600	79.270600	72
79.035600	79.274600	76
79.036600	79.109600	60
79.036600	79.110600	57
79.347600	79.435600	60
79.348600	79.436600	57
79.676600	79.760600	74
79.679600	79.761600	77
79.680600	79.834600	57
79.684600	79.837600	53
79.998600	80.072600	74
79.999600	80.075600	77
80.316600	80.554600	71
80.317600	80.555600	74
80.320600	80.397600	55
80.321600	80.398600	59
80.628600	80.712600	55
80.631600	80.713600	59
80.960600	81.129600	72
80.961600	81.111600	52
80.964600	81.111600	55
81.112600	81.286600	74
81.272600	81.444600	76
81.426600	81.597600	72
81.580600	81.752600	69
81.584600	82.511600	53
81.738600	81.905600	71
81.888600	82.063600	72
82.046600	82.213600	73
82.197600	82.371600	74
82.354600	82.528600	76
82.512600	82.679600	77
82.512600	82.827600	50
82.669600	82.837600	74
82.827600	82.994600	72
82.828600	83.134600	55
82.977600	83.149600	71
83.134600	83.313600	69
83.295600	83.456600	67
83.456600	83.536600	76
83.460600	83.537600	79
83.782600	83.862600	76
83.786600	83.865600	79
84.100600	84.338600	72
84.104600	84.184600	60
84.104600	84.185600	57
84.104600	84.338600	76
84.422600	84.502600	60
84.422600	84.503600	57
84.748600	84.828600	77
84.748600	84.829600	81
84.749600	84.901600	53
84.749600	84.905600	50
85.066600	85.146600	77
85.066600	85.147600	81
85.385600	85.623600	71
85.385600	85.623600	74
85.388600	85.466600	55
85.388600	85.466600	59
85.703600	85.784600	55
85.703600	85.788600	59
86.036600	86.189600	48
86.036600	86.210600	81
86.037600	86.193600	52
86.194600	86.372600	79
86.354600	86.525600	77
86.511600	86.673600	76
86.673600	86.840600	73
86.676600	87.618600	53
86.676600	87.618600	57
86.823600	86.998600	74
86.981600	87.148600	76
87.138600	87.296600	77
87.296600	87.618600	69
87.447600	87.618600	72
87.611600	87.934600	71
87.614600	87.934600	55
87.614600	87.934600	65
87.765600	87.934600	74
87.933600	88.258600	64
87.933600	88.258600	72
87.934600	88.259600	60
88.262600	88.436600	48
88.612600	89.085600	71
88.612600	89.256600	53
88.770600	89.256600	77
88.772600	89.085600	59
88.927600	89.256600	74
88.930600	89.256600	55
89.085600	89.256600	59
89.085600	89.256600	71
89.253600	89.896600	52
89.253600	89.896600	81
89.403600	89.896600	79
89.406600	89.714600	60
89.561600	89.896600	77
89.562600	89.896600	55
89.711600	89.896600	76
89.714600	89.896600	60
89.875600	90.188600	74
89.875600	90.516600	53
90.030600	90.516600	77
90.033600	90.346600	59
90.188600	90.516600	74
90.190600	90.516600	55
90.345600	90.516600	71
90.346600	90.516600	59
90.513600	91.156600	81
90.514600	91.156600	52
90.663600	91.156600	79
90.666600	90.975600	60
90.814600	91.156600	77
90.817600	91.156600	55
90.971600	91.156600	76
90.975600	91.156600	60
91.140600	91.773600	86
91.142600	91.773600	53
91.297600	91.773600	84
91.298600	91.611600	62
91.454600	91.773600	83
91.455600	91.773600	57
91.608600	91.770600	81
91.611600	91.773600	62
91.770600	92.087600	81
91.772600	92.087600	55
91.930600	92.087600	64
91.930600	92.087600	79
92.085600	92.164600	77
92.087600	92.242600	60
92.242600	92.325600	76
92.243600	92.409600	64
92.409600	92.732600	76
92.410600	92.732600	55
92.567600	92.732600	74
92.571600	92.732600	65
92.731600	92.801600	72
92.732600	92.886600	62
92.886600	92.976600	71
92.887600	93.067600	65
93.071600	93.417600	74
93.074600	93.417600	60
93.239600	93.417600	67
93.408600	93.747600	72
93.410600	93.747600	64
93.575600	93.747600	67
93.744600	93.900600	71
93.746600	93.901600	53
93.904600	94.218600	59
93.904600	94.388600	77
94.059600	94.388600	74
94.061600	94.388600	55
94.216600	94.388600	71
94.218600	94.388600	59
94.383600	95.034600	81
94.387600	95.034600	52
94.541600	95.034600	79
94.545600	94.850600	60
94.696600	95.034600	77
94.698600	95.034600	55
94.849600	95.034600	76
94.850600	95.034600	60
95.011600	95.326600	74
95.013600	95.648600	53
95.168600	95.648600	77
95.171600	95.483600	59
95.326600	95.648600	74
95.328600	95.648600	55
95.480600	95.648600	71
95.483600	95.648600	59
95.643600	96.291600	81
95.647600	96.291600	52
95.801600	96.291600	79
95.802600	96.116600	60
95.956600	96.291600	77
95.959600	96.291600	55
96.116600	96.291600	60
96.116600	96.291600	76
96.284600	96.918600	86
96.285600	96.918600	53
96.439600	96.918600	84
96.442600	96.754600	62
96.596600	96.918600	83
96.599600	96.918600	57
96.753600	96.915600	81
96.754600	96.918600	62
96.915600	97.233600	81
96.917600	97.233600	55
97.072600	97.233600	79
97.075600	97.233600	64
97.230600	97.306600	77
97.232600	97.383600	60
97.383600	97.464600	76
97.384600	97.554600	64
97.555600	97.877600	55
97.555600	97.877600	76
97.712600	97.877600	65
97.712600	97.877600	74
97.874600	97.946600	72
97.876600	98.027600	62
98.027600	98.114600	71
98.030600	98.202600	65
98.203600	98.664600	72
98.206600	98.664600	60
98.356600	98.818600	64
98.356600	99.455600	76
98.514600	98.975600	67
98.514600	98.979600	55
98.664600	99.126600	60
98.664600	99.455600	72
98.818600	99.283600	64
98.821600	99.287600	52
98.975600	99.452600	67
98.979600	99.454600	55
99.126600	99.455600	60
99.129600	99.455600	48
99.283600	99.455600	64
99.287600	99.455600	52
99.452600	100.124000	67
99.454600	100.124000	55
99.609600	99.763600	72
99.763600	100.124000	72
99.767600	99.918600	76
99.918600	100.098000	76
99.920600	100.099000	79
100.098000	100.420000	76
100.099000	100.449000	79
100.100000	100.449000	43
100.254000	100.449000	74
100.257000	100.449000	77
100.419000	100.495000	72
100.420000	100.496000	76
100.576000	100.657000	71
100.576000	100.660000	74
100.733000	101.206000	72
100.734000	101.207000	60
100.894000	101.357000	64
100.894000	101.998000	76
101.049000	101.515000	67
101.051000	101.515000	55
101.206000	101.998000	72
101.207000	101.669000	60
101.357000	101.829000	64
101.360000	101.830000	52
101.515000	101.997000	55
101.515000	101.997000	67
101.669000	101.998000	60
101.672000	101.998000	48
101.829000	101.998000	64
101.830000	101.998000	52
101.997000	102.680000	55
101.997000	102.680000	67
102.152000	102.312000	72
102.312000	102.474000	76
102.312000	102.680000	72
102.474000	102.646000	76
102.474000	102.648000	79
102.646000	102.974000	76
102.648000	102.997000	43
102.648000	102.997000	79
102.806000	102.997000	74
102.810000	102.997000	77
102.974000	103.050000	72
102.974000	103.051000	76
103.131000	103.222000	71
103.132000	103.226000	74
103.313000	103.998000	72
103.313000	104.745000	36
103.314000	104.748000	48
103.653000	104.749000	76
103.653000	104.749000	79
103.653000	104.749000	84
103.656000	104.357000	40
103.656000	104.359000	52
103.996000	104.357000	64
103.998000	104.357000	72
103.999000	104.749000	43
103.999000	104.749000	55
104.357000	104.745000	64
104.357000	104.745000	72
104.357000	104.749000	40
104.359000	104.749000	52
104.745000	105.780000	36
104.745000	105.780000	64
104.745000	105.780000	72
104.748000	105.780000	48
