OnsetTime	OffsetTime	MidiPitch
0.822996	4.869000	65
0.824002	4.869000	68
1.757000	4.420990	80
1.757990	3.536990	77
3.536990	5.278000	77
3.536990	5.283000	73
4.869000	8.641980	69
4.873000	8.642980	66
5.285000	5.676990	72
5.285990	5.678000	75
5.678000	6.104990	73
5.678990	6.107980	77
6.107980	9.079980	75
6.108990	9.079980	72
8.642980	12.513000	65
8.645970	12.514000	68
9.080990	9.488990	73
9.080990	9.489980	70
9.491980	9.887980	75
9.492990	9.890970	72
9.891980	13.333000	70
9.894970	11.866000	73
10.564000	12.233000	77
11.866000	13.336000	73
12.517000	16.286000	63
12.518000	16.290000	66
12.934000	13.753000	72
12.937000	13.753000	68
13.333000	15.765000	70
13.336000	15.765000	73
13.753000	16.713000	72
13.859156	16.820156	68
16.290000	18.701000	66
16.291000	18.702000	63
16.293000	18.705000	61
16.714000	17.123000	70
17.124000	17.525000	72
17.525000	18.284000	70
17.932000	18.309000	75
18.310000	18.705000	70
18.706000	19.090000	68
18.708000	19.864000	66
18.709000	19.864000	60
18.709000	19.867000	63
19.090000	19.475000	70
19.475000	20.262000	68
19.867000	22.204000	63
19.871000	22.205000	58
19.871000	22.205000	61
20.265000	20.654000	66
20.655000	21.029000	68
21.029000	22.206000	66
22.208000	23.381000	63
22.209000	23.381000	57
22.209000	23.793000	65
22.210000	23.385000	60
23.385000	25.781000	61
23.386000	25.786000	56
23.388000	26.951000	58
23.794000	24.200000	65
24.201000	24.602000	66
24.603000	25.005000	65
25.005000	25.551000	70
25.390000	25.786000	65
25.788000	26.167000	63
25.789000	26.951000	54
26.168000	26.562000	65
26.562000	27.347000	63
26.955000	29.295000	58
26.955000	29.296000	53
26.956000	29.299000	56
27.347000	27.734000	61
27.735000	28.123000	63
28.124000	29.300000	61
29.300000	31.227000	56
29.303000	31.227000	51
29.303000	31.227000	54
29.303000	31.227000	60
30.003000	31.385000	44
30.948000	31.385000	37
31.386000	34.556000	56
31.389000	34.556000	53
31.784000	35.004000	65
31.784000	35.004000	68
32.337000	34.556000	80
32.338000	33.671000	77
33.668000	35.414000	73
33.671000	35.418000	77
35.005000	35.418000	49
35.005000	37.493000	42
35.419000	35.809000	75
35.419000	38.731000	66
35.421000	38.732000	61
35.421000	38.732000	70
35.421000	38.733000	58
35.425000	38.735000	54
35.425000	38.736000	49
35.810000	36.240000	77
36.241000	39.166000	75
38.736000	41.311000	41
38.737000	41.315000	49
39.167000	39.576000	73
39.167000	40.048000	68
39.168000	39.579000	61
39.169000	40.049000	53
39.170000	40.049000	56
39.580000	40.051000	75
39.583000	40.052000	63
40.052000	41.315000	68
40.055000	41.316000	73
40.056000	41.318000	80
40.056000	41.319000	61
40.056000	41.319000	65
41.321000	42.579000	73
41.322000	42.579000	65
41.322000	42.991000	77
41.323000	42.581900	56
41.325000	42.581900	61
42.581900	45.085000	42
42.585900	42.991900	49
42.991900	43.382900	75
42.995000	46.351000	66
42.995900	46.351000	70
42.995900	46.352000	61
42.995900	46.355000	58
42.997900	46.355000	54
42.997900	46.356000	49
43.386900	43.821000	77
43.821000	45.087900	75
45.089000	46.785000	73
46.358000	50.293000	44
46.789000	47.198000	73
46.789000	47.675000	68
46.793000	47.199000	61
46.793000	47.675000	53
46.793000	47.678000	59
47.201900	47.678000	63
47.203000	47.679000	75
47.682000	48.371000	70
47.682000	48.371000	82
47.682900	49.658900	77
47.684900	49.449000	65
47.684900	49.453000	61
47.686000	49.453000	59
48.375000	49.663000	80
48.375000	49.663900	68
49.663900	50.706000	65
49.665900	50.706000	77
50.293000	52.899900	46
50.707000	54.733900	65
50.709000	51.083000	75
50.709000	52.207000	63
50.709000	53.585000	70
50.710000	54.734900	53
50.712900	54.736900	58
51.084000	51.493000	77
51.497000	52.210900	75
52.212000	53.585900	73
52.214000	54.738000	61
53.587000	54.738000	70
54.738000	57.183900	27
54.740900	57.183900	39
55.377900	56.417900	82
55.378900	57.187900	77
55.380900	57.187900	89
55.381900	56.420900	66
55.381900	56.420900	70
55.384900	57.187900	65
56.421900	56.798900	87
56.421900	56.802900	82
56.424900	56.802900	75
56.425900	56.805900	63
56.425900	56.805900	66
56.427900	56.805900	70
56.806900	57.188900	82
56.809900	57.155900	75
56.809900	57.155900	87
56.809900	57.156900	63
56.810900	57.190900	66
56.812900	57.190900	70
57.190900	57.578900	75
57.191900	57.579900	87
57.194900	57.579900	82
57.194900	57.582900	63
57.194900	57.583900	66
57.197900	57.583900	70
57.583900	57.960900	82
57.586900	57.963900	73
57.586900	57.964900	61
57.586900	57.964900	85
57.590900	57.967900	66
57.590900	57.968900	70
57.968900	58.310900	73
57.968900	58.311900	85
57.970900	58.311900	61
57.970900	58.311900	82
57.971900	58.313900	66
57.971900	58.314900	70
58.345900	58.741900	73
58.345900	58.741900	85
58.346900	58.742900	82
58.349900	58.742900	61
58.349900	58.744900	66
58.350900	58.744900	70
58.745900	59.121900	82
58.745900	59.122900	78
58.748900	59.122900	72
58.748900	59.125900	84
58.749900	59.126900	60
58.749900	59.126900	66
58.751900	59.127900	70
59.129900	59.469900	72
59.129900	59.472900	82
59.133900	59.472900	78
59.133900	59.472900	84
59.133900	59.476900	60
59.134900	59.476900	66
59.136900	59.476900	70
59.501900	60.102900	72
59.501900	60.102900	84
59.501900	60.106900	82
59.502900	60.106900	78
59.504900	60.106900	60
59.504900	60.107900	66
59.504900	60.109900	70
60.109900	60.781900	82
60.113900	60.782900	73
60.113900	60.785900	61
60.113900	60.785900	85
60.114900	60.785900	66
60.116900	60.789900	70
60.789900	62.174900	70
60.792900	62.178900	78
60.792900	62.178900	82
60.793900	62.178900	58
60.796900	62.182900	61
60.796900	62.182900	66
62.182900	64.607900	46
62.184900	64.607900	27
62.185900	64.610900	39
62.818900	63.865900	82
62.822900	63.866900	70
62.822900	64.236900	89
62.822900	64.237900	77
62.826900	63.866900	66
62.826900	64.237900	65
63.868900	64.239900	78
63.869900	64.239900	90
63.869900	64.240900	82
63.872900	64.243900	66
63.872900	64.243900	75
63.873900	64.246900	70
64.246900	64.610900	82
64.247900	64.611900	89
64.247900	64.614900	77
64.250900	64.615900	65
64.250900	64.615900	66
64.251900	64.617900	70
64.617900	64.957900	87
64.618900	64.957900	75
64.621900	64.958900	82
64.621900	64.960900	63
64.621900	64.960900	66
64.622900	64.960900	70
64.984900	65.355900	77
64.985900	65.356900	89
64.989900	65.359900	82
64.989900	65.360900	65
64.989900	65.360900	66
64.990900	65.363900	70
65.363900	65.726900	82
65.363900	65.727900	87
65.367900	65.730900	75
65.367900	65.731900	63
65.367900	65.731900	66
65.368900	65.733900	70
65.734900	66.080900	85
65.734900	66.083900	82
65.737900	66.084900	73
65.738900	66.084900	61
65.740900	66.087900	66
65.741900	66.088900	70
66.118900	66.500900	82
66.119900	66.500900	75
66.119900	66.501900	87
66.119900	66.504900	63
66.122900	66.504900	66
66.122900	66.505900	70
66.507900	66.847900	73
66.508900	66.847900	82
66.508900	66.850900	85
66.511900	66.850900	61
66.512900	66.854900	66
66.512900	66.854900	70
66.878900	67.428900	82
66.878900	67.431900	72
66.879900	67.432900	84
66.882900	67.480900	60
66.882900	67.484900	66
66.883900	67.484900	70
67.432900	67.485900	87
67.485900	68.163900	85
67.487900	68.163900	73
67.488900	68.164900	61
67.488900	68.164900	82
67.491900	68.166900	66
67.491900	68.166900	70
68.167900	70.035800	70
68.167900	70.036800	78
68.170900	69.482800	58
68.170900	69.486900	63
68.170900	70.036800	82
68.171800	69.486900	66
69.486900	71.603800	32
69.489800	71.604800	44
70.039800	70.553800	78
70.040800	70.554800	66
70.042800	70.554800	54
70.557800	71.068800	75
70.557800	71.071800	68
70.557800	71.071800	80
70.558800	71.604800	63
70.561800	71.072800	60
70.561800	71.075800	56
71.075800	71.606800	72
71.076800	71.607800	84
71.078800	71.607800	60
71.607800	72.149800	70
71.610800	72.150800	82
71.611800	72.150800	78
71.611800	72.152800	66
71.613800	72.692800	63
71.614800	72.153800	58
72.153800	72.695800	66
72.156800	72.699800	78
72.157800	72.699800	54
72.700800	74.715800	33
72.700800	74.715800	45
73.059800	73.403800	66
73.059800	73.406800	75
73.060800	73.406800	78
73.063800	73.406800	72
73.063800	73.407800	63
73.063800	73.409800	60
73.066800	73.410800	54
73.403800	73.724800	66
73.406800	73.721800	75
73.406800	73.724800	78
73.406800	73.725800	72
73.407800	73.728800	63
73.409800	73.728800	60
73.410800	73.728800	54
73.721800	74.061800	75
73.724800	74.062800	78
73.724800	74.064800	66
73.725800	74.061800	72
73.728800	74.064800	60
73.728800	74.064800	63
73.728800	74.068800	54
74.061800	74.351800	72
74.061800	74.351800	75
74.062800	74.352800	78
74.064800	74.352800	66
74.064800	74.354800	60
74.064800	74.354800	63
74.068800	74.354800	54
74.372800	74.716800	80
74.372800	74.719800	72
74.373800	74.719800	68
74.375800	74.720800	75
74.375800	74.722800	56
74.376800	74.722800	60
74.376800	74.722800	63
74.726800	75.748800	66
74.726800	75.748800	78
74.727800	75.748800	72
74.727800	75.750800	75
74.729800	75.751800	54
74.729800	75.751800	60
74.730800	75.754800	63
75.755800	77.802800	34
75.755800	77.805800	46
76.276800	76.779800	66
76.276800	76.783800	78
76.277800	77.284800	73
76.279800	77.287800	58
76.279800	77.287800	61
76.280800	76.784800	54
76.784800	77.288800	68
76.785800	77.291800	80
76.786800	77.291800	56
77.292800	77.805800	85
77.294800	77.806800	61
77.294800	77.806800	73
77.809800	78.338800	70
77.810800	78.338800	78
77.810800	78.338800	82
77.812800	78.341800	66
77.813800	78.341800	58
77.813800	78.869800	61
78.341800	78.873800	78
78.342800	78.874800	66
78.345800	78.874800	54
78.876800	80.840700	36
78.876800	80.840700	48
79.219800	79.552800	70
79.219800	79.553800	66
79.220800	79.553800	75
79.223800	79.555800	63
79.223800	79.555800	78
79.224800	79.555800	58
79.226800	79.556800	54
79.552800	79.863800	70
79.553800	79.867800	66
79.553800	79.867800	75
79.555800	79.864800	78
79.555800	79.867800	63
79.555800	79.870800	58
79.556800	79.870800	54
79.863800	80.197800	70
79.864800	80.199800	78
79.867800	80.196800	66
79.867800	80.197800	75
79.867800	80.199800	63
79.870800	80.200800	58
79.870800	80.203700	54
80.196800	80.479700	66
80.197800	80.480700	70
80.197800	80.480700	75
80.199800	80.480700	78
80.199800	80.483700	63
80.200800	80.484700	58
80.203700	80.484700	54
80.507700	80.841700	68
80.507700	80.841700	72
80.508700	80.843700	80
80.511700	80.843700	56
80.511700	80.843700	77
80.511700	80.844700	60
80.514800	80.847700	65
80.847700	81.845700	70
80.848700	81.845700	75
80.850700	81.846700	78
80.850700	81.848700	66
80.851700	81.848700	54
80.854700	81.848700	58
80.854700	81.849700	63
81.852700	83.888700	37
81.852700	83.889700	49
82.369700	82.880700	78
82.373700	83.381700	73
82.374700	83.382700	70
82.376700	82.881700	66
82.376700	83.382700	61
82.377700	82.884700	54
82.377700	83.384700	58
82.887700	83.384700	68
82.888700	83.385700	80
82.888700	83.388700	56
83.391700	83.889700	87
83.391700	83.890700	75
83.392700	83.891700	63
83.892700	84.420700	73
83.892700	84.956700	78
83.893700	84.420700	82
83.895700	84.424700	85
83.896700	84.424700	61
83.896700	84.424700	70
83.896700	84.957700	66
84.425700	84.957700	70
84.428700	84.957700	82
84.428700	84.959700	58
84.959700	86.930700	39
84.960700	86.931700	51
85.302700	85.628700	82
85.303700	85.629700	70
85.306700	85.631700	78
85.306700	85.632700	63
85.307700	85.632700	58
85.307700	85.635700	54
85.635700	85.936700	82
85.636700	85.937700	78
85.638700	85.937700	63
85.638700	85.946700	70
85.639700	85.939700	54
85.639700	85.939700	58
85.946700	86.272700	82
85.950700	86.273700	70
85.950700	86.275700	78
85.951700	86.276700	63
85.953700	86.276700	58
85.953700	86.279700	54
86.279700	86.569700	70
86.280700	86.570700	82
86.282700	86.570700	63
86.282700	86.570700	78
86.283700	86.573700	54
86.283700	86.573700	58
86.590700	86.931700	80
86.591700	86.931700	72
86.594700	86.933700	56
86.594700	86.933700	84
86.595700	86.934700	60
86.597700	86.934700	65
86.937700	87.245700	78
86.937700	87.248700	70
86.938700	87.249700	82
86.940700	87.252700	58
86.940700	87.252700	63
86.941700	87.253700	54
87.276700	87.605700	82
87.276700	87.609700	73
87.280700	87.610700	61
87.280700	87.610700	85
87.281700	87.612700	66
87.281700	87.613700	70
87.613700	87.780700	87
87.616700	87.781700	75
87.616700	87.783700	82
87.617700	87.784700	63
87.617700	87.784700	66
87.619700	87.787700	70
87.788700	89.856700	65
87.826700	89.857700	68
87.875700	89.857700	73
87.920700	89.857700	77
87.966700	89.859700	80
88.012700	89.859700	85
88.061700	89.860700	92
89.860700	90.980600	64
89.894700	90.980600	68
89.933700	90.983600	70
89.975700	90.983600	73
90.017600	90.983600	76
90.051600	90.984600	80
90.094600	90.987600	85
90.132600	90.987600	92
90.987600	93.076600	63
91.024600	93.077600	66
91.074600	93.077600	68
91.112600	93.079600	73
91.161600	93.079600	75
91.207700	93.080600	80
91.246600	93.083600	85
91.291600	93.083600	92
93.084600	94.881600	56
93.156600	94.882600	63
93.244600	94.882600	66
93.331600	94.885600	72
93.426600	94.886600	68
93.524600	94.886600	75
93.621600	94.887600	80
94.889600	95.907600	37
94.889600	96.777600	65
94.889600	96.957600	68
95.053600	95.907600	44
95.225600	95.907600	49
95.401600	95.907600	53
95.568600	95.907600	56
95.743600	95.921600	61
95.922600	96.964600	41
96.093600	96.964600	48
96.265600	96.964600	53
96.524481	97.055481	56
96.605600	96.964600	60
96.777600	96.964600	65
96.957600	97.843600	68
96.958600	98.050600	44
96.958600	98.050600	71
97.126600	98.050600	52
97.304600	98.050600	56
97.479600	98.050600	59
97.647600	98.050600	73
97.648600	98.050600	64
97.843600	98.050600	68
98.047600	99.905500	65
98.050600	99.087500	37
98.050600	100.084000	68
98.214600	99.087500	44
98.386500	99.087500	49
98.561500	99.087500	53
98.732500	99.087500	56
98.904500	99.087500	61
99.086500	100.067000	41
99.246500	100.067000	48
99.408500	100.067000	53
99.575500	100.067000	56
99.737500	100.067000	60
99.905500	100.084000	65
100.084000	100.739000	68
100.085000	101.057000	71
100.088000	101.057000	44
100.245000	101.057000	52
100.410000	101.057000	56
100.574000	101.057000	59
100.739000	101.057000	68
100.889000	101.057000	64
101.054000	101.974000	65
101.057000	101.974000	37
101.057000	101.974000	73
101.212000	101.974000	44
101.376000	101.974000	49
101.530000	101.974000	53
101.691000	102.006000	68
101.691000	102.006000	75
101.692000	101.974000	56
101.842000	102.007000	61
102.009000	102.933000	73
102.009000	102.940000	77
102.010000	102.314000	65
102.157000	102.940000	68
102.314000	102.931000	65
102.465000	102.940000	61
102.622000	102.934000	56
102.776000	102.940000	53
102.931000	103.904000	65
102.933000	103.570000	73
102.934000	103.904000	56
103.091000	103.904000	53
103.248000	103.571000	49
103.410000	103.728000	44
103.570000	103.904000	73
103.571000	103.904000	49
103.571000	103.904000	77
103.728000	103.904000	44
103.903000	104.809000	75
103.903000	104.809000	79
103.904000	104.809000	39
104.054000	104.809000	46
104.215000	104.522000	73
104.215000	104.809000	51
104.215000	104.809000	77
104.362000	104.809000	55
104.522000	104.826000	73
104.523000	104.809000	58
104.523000	104.826000	70
104.665000	104.827000	63
104.830000	105.761000	70
104.831000	105.761000	67
104.831000	105.761000	73
104.977000	105.761000	63
105.135000	105.761000	65
105.138000	105.761000	58
105.285000	105.761000	55
105.436000	105.754000	61
105.439000	105.761000	51
105.593000	105.761000	46
105.754000	106.693000	61
105.755000	106.693000	39
105.901000	106.521000	46
106.056000	106.364000	51
106.209000	106.693000	58
106.213000	106.693000	55
106.364000	106.693000	51
106.521000	106.693000	46
106.692000	108.477000	70
106.693000	107.587000	44
106.836000	107.587000	51
106.987000	107.587000	54
107.133000	107.587000	58
107.276000	107.587000	60
107.427000	107.587000	66
107.585000	108.477000	42
107.727000	108.439000	49
107.875000	108.439000	54
108.026000	108.439000	58
108.169000	108.439000	61
108.320000	108.478000	66
108.481000	109.408000	41
108.481000	109.408000	72
108.620000	109.408000	48
108.775000	109.408000	53
108.926000	109.408000	56
109.084000	109.408000	77
109.086000	109.408000	60
109.086000	109.408000	68
109.233000	109.408000	65
109.422000	111.200000	70
109.426000	110.318000	44
109.576000	110.272000	51
109.721000	110.272000	54
109.871000	110.272000	58
110.017000	110.272000	60
110.168000	110.319000	66
110.319000	111.201000	42
110.468000	111.120000	49
110.615000	111.120000	54
110.759000	111.120000	58
110.903000	111.120000	61
111.050000	111.201000	66
111.203000	112.096000	72
111.204000	112.109000	41
111.351000	112.096000	48
111.498000	112.096000	53
111.641000	112.096000	56
111.788000	112.110000	77
111.789000	112.113000	60
111.795000	112.096000	68
111.942000	112.099000	65
112.093000	112.982000	39
112.093000	113.415000	78
112.239000	112.911000	46
112.390000	112.911000	51
112.537000	112.911000	54
112.684000	112.911000	58
112.839000	112.982000	63
112.985000	113.125000	66
113.129000	113.420000	66
113.272000	113.420000	70
113.420000	113.853000	77
113.423000	113.854000	65
113.559000	113.705000	66
113.706000	113.854000	70
113.856000	114.287000	74
113.857000	114.291000	62
113.997000	114.143000	66
114.144000	114.292000	70
114.292000	114.715000	75
114.294000	114.715000	63
114.427000	114.574000	66
114.575000	114.715000	70
114.716000	115.417000	82
114.717000	115.558000	62
114.850000	115.558000	66
114.991000	115.137000	70
115.137000	115.558000	70
115.274000	115.558000	78
115.417000	116.265000	82
115.554000	116.356000	63
115.698000	116.356000	66
115.914812	115.979000	70
115.979000	116.356000	70
116.118000	116.356000	78
116.265000	116.408000	82
116.409000	117.154000	80
116.409000	117.318000	60
116.411000	117.318000	56
116.552000	117.318000	64
116.699000	117.318000	68
116.846000	117.318000	72
116.993000	117.318000	76
117.154000	117.315000	80
117.315000	118.922000	77
117.315000	119.068000	80
117.316000	118.211000	49
117.469000	118.208000	56
117.623000	118.211000	61
117.773000	118.211000	65
117.917000	118.211000	68
118.061000	118.211000	73
118.208000	119.061000	56
118.211000	119.069000	53
118.348000	119.061000	60
118.491000	119.061000	65
118.638000	119.061000	68
118.775000	119.061000	72
118.922000	119.069000	77
119.069000	119.793000	80
119.070000	119.954000	83
119.071000	119.954000	59
119.072000	119.954000	56
119.205000	119.954000	64
119.345000	119.954000	68
119.488000	119.954000	71
119.637000	119.954000	85
119.639000	119.954000	76
119.793000	119.953000	80
119.952000	121.522000	77
119.953000	121.665000	80
119.954000	120.811000	49
120.094000	120.809000	56
120.234000	120.811000	61
120.380000	120.811000	65
120.524000	120.811000	68
120.665000	120.811000	73
120.809000	121.644000	56
120.811000	121.668000	53
120.954000	121.644000	60
121.092000	121.644000	65
121.239000	121.644000	68
121.385000	121.644000	72
121.522000	121.669000	77
121.669000	122.397000	83
121.672000	122.209000	80
121.672000	122.397000	59
121.673000	122.460000	56
121.805000	122.397000	64
121.939000	122.397000	68
122.075000	122.397000	71
122.209000	122.463000	80
122.334000	122.463000	76
122.463000	123.240000	85
122.467000	123.234000	61
122.467000	123.240000	59
122.597000	123.234000	64
122.722000	123.240000	68
122.859000	123.240000	73
122.860000	123.240000	71
122.986000	123.240000	80
123.107000	123.240000	76
123.234000	123.954000	61
123.234000	123.954000	64
123.234000	123.965000	88
123.352000	123.954000	68
123.479000	123.954000	71
123.601000	123.954000	76
123.601000	123.966000	73
123.727000	123.966000	85
123.842000	123.968000	80
123.968000	124.707000	92
123.972000	124.714000	64
123.973000	124.708000	68
124.087000	124.714000	71
124.210000	124.714000	73
124.339000	124.714000	80
124.340000	124.714000	76
124.459000	124.714000	88
124.573000	124.714000	83
124.707000	125.448000	92
124.708000	125.438000	68
124.829000	125.438000	69
124.955000	125.438000	73
125.078000	125.438000	80
125.204000	125.438000	85
125.326000	125.452000	81
125.452000	126.944000	90
125.454000	126.169000	66
125.570000	126.169000	69
125.697000	126.169000	73
125.824000	126.169000	78
125.947000	126.169000	85
126.069000	126.194000	81
126.195000	126.947000	66
126.197000	126.947000	65
126.317000	126.947000	69
126.440000	126.947000	73
126.569000	126.947000	78
126.688000	126.947000	85
126.814000	126.947000	81
126.944000	128.423000	90
126.947000	127.605000	64
127.066000	127.605000	66
127.189000	127.605000	69
127.315000	127.605000	78
127.437000	127.605000	85
127.559000	127.685000	81
127.689000	128.354000	63
127.689000	128.354000	66
127.808000	128.354000	69
127.934000	128.354000	73
128.053000	128.354000	78
128.176000	128.354000	85
128.301000	128.424000	81
128.427000	129.195000	93
128.428000	129.195000	61
128.428000	129.195000	64
128.551000	129.195000	69
128.673000	129.195000	73
128.803000	129.195000	76
128.931000	129.195000	97
129.064000	129.195000	85
129.191000	130.667000	78
129.194000	129.911000	59
129.317000	129.911000	63
129.439000	129.562000	66
129.562000	129.911000	66
129.684000	129.911000	73
129.811000	129.933000	69
129.933000	130.656000	57
130.054000	130.656000	61
130.177000	130.656000	64
130.307000	130.656000	66
130.430000	130.656000	73
130.548000	130.670000	69
130.671000	131.315000	81
130.675000	131.374000	56
130.797000	131.374000	61
130.927000	131.374000	64
131.053000	131.374000	69
131.176000	131.374000	76
131.178000	131.455000	85
131.315000	131.455000	81
131.456000	131.731000	88
131.458000	131.735000	85
131.458000	133.841000	54
131.592000	131.735000	61
131.736000	132.011000	87
131.736000	132.012000	83
131.738000	131.871000	64
131.875000	132.012000	66
132.014000	132.287000	85
132.015000	132.151000	69
132.015000	132.288000	81
132.151000	132.292000	73
132.292000	132.729000	80
132.295000	132.435000	76
132.295000	132.732000	83
132.436000	132.578000	78
132.579000	132.733000	76
132.736000	133.424000	78
132.737000	132.876000	73
132.737000	133.428000	81
132.876000	133.015000	69
133.017000	133.148000	66
133.148000	133.287000	64
133.288000	133.428000	66
133.429000	133.701000	80
133.431000	133.702000	76
133.432000	133.565000	64
133.568000	133.702000	61
133.702000	133.977000	78
133.704000	133.841000	57
133.704000	133.978000	75
133.842000	133.978000	54
133.981000	134.253000	73
133.982000	134.258000	76
133.984000	134.117000	42
134.117000	134.260000	49
134.261000	134.540000	75
134.261000	134.541000	71
134.262000	134.394000	52
134.397000	134.544000	54
134.545000	134.821000	69
134.545000	134.821000	73
134.546000	134.681000	57
134.682000	134.822000	61
134.825000	135.115000	68
134.825000	135.115000	71
134.826000	134.964000	64
134.965000	135.119000	61
135.119000	135.412000	66
135.122000	135.265000	57
135.122000	135.412000	69
135.266000	135.413000	54
135.416000	135.976000	68
135.416000	135.977000	64
135.417000	135.552000	52
135.553000	135.696000	49
135.696000	136.567000	57
135.697000	135.836000	42
135.836000	135.977000	49
135.977000	136.259000	66
135.979000	136.260000	63
135.980000	136.120000	42
136.120000	136.260000	49
136.263000	136.568000	61
136.264000	136.417000	42
136.264000	136.568000	64
136.417000	136.571000	49
136.571000	138.173000	61
136.572000	138.464000	63
136.574000	137.610000	54
136.575000	136.904000	44
136.736000	137.072000	51
136.904000	137.243000	44
137.072000	137.404000	51
137.240000	137.610000	56
137.243000	137.569000	44
137.404000	137.610000	51
137.568000	138.453000	58
137.569000	137.869000	44
137.719000	138.016000	51
137.869000	138.174000	44
138.016000	138.321000	51
138.173000	138.465000	61
138.174000	138.453000	44
138.321000	138.468000	51
138.468000	139.067000	66
138.472000	138.769000	44
138.472000	139.067000	63
138.472000	139.392000	60
138.615000	138.919000	51
138.769000	139.070000	44
138.919000	139.227000	51
139.067000	139.389000	63
139.067000	139.392000	66
139.070000	139.392000	44
139.070000	139.392000	70
139.227000	139.392000	51
139.389000	140.960000	61
139.389000	141.250000	63
139.390000	140.382000	54
139.392000	139.707000	44
139.547000	139.871000	51
139.707000	140.036000	44
139.871000	140.197000	51
140.036000	140.355000	44
140.036000	140.382000	56
140.197000	140.382000	51
140.355000	140.655000	44
140.355000	141.212000	58
140.505000	140.807000	51
140.655000	140.960000	44
140.807000	141.100000	51
140.960000	141.212000	44
140.960000	141.250000	61
141.100000	141.254000	51
141.254000	141.853000	66
141.257000	142.164000	60
141.258000	141.555000	44
141.258000	141.852000	63
141.405000	141.706000	51
141.555000	141.857000	44
141.706000	142.007000	51
141.852000	142.164000	63
141.853000	142.762000	66
141.856000	142.760000	70
141.857000	142.161000	44
142.007000	142.164000	51
142.160000	143.003000	61
142.161000	142.469000	44
142.311000	143.003000	39
142.465000	143.003000	68
142.466000	143.003000	77
142.468000	143.003000	72
142.469000	142.763000	44
142.609000	142.903000	51
142.760000	143.049000	70
142.760000	143.053000	75
142.762000	143.053000	66
142.763000	143.003000	44
142.903000	143.056000	51
143.057000	143.646000	61
143.057000	143.932000	66
143.058000	143.935000	70
143.060000	143.351000	56
143.197000	143.789000	51
143.351000	143.648000	56
143.426830	143.926830	58
143.494000	143.847000	63
143.646000	143.935000	61
143.648000	143.847000	56
143.789000	143.939000	51
143.939000	144.813000	58
143.939000	144.813000	68
143.940000	144.807000	66
143.942000	144.813000	56
144.079000	144.377000	51
144.230000	144.813000	60
144.233000	144.523000	44
144.377000	144.813000	51
144.523000	144.811000	44
144.523000	144.813000	63
144.667000	144.813000	39
144.807000	145.388000	66
144.810000	145.392000	70
144.811000	145.105000	44
144.811000	145.646000	61
144.957000	145.646000	39
145.100000	145.646000	68
145.104000	145.646000	72
145.104000	145.646000	77
145.105000	145.394000	44
145.248000	145.531000	51
145.388000	145.674000	66
145.391000	145.675000	75
145.392000	145.678000	70
145.394000	145.646000	44
145.531000	145.679000	51
145.679000	146.564000	66
145.681000	146.564000	70
145.682000	145.982000	56
145.682000	146.273000	61
145.825000	146.417000	51
145.980000	146.542000	58
145.982000	146.277000	56
146.130000	146.542000	63
146.273000	146.565000	61
146.277000	146.542000	56
146.417000	146.567000	51
146.567000	147.482000	58
146.567000	147.482000	68
146.571000	146.868000	56
146.571000	147.482000	66
146.715000	147.011000	51
146.867000	147.482000	60
146.868000	147.166000	56
147.011000	147.313000	51
147.163000	147.482000	63
147.166000	147.482000	56
147.313000	147.482000	51
147.481000	148.401000	54
147.481000	149.011000	61
147.481000	149.304000	75
147.631000	148.248000	63
147.789000	148.100000	66
147.940000	148.401000	70
148.100000	148.401000	56
148.100000	148.401000	66
148.248000	148.401000	63
148.399000	149.286000	58
148.547000	149.161000	63
148.698000	149.010000	66
148.856000	149.286000	70
149.010000	149.286000	66
149.011000	149.305000	61
149.161000	149.305000	63
149.307000	150.267000	78
149.308000	150.267000	60
149.458000	150.267000	63
149.619000	150.267000	66
149.773000	150.267000	70
149.934000	150.267000	82
149.935000	150.267000	72
150.095000	150.264000	75
150.264000	152.223000	75
150.266000	151.852000	61
150.267000	151.190000	54
150.417000	151.047000	63
150.575000	150.890000	66
150.732000	151.190000	70
150.890000	151.190000	66
150.891000	151.194000	56
151.047000	151.195000	63
151.197000	152.223000	58
151.359000	152.020000	63
151.524000	151.849000	66
151.684000	152.223000	70
151.849000	152.223000	66
151.852000	152.223000	61
152.020000	152.223000	63
152.198000	153.274000	78
152.199000	153.274000	60
152.363000	153.274000	63
152.532000	153.273000	66
152.699000	153.274000	70
152.871000	153.274000	72
152.871000	153.274000	82
153.067000	153.274000	75
153.273000	154.211000	66
153.273000	157.987000	87
153.430000	154.250000	70
153.588000	154.250000	73
153.746000	154.250000	75
153.903000	154.250000	78
154.057000	154.250000	82
154.211000	155.142000	66
154.371000	155.131000	70
154.522000	155.131000	73
154.680000	155.131000	75
154.834000	155.131000	78
154.988000	155.143000	84
155.145000	156.084000	66
155.300000	156.087000	70
155.458000	156.087000	73
155.615000	156.087000	75
155.773000	156.087000	78
155.926000	156.087000	82
156.084000	157.057000	66
156.252000	156.990000	69
156.417000	156.990000	73
156.570000	156.990000	75
156.735000	156.990000	78
156.896000	157.987000	81
157.056000	158.050000	85
157.057000	158.051000	66
157.221000	157.987000	69
157.386000	157.987000	73
157.554000	157.987000	75
157.715000	157.987000	78
157.883000	158.051000	83
158.054000	159.245000	87
158.055000	159.245000	66
158.219000	159.245000	69
158.401000	159.245000	73
158.686585	159.345585	75
158.779000	159.245000	78
158.975000	159.245000	81
159.245000	161.883000	65
159.489000	160.721000	68
159.707000	160.721000	72
159.910000	160.721000	77
160.102000	160.721000	80
160.281000	160.721000	84
160.547000	161.884000	89
160.550000	161.884000	92
161.886000	164.005000	89
161.887000	163.220000	65
163.221000	165.663000	65
163.423000	164.456000	69
163.620000	164.400000	84
163.623000	164.400000	87
163.623000	164.456000	72
164.005000	164.456000	89
164.008000	164.456000	77
164.008000	164.456000	85
164.251175	164.513175	81
164.400000	167.697000	84
164.400000	167.697000	87
165.663000	166.927000	65
166.930000	169.412000	65
167.122000	168.109000	68
167.322000	168.086000	85
167.322000	168.109000	70
167.398132	168.088000	82
167.509000	168.109000	73
167.697000	168.109000	84
167.697000	168.109000	87
167.698000	168.109000	77
167.893000	168.109000	80
168.086000	168.759000	85
168.088000	170.066000	82
168.758000	170.567000	89
168.759000	170.063000	85
169.412000	170.706000	65
170.063000	171.471000	85
170.066000	171.470000	82
170.707000	173.122000	63
170.978068	174.019068	66
171.106000	171.855000	84
171.107000	171.855000	80
171.107000	173.951000	68
171.288000	173.951000	72
171.470000	173.951000	82
171.471000	173.951000	85
171.473000	173.951000	75
171.745197	174.037197	78
171.855000	174.385000	84
171.855000	174.389000	80
173.122000	174.389000	63
174.390000	176.685000	61
174.577000	175.443000	63
174.770000	175.443000	78
174.774000	175.443000	66
174.774000	175.443000	82
175.047619	175.533619	70
175.145000	175.522000	84
175.146000	175.526000	80
175.149000	175.443000	73
175.334000	175.527000	75
175.527000	175.929000	82
175.530000	176.688000	78
175.932000	176.349000	87
176.310000	176.688000	82
176.311000	177.836000	60
176.405000	177.837000	63
176.506000	177.837000	65
176.597000	177.839000	68
176.689000	177.074000	80
176.689000	178.578000	77
176.692000	178.879000	72
177.074000	177.444000	82
177.448000	178.575000	80
177.840000	180.121000	48
178.018000	178.879000	54
178.212000	178.879000	58
178.212000	178.879000	75
178.283211	178.947000	78
178.386000	178.879000	60
178.575000	178.942000	80
178.578000	178.879000	63
178.578000	178.946000	77
178.861460	179.046460	66
178.947000	180.122000	78
178.949000	180.122000	75
179.011120	180.187120	70
180.126000	181.302000	69
180.128000	181.687000	77
180.129000	181.302000	60
180.129000	181.302000	63
180.129000	182.351000	53
181.305000	183.621000	56
181.490000	182.351000	58
181.687000	182.351000	73
181.687000	182.351000	77
181.690000	182.351000	61
181.875000	182.351000	65
182.065000	182.442000	75
182.066000	182.446000	78
182.067000	182.351000	68
182.254000	182.447000	70
182.449000	183.241000	77
182.450000	183.622000	73
182.852000	183.261000	82
183.241000	183.622000	77
183.338000	184.752000	54
183.436000	184.756000	58
183.531000	184.757000	61
183.626000	183.989000	75
183.626000	184.759000	73
183.628000	184.759000	63
183.990000	184.360000	77
184.361000	185.495000	75
184.760000	187.076000	53
184.942000	185.774000	56
185.128000	185.774000	73
185.130000	185.774000	58
185.130000	185.774000	70
185.306000	185.774000	61
185.559329	185.933329	72
185.565134	185.841134	65
185.565134	185.938134	75
185.680000	185.873000	68
185.873000	187.076000	73
185.874000	187.077000	70
187.080000	188.840000	72
187.080000	188.844000	68
187.081000	188.676000	51
187.083000	188.844000	54
187.083000	188.844000	60
187.822000	192.742000	44
188.847000	192.742000	37
189.313000	192.742000	53
189.313000	192.742000	56
189.733000	193.212000	65
189.733000	193.215000	68
190.342000	192.742000	80
190.346000	191.802000	77
190.349000	193.216000	59
191.801000	193.646000	73
191.802000	193.650000	77
193.216000	195.858000	42
193.219000	193.650000	49
193.653000	194.066000	75
193.653000	197.167000	70
193.654000	197.167000	66
193.654000	197.168000	61
193.656000	197.171000	58
193.657000	197.171000	49
193.657000	197.171000	54
194.067000	194.524000	77
194.524000	197.629000	75
197.172000	199.911000	44
197.630000	198.563000	68
197.632000	198.066000	61
197.633000	198.067000	73
197.633000	198.564000	53
197.636000	198.566000	56
198.067000	198.567000	75
198.070000	198.567000	63
198.571000	199.912000	68
198.571000	199.914000	80
198.572000	199.915000	77
198.574000	199.915000	65
198.574000	199.918000	61
198.574000	201.258000	59
199.919000	201.259000	73
199.919000	201.693000	77
199.921000	201.262000	65
199.922000	201.263000	61
201.263000	203.918000	46
201.693000	205.347000	65
201.696000	202.113000	75
201.696000	205.347000	70
201.700000	203.919000	63
201.700000	205.347000	58
201.700000	205.348000	53
202.113000	202.567000	77
202.571000	203.919000	75
203.919000	205.350000	73
203.922000	205.350000	61
205.350000	209.693000	41
205.826000	206.442000	61
205.829000	206.901000	56
206.306000	206.901000	63
206.904000	208.293000	65
206.904000	208.297000	70
206.905000	208.297000	61
208.297000	209.694000	56
208.298000	209.694000	61
208.300000	209.697000	65
209.697000	212.665000	39
210.180000	211.247000	58
210.184000	211.146000	66
210.184000	211.252000	61
210.657000	211.252000	68
211.254000	212.666000	66
211.255000	212.666000	70
211.255000	212.668000	73
211.256000	212.668000	51
212.672000	214.083000	70
212.673000	214.083000	61
212.673000	214.086000	63
212.673000	214.086000	66
214.086000	217.204000	44
214.576000	215.644000	60
214.577000	215.468000	70
214.577000	215.644000	66
214.814000	215.645000	51
215.052000	215.647000	72
215.647000	217.205000	72
215.648000	217.205000	77
215.651000	217.208000	68
215.651000	217.209000	80
217.209000	218.843000	60
217.211000	218.843000	68
217.212000	218.844000	66
217.215000	218.846000	56
218.847000	220.253000	37
219.140000	220.190000	44
219.372000	220.190000	49
219.599000	220.190000	53
219.819000	220.190000	56
220.037000	220.253000	61
220.254000	221.499000	41
220.477000	221.383000	48
220.695000	221.383000	53
220.999764	221.478764	56
221.222059	221.497059	60
221.304000	221.503000	65
221.504000	222.735000	37
221.726000	222.735000	44
221.934000	222.735000	49
222.134000	222.735000	53
222.339000	222.735000	56
222.535000	222.735000	61
222.732000	224.001000	41
222.955000	223.908000	48
223.169000	223.908000	53
223.372000	223.908000	56
223.690522	224.030522	60
223.771000	224.005000	65
224.005000	225.350000	68
224.006000	226.532000	71
224.006000	226.735000	44
224.230000	226.532000	52
224.439000	226.532000	56
224.649000	226.532000	59
224.863000	225.349000	64
225.213170	226.651170	66
225.346000	226.739000	73
225.349000	226.739000	64
225.350000	226.740000	68
226.742000	228.111000	49
226.998000	228.111000	56
227.226000	228.111000	61
227.453000	228.111000	65
227.673000	228.111000	68
227.880000	228.111000	73
228.094000	229.339000	53
228.317000	229.301000	60
228.531000	229.301000	65
228.741000	229.301000	68
228.944000	229.301000	72
229.140000	229.339000	77
229.340000	230.572000	49
229.767000	230.572000	61
229.973000	230.572000	65
230.173000	230.572000	68
230.372000	230.572000	73
230.571000	231.838000	53
230.917224	231.869224	60
231.002000	231.747000	65
231.208000	231.747000	68
231.405000	231.747000	72
231.607000	231.838000	77
231.839000	234.404000	83
231.842000	234.576000	80
231.843000	234.576000	56
232.065000	234.404000	59
232.276000	234.404000	64
232.487000	234.404000	68
232.700000	234.404000	71
232.930000	234.577000	76
233.175000	234.577000	85
234.579000	238.526000	56
234.579000	238.526000	83
234.579000	238.737000	80
234.796000	238.526000	59
235.003000	238.526000	64
235.213000	238.526000	68
235.427000	238.526000	71
235.661000	238.526000	76
235.909000	238.526000	85
237.306000	238.737000	88
237.306000	238.738000	44
238.738000	244.404000	89
238.740000	243.497000	37
238.740000	244.557000	92
238.996000	243.497000	44
239.266000	243.497000	49
239.532000	243.497000	53
239.794000	243.497000	56
240.060000	243.497000	61
240.390095	243.561095	65
240.883000	243.497000	68
241.436000	243.497000	73
241.995000	243.497000	77
242.624653	243.565653	80
243.137000	243.630000	85
243.630000	248.303000	61
243.710000	248.303000	68
243.801000	248.303000	73
243.934000	248.303000	77
244.198132	248.413132	80
244.242000	248.303000	85
244.404000	248.303000	89
244.557000	248.303000	92
