OnsetTime	OffsetTime	MidiPitch
0.524989	0.623990	71
0.624982	0.721984	69
0.725981	0.818986	68
0.823989	0.931974	69
0.932980	1.140970	57
0.932980	1.140970	72
1.134980	1.232970	64
1.134980	1.233960	60
1.340970	1.758970	74
1.344970	1.549970	60
1.345960	1.549970	64
1.446970	1.648970	72
1.548980	1.758970	71
1.549970	1.758970	60
1.549970	1.758970	64
1.648970	1.758970	72
1.757960	1.963950	76
1.758970	1.963950	57
1.953960	2.055950	64
1.954960	2.058960	60
2.166960	2.572950	77
2.167950	2.367960	64
2.169950	2.370970	60
2.269970	2.468960	76
2.366960	2.572950	75
2.367960	2.572950	64
2.370970	2.572950	60
2.468960	2.572950	76
2.570950	2.964960	83
2.572950	2.965950	57
2.668960	2.867950	81
2.769960	2.965950	60
2.769960	2.965950	64
2.769960	2.965950	80
2.867950	2.965950	81
2.964960	3.392960	83
2.965950	3.388960	57
3.070960	3.273960	81
3.168960	3.392960	64
3.168960	3.392960	80
3.169960	3.392960	60
3.273960	3.392960	81
3.388960	3.594970	57
3.388960	3.811970	84
3.591980	3.693970	64
3.591980	3.696970	60
3.812980	3.909970	81
3.812980	3.910970	64
3.815970	3.910970	60
4.008970	4.119970	84
4.008970	4.120960	64
4.011970	4.120960	60
4.186960	4.210960	79
4.211970	4.235980	81
4.236970	4.333970	52
4.236970	4.333970	83
4.437960	4.532960	78
4.438960	4.536960	81
4.438960	4.539960	64
4.442960	4.539960	59
4.641950	4.738960	76
4.641950	4.739960	79
4.642960	4.739960	64
4.642960	4.742950	59
4.837960	4.942950	78
4.838960	4.942950	81
4.840960	4.943960	64
4.841950	4.946950	59
5.019950	5.040950	79
5.040950	5.064950	81
5.065960	5.162960	83
5.068950	5.163950	52
5.261950	5.366940	78
5.264950	5.369950	81
5.265960	5.369950	64
5.265960	5.370950	59
5.463940	5.561950	76
5.464950	5.562950	79
5.467940	5.565950	64
5.468950	5.566940	59
5.667940	5.771940	78
5.670940	5.772940	81
5.670940	5.775940	64
5.671940	5.776930	59
5.841940	5.862940	79
5.866930	5.912950	81
5.887950	5.985940	52
5.887950	5.985940	83
6.083940	6.191940	78
6.086940	6.192940	81
6.087930	6.192940	64
6.090940	6.192940	59
6.290940	6.401930	76
6.290940	6.402930	79
6.291930	6.402930	47
6.506920	6.626910	75
6.510920	6.626910	78
6.513920	6.629920	59
6.741920	7.200920	76
6.744920	7.200920	52
7.228920	7.329920	71
7.329920	7.427910	69
7.428920	7.525910	68
7.525910	7.641910	69
7.644920	7.844920	72
7.645910	7.844920	57
7.836910	7.938910	64
7.840920	7.938910	60
8.046910	8.471910	74
8.051900	8.253910	60
8.051900	8.253910	64
8.155920	8.353920	72
8.250920	8.471910	71
8.253910	8.471910	60
8.253910	8.471910	64
8.353920	8.471910	72
8.467900	8.669900	76
8.470900	8.669900	57
8.662910	8.760910	64
8.667900	8.764900	60
8.873890	9.072890	64
8.873890	9.278880	77
8.874900	9.073890	60
8.973900	9.174890	76
9.069900	9.278880	75
9.072890	9.278880	64
9.073890	9.278880	60
9.174890	9.278880	76
9.272890	9.675870	83
9.275890	9.677890	57
9.373880	9.580880	81
9.478880	9.678880	80
9.479890	9.678880	64
9.482880	9.678880	60
9.580880	9.678880	81
9.675870	10.094900	83
9.677890	10.094900	57
9.773880	9.979880	81
9.877870	10.094900	80
9.878880	10.094900	64
9.881870	10.094900	60
9.979880	10.094900	81
10.091900	10.514900	84
10.094900	10.301900	57
10.293900	10.398900	64
10.294900	10.399900	60
10.514900	10.619900	81
10.518900	10.620900	64
10.518900	10.623900	60
10.717900	10.822900	84
10.718900	10.822900	64
10.720900	10.823900	60
10.899800	10.916900	79
10.917900	10.937900	81
10.938900	11.042800	83
10.942900	11.043900	52
11.141800	11.245900	78
11.144900	11.246800	81
11.144900	11.250900	64
11.145800	11.250900	59
11.343800	11.445900	76
11.344900	11.445900	79
11.347800	11.446800	64
11.348800	11.446800	59
11.543800	11.651800	78
11.543800	11.652800	81
11.543800	11.655800	64
11.547800	11.656800	59
11.721800	11.746800	79
11.746800	11.767900	81
11.767900	11.869800	83
11.771800	11.869800	52
11.970800	12.068800	78
11.974800	12.072800	81
11.974800	12.073800	64
11.977800	12.075800	59
12.173800	12.274800	76
12.173800	12.275800	79
12.177800	12.275800	64
12.180800	12.278800	59
12.372800	12.474800	78
12.372800	12.478800	81
12.373800	12.481800	64
12.376800	12.481800	59
12.547800	12.568800	79
12.573800	12.614800	81
12.593800	12.691800	83
12.594800	12.691800	52
12.789800	12.894800	78
12.789800	12.898800	81
12.793800	12.898800	64
12.793800	12.899800	59
12.992800	13.104800	76
12.993800	13.104800	79
12.995800	13.104800	47
13.209800	13.328800	75
13.210800	13.331800	78
13.210800	13.332800	59
13.458800	13.888800	76
13.458800	13.889800	52
13.916800	14.025800	72
13.917800	14.028800	76
14.137800	14.241800	74
14.140800	14.242800	77
14.347800	14.448800	76
14.348800	14.452800	48
14.348800	14.452800	79
14.556800	14.658800	76
14.557800	14.662800	79
14.557800	14.663800	60
14.763800	14.868800	81
14.763800	14.869800	52
14.869800	15.194800	79
14.966800	15.194800	77
14.970800	15.194800	64
15.079800	15.194800	76
15.190800	15.629800	74
15.191800	15.629800	55
15.191800	15.629800	71
15.407800	15.629800	67
15.628800	15.733800	72
15.629800	15.736800	76
15.844800	15.946700	74
15.845800	15.950700	77
16.051700	16.156700	76
16.051700	16.160700	79
16.055700	16.160700	48
16.261700	16.366700	76
16.261700	16.366700	79
16.265700	16.367700	60
16.471700	16.576700	81
16.472700	16.577700	52
16.577700	16.901700	79
16.674700	16.901700	77
16.675700	16.901700	64
16.787700	16.901700	76
16.898700	17.336700	74
16.899700	17.336700	55
16.899700	17.336700	71
17.332700	17.444700	69
17.336700	17.448700	72
17.556700	17.661700	71
17.557700	17.661700	74
17.773700	17.874700	72
17.774700	17.878700	45
17.774700	17.878700	76
17.980700	18.084700	72
17.980700	18.085700	76
17.981700	18.085700	57
18.189700	18.288700	77
18.190700	18.288700	48
18.289700	18.617700	76
18.393700	18.617700	74
18.394700	18.617700	60
18.505700	18.617700	72
18.613700	19.048700	71
18.617700	19.048700	52
18.617700	19.048700	68
18.830600	19.048700	64
19.047700	19.152600	69
19.048700	19.155700	72
19.261600	19.368600	71
19.264600	19.369600	74
19.470600	19.576600	72
19.474600	19.576600	76
19.474600	19.577600	45
19.680600	19.785600	72
19.684600	19.786600	76
19.685600	19.786600	57
19.891600	19.992600	77
19.891600	19.996600	48
19.996600	20.324600	76
20.094600	20.324600	74
20.097600	20.324600	60
20.206600	20.324600	72
20.322600	20.752600	71
20.322600	20.755600	68
20.323600	20.755600	52
20.752600	20.846600	71
20.850600	20.944600	69
20.948600	21.045600	68
21.046600	21.161600	69
21.161600	21.364600	72
21.165600	21.364600	57
21.357600	21.459600	64
21.358600	21.460600	60
21.567600	21.775600	60
21.567600	21.990600	74
21.571600	21.775600	64
21.675600	21.873600	72
21.774600	21.990600	71
21.775600	21.990600	60
21.775600	21.990600	64
21.873600	21.990600	72
21.988600	22.187600	57
21.988600	22.187600	76
22.183600	22.282600	60
22.183600	22.282600	64
22.393600	22.797600	77
22.394600	22.593600	60
22.394600	22.593600	64
22.495600	22.691600	76
22.590600	22.797600	75
22.593600	22.797600	60
22.593600	22.797600	64
22.691600	22.797600	76
22.796600	23.191600	83
22.797600	23.195600	57
22.901600	23.098600	81
22.996600	23.195600	80
22.998600	23.195600	64
22.999600	23.195600	60
23.098600	23.195600	81
23.191600	23.640600	83
23.195600	23.640600	57
23.300600	23.510600	81
23.402600	23.640600	80
23.405600	23.640600	60
23.405600	23.640600	64
23.510600	23.640600	81
23.635600	24.059600	84
23.639600	23.849600	53
23.839600	23.940600	63
23.839600	23.943600	57
24.059600	24.161600	81
24.060600	24.164600	63
24.063600	24.164600	57
24.265600	24.371600	83
24.270600	24.372600	63
24.270600	24.374600	57
24.483600	24.580600	84
24.483600	24.581600	52
24.685600	24.784600	83
24.686600	24.784600	64
24.686600	24.785600	57
24.881600	24.986600	81
24.882600	24.987600	50
25.085600	25.190500	59
25.085600	25.190500	80
25.088600	25.190500	53
25.298500	25.400500	81
25.301500	25.400500	48
25.498500	25.602500	76
25.498500	25.603500	52
25.498500	25.603500	57
25.701500	25.799500	50
25.708500	25.806500	77
25.903500	26.009500	74
25.904500	26.010500	53
25.904500	26.010500	59
26.117500	26.324500	52
26.117500	26.534500	72
26.121500	26.320500	57
26.320500	26.537500	57
26.324500	26.526500	52
26.526500	26.744500	52
26.534500	26.582500	72
26.534500	26.747500	56
26.575500	26.688500	71
26.636500	26.751500	72
26.688500	26.797500	71
26.744500	27.004500	52
26.747500	27.004500	56
26.751500	27.004500	72
26.797500	26.909500	71
26.841500	27.003500	69
26.909500	27.004500	71
27.003500	27.447500	69
27.003500	27.478500	45
27.004500	27.448500	57
27.479500	27.587500	72
27.479500	27.588500	76
27.692500	27.794500	74
27.692500	27.798500	77
27.905500	28.011500	76
27.910500	28.011500	79
27.910500	28.014500	48
28.116500	28.220500	76
28.116500	28.221500	60
28.116500	28.221500	79
28.326500	28.424500	52
28.326500	28.424500	81
28.425500	28.753500	79
28.529500	28.753500	64
28.529500	28.753500	77
28.634500	28.753500	76
28.750500	29.190500	74
28.753500	29.190500	55
28.753500	29.190500	71
28.963500	29.190500	67
29.186500	29.288500	72
29.187500	29.292500	76
29.396500	29.501500	74
29.397500	29.506500	77
29.614400	29.718400	76
29.615400	29.719400	48
29.615400	29.719400	79
29.820400	29.929400	76
29.823400	29.929400	79
29.824400	29.930400	60
30.027400	30.128400	81
30.027400	30.132400	52
30.132400	30.460400	79
30.237400	30.460400	77
30.238400	30.460400	64
30.342400	30.460400	76
30.458400	30.896400	71
30.458400	30.896400	74
30.459400	30.896400	55
30.895400	31.000400	69
30.896400	31.004400	72
31.118400	31.220400	71
31.119400	31.224400	74
31.326400	31.430400	72
31.326400	31.431400	45
31.326400	31.431400	76
31.535400	31.640400	72
31.535400	31.640400	76
31.536400	31.640400	57
31.741400	31.847400	77
31.746400	31.848400	48
31.850400	32.172400	76
31.955400	32.172400	74
31.956400	32.172400	60
32.060400	32.172400	72
32.170400	32.607400	68
32.170400	32.607400	71
32.172400	32.607400	52
32.390400	32.607400	64
32.606400	32.714400	69
32.607400	32.715400	72
32.816400	32.928400	71
32.820400	32.928400	74
33.029400	33.138400	72
33.034300	33.139300	76
33.036300	33.139300	45
33.240300	33.344300	72
33.243300	33.345300	76
33.244300	33.348300	57
33.450300	33.555300	77
33.451300	33.555300	48
33.558300	33.878300	76
33.653300	33.878300	74
33.657300	33.878300	60
33.766300	33.878300	72
33.874300	34.307300	71
33.877300	34.308300	52
33.877300	34.308300	68
34.307300	34.409300	71
34.410300	34.507300	69
34.508300	34.605300	68
34.605300	34.716300	69
34.717300	34.927300	57
34.717300	34.927300	72
34.913300	35.017300	64
34.913300	35.018300	60
35.126300	35.544300	74
35.130300	35.327300	60
35.130300	35.330300	64
35.229300	35.434300	72
35.326300	35.544300	71
35.327300	35.544300	60
35.330300	35.544300	64
35.434300	35.544300	72
35.543300	35.749300	76
35.544300	35.749300	57
35.739300	35.844300	64
35.740300	35.844300	60
35.955300	36.357300	77
35.956300	36.152300	64
35.956300	36.153300	60
36.057300	36.251300	76
36.152300	36.357300	64
36.152300	36.357300	75
36.153300	36.357300	60
36.251300	36.357300	76
36.356300	36.754300	83
36.356300	36.755300	57
36.454300	36.656300	81
36.551300	36.757300	80
36.555300	36.757300	60
36.555300	36.757300	64
36.656300	36.757300	81
36.754300	37.193300	83
36.755300	37.193300	57
36.863300	37.065300	81
36.957300	37.193300	80
36.960300	37.193300	64
36.961300	37.193300	60
37.065300	37.193300	81
37.192300	37.401200	53
37.192300	37.618200	84
37.391300	37.503200	63
37.392200	37.503200	57
37.619300	37.716200	81
37.621300	37.717200	63
37.622200	37.720300	57
37.822200	37.933200	83
37.822200	37.934200	63
37.823200	37.934200	57
38.038200	38.144200	84
38.039200	38.144200	52
38.237200	38.336200	83
38.242200	38.339200	64
38.242200	38.340200	57
38.444200	38.542200	81
38.444200	38.543200	50
38.640200	38.752200	80
38.641200	38.752200	59
38.644200	38.753200	53
38.853200	38.959200	81
38.857200	38.962200	48
39.060200	39.162200	76
39.060200	39.166200	57
39.061200	39.166200	52
39.260200	39.358200	50
39.263200	39.365200	77
39.460200	39.567200	74
39.460200	39.571200	59
39.461200	39.572200	53
39.673200	39.883200	52
39.673200	40.086200	72
39.676200	39.879200	57
39.883200	40.079200	52
39.937161	40.155161	57
40.079200	40.306200	52
40.086200	40.141200	72
40.087200	40.307200	56
40.139200	40.248200	71
40.191200	40.310200	72
40.248200	40.359200	71
40.306200	40.565200	52
40.307200	40.565200	56
40.310200	40.565200	72
40.359200	40.471200	71
40.405200	40.562200	69
40.471200	40.565200	71
40.562200	41.003200	69
40.563200	41.003200	57
40.563200	41.031200	45
41.031200	41.135200	69
41.032200	41.140200	81
41.248200	41.349100	71
41.249200	41.353200	83
41.353200	41.385200	45
41.385200	41.419200	49
41.423200	41.461100	52
41.462200	41.874100	73
41.462200	41.874100	85
41.465100	41.664100	57
41.664100	41.769100	57
41.875100	41.976100	69
41.878100	41.979100	81
41.879100	41.979100	57
42.085100	42.186100	71
42.085100	42.189100	83
42.085100	42.190100	57
42.190100	42.221100	45
42.222100	42.256100	49
42.259100	42.291100	52
42.291100	42.508100	73
42.294100	42.502100	57
42.294100	42.508100	85
42.501100	42.599100	71
42.502100	42.600100	83
42.502100	42.602100	57
42.703100	42.808100	69
42.704100	42.809100	57
42.704100	42.809100	81
42.907100	43.023100	68
42.908100	43.023100	80
42.908100	43.026100	57
43.026100	43.058100	38
43.061100	43.099100	42
43.100100	43.134100	45
43.135100	43.347100	66
43.135100	43.347100	78
43.137100	43.339100	50
43.338100	43.445100	68
43.338100	43.449100	80
43.339100	43.450100	50
43.450100	43.477100	39
43.478100	43.512100	42
43.513100	43.551100	45
43.552100	43.767100	69
43.554100	43.758100	51
43.554100	43.767100	81
43.753100	43.866100	71
43.757100	43.867100	83
43.758100	43.867100	51
43.869100	43.904100	40
43.904100	43.939100	44
43.943100	43.982100	47
43.982100	44.290100	68
43.983100	44.290100	80
43.985100	44.196100	52
44.195100	44.304000	64
44.196100	44.307100	76
44.196100	44.311000	52
44.415000	44.520000	69
44.419000	44.520000	81
44.626000	44.730000	71
44.626000	44.731000	83
44.733000	44.765000	45
44.766000	44.800000	49
44.801000	44.832000	52
44.835000	45.252000	73
44.836000	45.252000	85
44.839000	45.038000	57
45.038000	45.147000	57
45.256000	45.349000	69
45.256000	45.354000	81
45.257000	45.354000	57
45.455000	45.560000	71
45.456000	45.560000	83
45.456000	45.563000	57
45.563000	45.595000	45
45.595000	45.630000	49
45.630000	45.665000	52
45.665000	45.878000	73
45.668000	45.878000	85
45.669000	45.869000	57
45.868000	45.970000	71
45.868000	45.973000	83
45.869000	45.973000	57
46.078000	46.179000	69
46.079000	46.183000	57
46.079000	46.183000	81
46.285000	46.396000	68
46.285000	46.397000	80
46.288000	46.397000	57
46.400000	46.431000	38
46.432000	46.466000	42
46.467000	46.501000	45
46.502000	46.722000	66
46.502000	46.722000	78
46.505000	46.712000	50
46.707000	46.820000	71
46.711000	46.820000	83
46.712000	46.823000	50
46.823000	46.855000	40
46.855000	46.890000	44
46.890000	46.929000	47
46.929000	47.165900	68
46.932000	47.152900	52
46.932000	47.165900	80
47.151900	47.267900	64
47.152900	47.267900	52
47.152900	47.267900	76
47.389900	47.806900	69
47.390900	47.807900	45
47.390900	47.807900	81
47.834900	47.939900	69
47.834900	47.943900	81
48.051900	48.152900	71
48.052900	48.156900	83
48.156900	48.188900	45
48.188900	48.230900	49
48.230900	48.265900	52
48.265900	48.677900	73
48.266900	48.678900	85
48.268900	48.467900	57
48.467900	48.573900	57
48.678900	48.779900	69
48.681900	48.782900	81
48.682900	48.782900	57
48.888900	48.989900	71
48.888900	48.990900	83
48.889900	48.992900	57
48.993900	49.024900	45
49.025900	49.059900	49
49.060900	49.101900	52
49.101900	49.311900	73
49.102900	49.311900	85
49.104900	49.305900	57
49.304900	49.409900	71
49.305900	49.409900	83
49.305900	49.410900	57
49.511900	49.615900	69
49.514900	49.616900	81
49.514900	49.618900	57
49.713900	49.826900	68
49.714900	49.826900	80
49.717900	49.829900	57
49.829900	49.861900	38
49.861900	49.896900	42
49.896900	49.930900	45
49.931900	50.151900	66
49.931900	50.151900	78
49.933900	50.142900	50
50.141900	50.245900	68
50.141900	50.246900	80
50.142900	50.246900	50
50.247900	50.277900	39
50.278900	50.319900	42
50.322900	50.354900	45
50.355900	50.574800	69
50.355900	50.574800	81
50.357800	50.564800	51
50.563800	50.672800	71
50.564800	50.676800	83
50.564800	50.677800	51
50.677800	50.707800	40
50.708800	50.742800	44
50.743800	50.785800	47
50.785800	51.089800	68
50.786800	51.089800	80
50.788800	50.999800	52
50.995800	51.103800	64
50.998800	51.103800	76
50.999800	51.104800	52
51.211800	51.316800	69
51.212800	51.320800	81
51.429800	51.533800	71
51.429800	51.534800	83
51.534800	51.568800	45
51.569800	51.600800	49
51.603800	51.638800	52
51.639800	52.048800	73
51.639800	52.048800	85
51.640800	51.837800	57
51.837800	51.943800	57
52.051800	52.153800	69
52.051800	52.153800	81
52.055800	52.157800	57
52.251800	52.363800	71
52.252800	52.364800	83
52.254800	52.364800	57
52.366800	52.398800	45
52.398800	52.433800	49
52.433800	52.471800	52
52.472800	52.688800	73
52.475800	52.678800	57
52.475800	52.688800	85
52.674800	52.780800	71
52.678800	52.780800	57
52.678800	52.780800	83
52.884800	52.986800	69
52.889800	52.989800	81
52.889800	52.993800	57
53.088800	53.196800	68
53.088800	53.200800	80
53.089800	53.200800	57
53.203800	53.234800	38
53.235800	53.273800	42
53.274800	53.308800	45
53.311800	53.528800	66
53.312800	53.519800	50
53.312800	53.528800	78
53.519800	53.626800	71
53.519800	53.630800	50
53.519800	53.630800	83
53.631800	53.668700	40
53.668700	53.704800	44
53.707700	53.742700	47
53.746700	53.980800	68
53.747700	53.980800	80
53.749700	53.970800	52
53.969800	54.085700	64
53.970800	54.085700	76
53.970800	54.089700	52
54.200700	54.620700	69
54.204700	54.624700	45
54.204700	54.624700	81
54.649700	54.770700	85
54.760700	54.869700	86
54.858700	54.974700	85
54.960700	55.085700	83
55.072700	55.194700	81
55.076700	55.184700	54
55.185700	55.300700	83
55.289700	55.390700	61
55.289700	55.405700	81
55.290700	55.391700	57
55.394700	55.506700	80
55.499700	55.615700	78
55.500700	55.600700	57
55.500700	55.600700	61
55.604700	55.716700	81
55.706700	55.814700	61
55.706700	55.817700	57
55.706700	55.821700	80
55.818700	55.926700	78
55.922700	56.034700	77
55.923700	56.024700	56
56.028700	56.143700	78
56.129700	56.241700	80
56.130700	56.234700	61
56.132700	56.234700	59
56.235700	56.350700	77
56.339700	56.444700	61
56.339700	56.454700	73
56.343700	56.445700	59
56.445700	56.559700	75
56.549700	56.651700	61
56.549700	56.665700	77
56.550700	56.651700	59
56.654700	56.766700	73
56.759700	56.874700	78
56.760700	56.860700	54
56.860700	56.983600	77
56.973700	57.074700	61
56.973700	57.088700	78
56.974700	57.078700	57
57.078700	57.193700	80
57.182700	57.295600	81
57.183600	57.284600	57
57.183600	57.284600	61
57.288600	57.403600	80
57.388600	57.504600	81
57.389600	57.494600	61
57.393600	57.494600	57
57.495600	57.610600	83
57.599600	57.703600	53
57.599600	57.714600	85
57.704600	57.819600	84
57.809600	57.925600	85
57.810600	57.911600	56
57.810600	57.911600	61
57.914600	58.015600	84
58.016600	58.117600	61
58.016600	58.127600	85
58.019600	58.118600	56
58.118600	58.233600	86
58.219600	58.341600	85
58.222600	58.330600	61
58.222600	58.331600	56
58.331600	58.453600	83
58.439600	58.555600	81
58.440600	58.544600	54
58.548600	58.659600	83
58.648600	58.764600	81
58.649600	58.754600	61
58.652600	58.754600	57
58.755600	58.870600	80
58.859600	58.961600	61
58.859600	58.974600	78
58.860600	58.961600	57
58.964600	59.079600	81
59.069600	59.185600	80
59.070600	59.170600	57
59.070600	59.170600	61
59.174600	59.286600	78
59.283600	59.384600	56
59.283600	59.398600	76
59.387600	59.503600	78
59.492600	59.608600	80
59.493600	59.594600	64
59.493600	59.598600	61
59.598600	59.713500	76
59.699600	59.814500	73
59.700600	59.804600	64
59.702600	59.807600	61
59.807600	59.920500	75
59.909600	60.021500	64
59.909600	60.031500	76
59.913500	60.022500	61
60.022500	60.136500	73
60.122500	60.238500	75
60.126500	60.228500	56
60.228500	60.343500	76
60.332500	60.448500	78
60.336500	60.437500	66
60.337500	60.437500	63
60.438500	60.553500	75
60.546500	60.658500	72
60.550500	60.651500	63
60.550500	60.652500	66
60.652500	60.766500	73
60.756500	60.879500	75
60.759500	60.865500	63
60.760500	60.865500	66
60.868500	60.994500	72
60.983500	61.389500	73
60.984500	61.390500	61
60.984500	61.390500	64
61.417500	61.540500	85
61.530500	61.638500	86
61.634500	61.750500	85
61.736500	61.855500	83
61.841500	61.953500	54
61.841500	61.963500	81
61.954500	62.068500	83
62.065500	62.177500	81
62.066500	62.167500	57
62.066500	62.167500	61
62.170500	62.282500	80
62.271500	62.387500	78
62.272500	62.376500	57
62.272500	62.376500	61
62.377500	62.492500	81
62.482500	62.590500	61
62.482500	62.598500	80
62.483500	62.593500	57
62.594500	62.709400	78
62.695500	62.811400	77
62.696400	62.804400	56
62.807500	62.922400	78
62.908400	63.024400	80
62.909400	63.017400	61
62.913400	63.017400	59
63.018400	63.133400	77
63.119400	63.223400	61
63.119400	63.234400	73
63.122400	63.224400	59
63.224400	63.339400	75
63.328400	63.444400	77
63.329400	63.441400	59
63.329400	63.441400	61
63.442400	63.552400	73
63.541400	63.657400	78
63.542400	63.647400	54
63.647400	63.763400	77
63.752400	63.856400	61
63.752400	63.868400	78
63.753400	63.857400	57
63.861400	63.972400	80
63.962400	64.078400	81
63.963400	64.064400	61
63.963400	64.067400	57
64.067400	64.183400	80
64.176400	64.280400	61
64.176400	64.281400	57
64.176400	64.291400	81
64.281400	64.396400	83
64.386400	64.497400	85
64.387400	64.490400	53
64.491400	64.606400	84
64.599400	64.708400	85
64.600400	64.697400	61
64.602400	64.697400	56
64.698400	64.801400	84
64.806400	64.907400	61
64.806400	64.908400	56
64.806400	64.917400	85
64.910400	65.023400	86
65.012400	65.117400	61
65.012400	65.127300	85
65.013400	65.117400	56
65.117400	65.232300	83
65.225400	65.338300	81
65.226300	65.330400	54
65.330400	65.443300	83
65.435300	65.544300	81
65.436300	65.533300	61
65.436300	65.534300	57
65.534300	65.649300	80
65.638300	65.753300	78
65.639300	65.744300	61
65.642300	65.744300	57
65.744300	65.859300	81
65.848300	65.964300	80
65.849300	65.950300	61
65.849300	65.953300	57
65.953300	66.069300	78
66.062300	66.177300	76
66.066300	66.167300	56
66.168300	66.282300	78
66.272300	66.381300	80
66.273300	66.374300	64
66.273300	66.377300	61
66.377300	66.485300	76
66.471300	66.590300	73
66.476300	66.580300	64
66.479300	66.580300	61
66.581300	66.696300	75
66.682300	66.804300	76
66.685300	66.793300	64
66.685300	66.794300	61
66.794300	66.909300	73
66.898300	67.021300	75
66.899300	67.011300	56
67.011300	67.126300	76
67.112300	67.227300	78
67.113300	67.217300	66
67.115300	67.218300	63
67.218300	67.333300	75
67.322300	67.431300	63
67.322300	67.437300	72
67.323300	67.431300	66
67.433300	67.546300	73
67.535300	67.658300	75
67.540300	67.648300	63
67.540300	67.648300	66
67.649300	67.773200	72
67.763300	68.169200	73
67.764300	68.170200	61
67.764300	68.170200	64
68.197200	68.309200	76
68.302200	68.414200	74
68.406200	68.515200	73
68.512200	68.628200	71
68.617200	68.726200	57
68.617200	68.739200	69
68.729200	68.844200	71
68.830200	68.946200	73
68.831200	68.936200	64
68.834200	68.936200	61
68.937200	69.050200	74
69.048200	69.149200	64
69.048200	69.150200	61
69.048200	69.159200	76
69.152200	69.268200	78
69.254200	69.370200	80
69.258200	69.359200	61
69.258200	69.359200	64
69.359200	69.464200	81
69.467200	69.580200	81
69.472200	69.569200	59
69.569200	69.684200	80
69.674200	69.775200	64
69.674200	69.789200	78
69.675200	69.780200	62
69.780200	69.881200	76
69.881200	70.000200	76
69.884200	69.986200	56
69.989200	70.101200	74
70.090200	70.206200	73
70.091200	70.203200	64
70.094200	70.203200	62
70.204200	70.311200	71
70.304200	70.416200	69
70.308200	70.402200	57
70.403200	70.521200	71
70.510200	70.612100	64
70.510200	70.626100	73
70.511200	70.612100	61
70.616200	70.727100	74
70.720100	70.832100	76
70.721200	70.822200	61
70.721200	70.822200	64
70.825100	70.938100	78
70.927100	71.042100	64
70.927100	71.056100	80
70.928100	71.043100	61
71.043100	71.165100	81
71.165100	71.392100	82
71.166100	71.393100	52
71.393100	71.508100	83
71.396100	71.494100	62
71.397100	71.498100	56
71.603100	71.707100	56
71.603100	71.721100	76
71.604100	71.712100	62
71.714100	71.820100	74
71.816100	71.925100	73
71.817100	71.918100	56
71.817100	71.921100	62
71.921100	72.036100	71
72.022100	72.145100	69
72.023100	72.135100	57
72.135100	72.250100	71
72.240100	72.344100	64
72.240100	72.345100	61
72.240100	72.355100	73
72.345100	72.464100	74
72.453100	72.569100	76
72.454100	72.558100	61
72.454100	72.558100	64
72.562100	72.673100	78
72.663100	72.778100	80
72.664100	72.768100	61
72.664100	72.768100	64
72.769100	72.870100	81
72.877100	72.978100	59
72.877100	72.988100	81
72.979100	73.090100	80
73.079100	73.199100	78
73.083100	73.185100	64
73.084100	73.185100	62
73.186100	73.283100	76
73.290100	73.394100	56
73.290100	73.405100	76
73.395000	73.510000	74
73.500100	73.609000	64
73.500100	73.615000	73
73.501100	73.609000	62
73.612000	73.723000	71
73.713000	73.822000	73
73.714000	73.811000	57
73.811000	73.930000	76
73.917000	74.031000	69
73.920000	74.021000	54
74.022000	74.137000	73
74.126000	74.234000	71
74.127000	74.228000	50
74.231000	74.339000	74
74.325000	74.452000	68
74.330000	74.438000	52
74.441000	74.550000	71
74.550000	74.875000	69
74.551000	74.770000	45
74.770000	74.875000	57
74.980000	75.103000	85
75.096000	75.204000	86
75.194000	75.309000	85
75.298000	75.418000	83
75.407000	75.526000	81
75.411000	75.512000	52
75.512000	75.627000	83
75.624000	75.740000	81
75.625000	75.726000	61
75.625000	75.729000	57
75.729000	75.844000	80
75.834000	75.935000	61
75.834000	75.949000	78
75.835000	75.939000	57
75.940000	76.051000	81
76.041000	76.163000	80
76.042000	76.153000	61
76.044000	76.153000	57
76.153000	76.268000	78
76.257000	76.370000	77
76.258000	76.359000	56
76.363000	76.478000	78
76.464000	76.568900	61
76.464000	76.579000	80
76.468000	76.570000	59
76.570000	76.684900	77
76.678000	76.789900	73
76.680900	76.785900	61
76.682000	76.785900	59
76.785900	76.893900	75
76.886900	77.002900	77
76.891900	76.992900	59
76.891900	76.992900	61
76.993900	77.107900	73
77.097900	77.208900	54
77.097900	77.219900	78
77.209900	77.321900	77
77.310900	77.429900	78
77.311900	77.415900	61
77.314900	77.415900	57
77.419900	77.531900	80
77.520900	77.635900	81
77.521900	77.628900	61
77.521900	77.632900	57
77.632900	77.737900	80
77.734900	77.838900	61
77.734900	77.853900	81
77.737900	77.839900	57
77.843900	77.954900	83
77.943900	78.059900	85
77.944900	78.049900	49
78.049900	78.160900	84
78.147900	78.262900	85
78.151900	78.251900	61
78.151900	78.252900	56
78.252900	78.357900	84
78.357900	78.473900	85
78.358900	78.459900	61
78.360900	78.462900	55
78.465900	78.577900	86
78.566900	78.682900	85
78.567900	78.668900	61
78.567900	78.672900	54
78.672900	78.791900	82
78.781900	78.885900	47
78.781900	78.895900	86
78.886900	79.001900	85
78.994900	79.099900	59
78.994900	79.105900	86
78.995900	79.099900	54
79.103900	79.210800	85
79.203900	79.312900	86
79.204900	79.309800	54
79.204900	79.309800	59
79.310900	79.417800	85
79.407800	79.529800	86
79.410800	79.518800	59
79.410800	79.519800	54
79.519800	79.631800	85
79.620800	79.739800	86
79.624800	79.725800	47
79.725800	79.847800	85
79.837800	79.953800	83
79.838800	79.939800	59
79.840800	79.939800	56
79.942800	80.051800	81
80.047800	80.148800	59
80.047800	80.155800	80
80.048800	80.149800	56
80.153800	80.264800	81
80.254800	80.369800	83
80.255800	80.359800	59
80.257800	80.359800	56
80.362800	80.474800	80
80.463800	80.579800	81
80.464800	80.569800	49
80.569800	80.684800	83
80.670800	80.789800	85
80.674800	80.778800	57
80.674800	80.779800	54
80.779800	80.891800	81
80.887800	81.003800	77
80.888800	80.992800	49
80.992800	81.107800	78
81.097800	81.216800	80
81.098800	81.209800	56
81.098800	81.209800	59
81.210800	81.346800	77
81.335800	81.741800	78
81.335800	81.742800	54
81.335800	81.742800	57
81.769800	81.885800	76
81.874800	81.983800	74
81.979800	82.094800	73
82.084800	82.196800	71
82.193800	82.308800	69
82.194800	82.298800	57
82.298800	82.413800	71
82.406800	82.518800	73
82.410800	82.515700	61
82.410800	82.515700	64
82.516800	82.627700	74
82.616700	82.721700	64
82.616700	82.735700	76
82.620700	82.722700	61
82.724700	82.844700	78
82.833700	82.949700	80
82.834700	82.935700	61
82.834700	82.935700	64
82.938700	83.043700	81
83.046700	83.162700	81
83.051700	83.152700	59
83.153700	83.267700	80
83.257700	83.358700	64
83.257700	83.373700	78
83.258700	83.361700	62
83.362700	83.459700	76
83.467700	83.579700	76
83.468700	83.568700	56
83.572700	83.687700	74
83.673700	83.788700	73
83.674700	83.778700	64
83.676700	83.778700	62
83.779700	83.901700	71
83.887700	83.998700	69
83.890700	83.989700	57
83.989700	84.103700	71
84.093700	84.209700	73
84.094700	84.195700	61
84.094700	84.195700	64
84.198700	84.311700	74
84.299700	84.418700	76
84.300700	84.404700	64
84.304700	84.405700	61
84.408700	84.520700	78
84.510700	84.625700	64
84.510700	84.640700	80
84.511700	84.626700	61
84.626700	84.754700	81
84.754700	84.986700	82
84.755700	84.986700	52
84.986700	85.101700	83
84.990700	85.091700	62
84.990700	85.092700	56
85.192700	85.311700	76
85.196700	85.301700	56
85.199700	85.301700	62
85.302700	85.416700	74
85.402700	85.521600	73
85.405700	85.507700	56
85.406700	85.507700	62
85.507700	85.629600	71
85.620600	85.724600	57
85.620600	85.735600	69
85.725600	85.843600	71
85.833600	85.938600	64
85.833600	85.949600	73
85.836600	85.938600	61
85.938600	86.053600	74
86.042600	86.158600	76
86.043600	86.144600	64
86.043600	86.148600	61
86.151600	86.267600	78
86.257600	86.361600	64
86.257600	86.375600	80
86.260600	86.362600	61
86.362600	86.466600	81
86.473600	86.575600	59
86.473600	86.582600	81
86.579600	86.684600	80
86.679600	86.789600	78
86.680600	86.785600	64
86.683600	86.785600	62
86.788600	86.883600	76
86.890600	86.994600	56
86.890600	87.005600	76
86.995600	87.110600	74
87.100600	87.216600	73
87.101600	87.205600	62
87.101600	87.205600	64
87.205600	87.320600	71
87.306600	87.425600	73
87.310600	87.411600	57
87.411600	87.524600	76
87.517600	87.614600	54
87.517600	87.628600	69
87.617600	87.733600	73
87.719600	87.835600	71
87.720600	87.824600	50
87.824600	87.939600	74
87.925600	88.052600	68
87.930600	88.038600	52
88.041600	88.150500	71
88.150500	88.475600	69
88.151600	88.370600	45
88.371500	88.475600	57
88.583500	88.706500	85
88.703600	88.812500	86
88.801500	88.916500	85
88.902500	89.025500	83
89.014500	89.130500	81
89.015500	89.119500	52
89.119500	89.234500	83
89.224500	89.347500	81
89.225500	89.333500	57
89.225500	89.333500	61
89.336500	89.448500	80
89.438500	89.542500	61
89.438500	89.553500	78
89.439500	89.543500	57
89.546500	89.658500	81
89.648500	89.763500	80
89.649500	89.756500	61
89.649500	89.760500	57
89.760500	89.871500	78
89.861500	89.977500	77
89.862500	89.966500	56
89.966500	90.082500	78
90.068500	90.186500	80
90.071500	90.177500	61
90.075500	90.177500	59
90.177500	90.292500	77
90.285500	90.397500	73
90.286500	90.390500	61
90.288500	90.390500	59
90.390500	90.499500	75
90.495500	90.600500	61
90.495500	90.610500	77
90.499500	90.600500	59
90.601500	90.715500	73
90.705500	90.814500	54
90.705500	90.824500	78
90.814500	90.929500	77
90.918500	91.034400	78
90.919500	91.023500	61
90.922500	91.023500	57
91.024500	91.139400	80
91.128400	91.244400	81
91.129500	91.229400	61
91.129500	91.233500	57
91.234400	91.349400	80
91.338400	91.451400	81
91.339400	91.446400	61
91.339400	91.447400	57
91.451400	91.562400	83
91.551400	91.667400	85
91.552400	91.657400	49
91.657400	91.773400	84
91.759400	91.873400	85
91.762400	91.866400	56
91.762400	91.866400	61
91.867400	91.968400	84
91.968400	92.081400	85
91.972400	92.074400	61
91.973400	92.074400	55
92.074400	92.181400	86
92.178400	92.294400	85
92.179400	92.283400	54
92.179400	92.283400	61
92.284400	92.399400	82
92.385400	92.496400	47
92.385400	92.510400	86
92.497400	92.612400	85
92.602400	92.718400	86
92.603400	92.707400	54
92.603400	92.707400	59
92.707400	92.822400	85
92.811400	92.927400	86
92.812400	92.917400	54
92.812400	92.917400	59
92.918400	93.033400	85
93.018400	93.140400	86
93.022400	93.130400	59
93.022400	93.131400	54
93.131400	93.246400	85
93.235400	93.351400	86
93.236400	93.340400	47
93.340400	93.462400	85
93.448400	93.561400	83
93.449400	93.554400	59
93.453400	93.554400	56
93.555400	93.666400	81
93.659400	93.760400	59
93.659400	93.774300	80
93.662400	93.761300	56
93.764300	93.872300	81
93.862300	93.984300	83
93.863300	93.970300	56
93.863300	93.970300	59
93.974300	94.085300	80
94.082300	94.191300	81
94.083300	94.180300	49
94.181300	94.296300	83
94.285300	94.390300	57
94.285300	94.400300	85
94.286300	94.391300	54
94.391300	94.506300	81
94.492300	94.614300	77
94.496300	94.604300	49
94.607300	94.720300	78
94.709300	94.821300	56
94.709300	94.831300	80
94.713300	94.822300	59
94.822300	94.961300	77
94.947300	95.412300	78
94.947300	95.413300	57
94.950300	95.413300	54
95.440300	95.552300	69
95.443300	95.552300	81
95.654300	95.765300	71
95.658300	95.766300	83
95.766300	95.801300	45
95.802300	95.836300	49
95.837300	95.871300	52
95.871300	96.291300	73
95.872300	96.291300	85
95.874300	96.073300	57
96.073300	96.182300	57
96.291300	96.392300	69
96.292300	96.393300	81
96.292300	96.395300	57
96.497300	96.603300	71
96.498300	96.603300	83
96.498300	96.604300	57
96.606300	96.634300	45
96.638300	96.672300	49
96.673200	96.703300	52
96.707300	96.921200	73
96.708200	96.921200	85
96.710200	96.911300	57
96.911300	97.011200	71
96.911300	97.016200	57
96.911300	97.016200	83
97.117200	97.218200	69
97.118200	97.218200	81
97.120200	97.219200	57
97.319200	97.432200	68
97.324200	97.433200	57
97.324200	97.433200	80
97.435200	97.470200	38
97.474200	97.509200	42
97.509200	97.547200	45
97.547200	97.761200	66
97.548200	97.761200	78
97.551200	97.754200	50
97.750200	97.855200	68
97.754200	97.855200	80
97.754200	97.856200	50
97.859200	97.891200	39
97.894200	97.926200	42
97.926200	97.960200	45
97.961200	98.188200	69
97.961200	98.188200	81
97.963200	98.177200	51
98.174200	98.285200	71
98.177200	98.286200	51
98.177200	98.286200	83
98.287200	98.320200	40
98.321200	98.359200	44
98.360200	98.394200	47
98.398200	98.709200	68
98.399200	98.615200	52
98.399200	98.709200	80
98.614200	98.727200	64
98.615200	98.728200	76
98.615200	98.730200	52
98.839200	98.940200	69
98.839200	98.943200	81
99.052200	99.154100	71
99.053100	99.157100	83
99.157100	99.193100	45
99.193100	99.224100	49
99.228100	99.262100	52
99.263100	99.672100	73
99.264100	99.462100	57
99.264100	99.673100	85
99.462100	99.567100	57
99.675100	99.777100	69
99.676100	99.778100	81
99.676100	99.780100	57
99.875100	99.987100	71
99.875100	99.988100	83
99.879100	99.988100	57
99.990100	100.022000	45
100.023000	100.053000	49
100.058000	100.088000	52
100.092000	100.305000	73
100.093000	100.295000	57
100.093000	100.305000	85
100.294000	100.396000	71
100.295000	100.397000	83
100.295000	100.400000	57
100.502000	100.606000	69
100.505000	100.607000	81
100.505000	100.610000	57
100.711000	100.817000	68
100.712000	100.820000	57
100.712000	100.820000	80
100.821000	100.859000	38
100.859000	100.889000	42
100.894000	100.924000	45
100.925000	101.149000	66
100.929000	101.139000	50
100.929000	101.149000	78
101.135000	101.239000	71
101.135000	101.240000	83
101.139000	101.240000	50
101.243000	101.278000	40
101.279000	101.313000	44
101.318000	101.348000	47
101.349000	101.586000	68
101.353000	101.586000	80
101.355000	101.579000	52
101.575000	101.695000	64
101.576000	101.696000	76
101.579000	101.696000	52
101.811000	102.230000	69
101.811000	102.231000	81
101.811000	102.233000	45
102.262000	102.363000	69
102.263000	102.367000	81
102.472000	102.573000	71
102.472000	102.578000	83
102.580000	102.615000	45
102.616000	102.650000	49
102.651000	102.685000	52
102.685000	103.102000	73
102.686000	103.102000	85
102.689000	102.888000	57
102.888000	102.993000	57
103.106000	103.206000	69
103.106000	103.207000	81
103.109000	103.207000	57
103.308000	103.417000	71
103.309000	103.417000	83
103.309000	103.418000	57
103.421000	103.452000	45
103.452000	103.486000	49
103.487000	103.522000	52
103.522000	103.736000	73
103.523000	103.736000	85
103.525000	103.729000	57
103.725000	103.829000	71
103.725000	103.830000	83
103.729000	103.830000	57
103.931000	104.036000	69
103.935000	104.037000	81
103.936000	104.040000	57
104.142000	104.246000	68
104.145000	104.247000	80
104.145000	104.250000	57
104.251000	104.281000	38
104.282000	104.316000	42
104.316000	104.359000	45
104.359000	104.572000	66
104.360000	104.572000	78
104.362000	104.562000	50
104.558000	104.670000	68
104.561000	104.673000	80
104.562000	104.673000	50
104.674000	104.705000	39
104.705000	104.740000	42
104.744000	104.774000	45
104.775000	105.002000	69
104.778000	105.002000	81
104.779000	104.992000	51
104.988000	105.100000	71
104.989000	105.101000	83
104.992000	105.104000	51
105.104000	105.142000	40
105.143000	105.174000	44
105.177000	105.216000	47
105.217000	105.527000	68
105.219000	105.430000	52
105.219000	105.527000	80
105.430000	105.541000	64
105.430000	105.542000	76
105.430000	105.545000	52
105.657000	105.762000	69
105.657000	105.762000	81
105.863000	105.972000	71
105.867000	105.972000	83
105.973000	106.004000	45
106.007000	106.042000	49
106.042000	106.074000	52
106.077000	106.486000	73
106.078000	106.487000	85
106.081000	106.280000	57
106.280000	106.382000	57
106.490000	106.591000	69
106.491000	106.591000	81
106.491000	106.595000	57
106.690000	106.801000	71
106.693000	106.802000	57
106.693000	106.802000	83
106.805000	106.836000	45
106.837000	106.871000	49
106.872000	106.906000	52
106.907000	107.120000	73
106.907000	107.120000	85
106.910000	107.117000	57
107.116000	107.218000	71
107.117000	107.221000	57
107.117000	107.221000	83
107.316000	107.424000	69
107.320000	107.425000	57
107.320000	107.425000	81
107.526000	107.638000	68
107.529000	107.638000	80
107.529000	107.639000	57
107.639000	107.670000	38
107.673000	107.708000	42
107.708000	107.746000	45
107.747000	107.967000	66
107.750000	107.953000	50
107.750000	107.967000	78
107.950000	108.068000	71
107.953000	108.069000	50
107.953000	108.069000	83
108.070000	108.107000	40
108.108000	108.142000	44
108.143000	108.184000	47
108.185000	108.405000	52
108.185000	108.415000	68
108.185000	108.415000	80
108.404000	108.520000	64
108.405000	108.521000	52
108.405000	108.521000	76
108.636000	109.192000	69
108.636000	109.195000	81
108.637000	109.195000	45
109.234000	109.332000	71
109.336000	109.430000	69
109.433000	109.528000	68
109.531000	109.644000	69
109.647000	109.850000	57
109.647000	109.850000	72
109.843000	109.941000	64
109.844000	109.941000	60
110.053000	110.473000	74
110.054000	110.257000	60
110.054000	110.257000	64
110.154000	110.357000	72
110.256000	110.473000	71
110.257000	110.473000	60
110.257000	110.473000	64
110.357000	110.473000	72
110.470000	110.672000	76
110.473000	110.672000	57
110.665000	110.763000	64
110.669000	110.767000	60
110.879000	111.076000	64
110.879000	111.282000	77
110.880000	111.078000	60
110.980000	111.177000	76
111.076000	111.282000	64
111.076000	111.282000	75
111.078000	111.282000	60
111.177000	111.282000	76
111.278000	111.678000	83
111.282000	111.680000	57
111.377000	111.576000	81
111.475000	111.681000	80
111.477000	111.681000	60
111.477000	111.681000	64
111.576000	111.681000	81
111.678000	112.100000	83
111.680000	112.098000	57
111.778000	111.982000	81
111.884000	112.100000	64
111.884000	112.100000	80
111.885000	112.100000	60
111.982000	112.100000	81
112.097000	112.521000	84
112.098000	112.303000	57
112.300000	112.401000	64
112.301000	112.405000	60
112.521000	112.618000	81
112.522000	112.619000	64
112.522000	112.622000	60
112.716000	112.825000	84
112.717000	112.829000	64
112.720000	112.830000	60
112.902000	112.919000	79
112.920000	112.944000	81
112.945000	113.045000	83
112.945000	113.050000	52
113.144000	113.245000	78
113.147000	113.245000	81
113.151000	113.245000	64
113.151000	113.248000	59
113.350000	113.448000	76
113.351000	113.449000	64
113.351000	113.449000	79
113.353000	113.452000	59
113.546000	113.658000	78
113.546000	113.659000	81
113.550000	113.659000	59
113.550000	113.659000	64
113.728000	113.749000	79
113.749000	113.774000	81
113.775000	113.872000	52
113.775000	113.872000	83
113.976000	114.075000	78
113.977000	114.078000	81
113.980000	114.079000	64
113.981000	114.079000	59
114.173000	114.277000	76
114.173000	114.282000	79
114.175000	114.282000	64
114.176000	114.282000	59
114.375000	114.481000	78
114.379000	114.481000	81
114.380000	114.484000	59
114.380000	114.484000	64
114.551000	114.575000	79
114.576000	114.620000	81
114.596000	114.694000	83
114.597000	114.694000	52
114.799000	114.897000	78
114.803000	114.901000	64
114.803000	114.901000	81
114.804000	114.904000	59
114.995000	115.107000	76
114.998000	115.107000	79
114.999000	115.111000	47
115.219000	115.334000	75
115.220000	115.334000	78
115.220000	115.338000	59
115.450000	115.908000	76
115.450000	115.909000	52
115.940000	116.038000	71
116.038000	116.136000	69
116.136000	116.234000	68
116.235000	116.350000	69
116.350000	116.552000	72
116.353000	116.552000	57
116.545000	116.647000	64
116.549000	116.648000	60
116.763000	116.963000	60
116.763000	117.180000	74
116.764000	116.963000	64
116.865000	117.061000	72
116.963000	117.180000	60
116.963000	117.180000	64
116.963000	117.180000	71
117.061000	117.180000	72
117.176000	117.375000	76
117.177000	117.375000	57
117.372000	117.470000	64
117.372000	117.472000	60
117.581000	117.984000	77
117.582000	117.781000	60
117.582000	117.781000	64
117.683000	117.887000	76
117.780000	117.984000	75
117.781000	117.984000	60
117.781000	117.984000	64
117.887000	117.984000	76
117.981000	118.383000	83
117.984000	118.384000	57
118.089000	118.286000	81
118.187000	118.387000	80
118.188000	118.387000	64
118.190000	118.387000	60
118.286000	118.387000	81
118.383000	118.804000	83
118.384000	118.804000	57
118.482000	118.688000	81
118.587000	118.804000	64
118.587000	118.804000	80
118.589000	118.804000	60
118.688000	118.804000	81
118.803000	119.223000	84
118.804000	119.013000	57
119.003000	119.107000	64
119.003000	119.108000	60
119.226000	119.328000	81
119.227000	119.328000	64
119.227000	119.332000	60
119.426000	119.531000	84
119.427000	119.532000	64
119.430000	119.534000	60
119.608000	119.626000	79
119.626000	119.647000	81
119.647000	119.751000	83
119.650000	119.755000	52
119.849000	119.955000	78
119.853000	119.955000	81
119.854000	119.958000	59
119.854000	119.958000	64
120.053000	120.154000	76
120.053000	120.155000	79
120.056000	120.155000	64
120.056000	120.157000	59
120.256000	120.361000	78
120.259000	120.361000	81
120.259000	120.364000	64
120.260000	120.364000	59
120.430000	120.455000	79
120.456000	120.476000	81
120.477000	120.578000	83
120.479000	120.579000	52
120.678000	120.780000	78
120.683000	120.784000	81
120.683000	120.785000	64
120.686000	120.785000	59
120.886000	120.984000	76
120.887000	120.984000	64
120.887000	120.984000	79
120.887000	120.987000	59
121.081000	121.193000	78
121.082000	121.194000	64
121.082000	121.194000	81
121.085000	121.194000	59
121.253000	121.278000	79
121.281000	121.323000	81
121.302000	121.400000	83
121.302000	121.401000	52
121.498000	121.603000	78
121.499000	121.603000	81
121.501000	121.607000	59
121.501000	121.607000	64
121.701000	121.813000	76
121.705000	121.814000	47
121.705000	121.814000	79
121.922000	122.044000	75
121.925000	122.045000	78
121.925000	122.047000	59
122.166000	122.597000	76
122.167000	122.597000	52
122.625000	122.737000	72
122.625000	122.738000	76
122.846000	122.951000	74
122.849000	122.951000	77
123.055000	123.161000	76
123.056000	123.162000	48
123.056000	123.162000	79
123.265000	123.367000	76
123.266000	123.371000	60
123.266000	123.371000	79
123.472000	123.577000	52
123.472000	123.577000	81
123.581000	123.903000	79
123.683000	123.903000	77
123.685000	123.903000	64
123.788000	123.903000	76
123.899000	124.337000	71
123.899000	124.337000	74
123.900000	124.337000	55
124.120000	124.337000	67
124.336000	124.442000	72
124.337000	124.442000	76
124.554000	124.655000	74
124.554000	124.659000	77
124.764000	124.865000	76
124.764000	124.869000	79
124.765000	124.869000	48
124.970000	125.075000	76
124.971000	125.076000	79
124.973000	125.078000	60
125.180000	125.285000	81
125.180000	125.286000	52
125.286000	125.608000	79
125.391000	125.608000	64
125.391000	125.608000	77
125.496000	125.608000	76
125.604000	126.045000	74
125.608000	126.045000	55
125.608000	126.045000	71
126.042000	126.153000	69
126.044000	126.157000	72
126.265000	126.377000	71
126.266000	126.378000	74
126.482000	126.583000	72
126.482000	126.584000	76
126.483000	126.588000	45
126.688000	126.794000	72
126.689000	126.794000	76
126.689000	126.797000	57
126.899000	126.996000	77
126.899000	126.997000	48
126.997000	127.328000	76
127.102000	127.328000	60
127.102000	127.328000	74
127.213000	127.328000	72
127.322000	127.756000	71
127.324000	127.756000	68
127.325000	127.756000	52
127.535000	127.756000	64
127.755000	127.861000	69
127.755000	127.861000	72
127.972000	128.074000	71
127.973000	128.077000	74
128.186000	128.283000	72
128.186000	128.288000	76
128.187000	128.288000	45
128.396000	128.501000	72
128.396000	128.501000	76
128.397000	128.501000	57
128.598000	128.704000	77
128.599000	128.704000	48
128.705000	129.033000	76
128.805000	129.033000	74
128.809000	129.033000	60
128.914000	129.033000	72
129.029000	129.524000	71
129.030000	129.526000	68
129.033000	129.526000	52
129.524000	129.554000	71
129.557000	129.656000	69
129.657000	129.761000	68
129.761000	129.869000	69
129.870000	130.079000	72
129.872000	130.079000	57
130.069000	130.166000	64
130.069000	130.167000	60
130.282000	130.699000	74
130.283000	130.482000	60
130.283000	130.482000	64
130.385000	130.580000	72
130.481000	130.699000	71
130.482000	130.699000	60
130.482000	130.699000	64
130.580000	130.699000	72
130.695000	130.901000	76
130.696000	130.901000	57
130.891000	130.989000	64
130.892000	130.989000	60
131.098000	131.504000	77
131.102000	131.308000	60
131.102000	131.308000	64
131.202000	131.406000	76
131.305000	131.504000	75
131.308000	131.504000	60
131.308000	131.504000	64
131.406000	131.504000	76
131.501000	131.904000	83
131.503000	131.904000	57
131.606000	131.804000	81
131.703000	131.904000	80
131.707000	131.904000	60
131.707000	131.904000	64
131.804000	131.904000	81
131.904000	132.347000	57
131.904000	132.347000	83
132.008000	132.219000	81
132.110000	132.347000	80
132.113000	132.347000	60
132.113000	132.347000	64
132.219000	132.347000	81
132.344000	132.770000	84
132.347000	132.557000	53
132.547000	132.648000	63
132.548000	132.652000	57
132.771000	132.869000	81
132.775000	132.870000	63
132.775000	132.872000	57
132.974000	133.078000	83
132.977000	133.079000	63
132.977000	133.083000	57
133.191000	133.289000	84
133.192000	133.289000	52
133.393000	133.491000	83
133.394000	133.492000	57
133.394000	133.492000	64
133.597000	133.695000	50
133.597000	133.695000	81
133.799000	133.908000	80
133.800000	133.912000	53
133.800000	133.912000	59
134.017000	134.114000	81
134.017000	134.115000	48
134.216000	134.314000	76
134.220000	134.317000	57
134.220000	134.318000	52
134.419000	134.524000	50
134.420000	134.528000	77
134.622000	134.734000	74
134.626000	134.735000	59
134.626000	134.737000	53
134.843000	135.049000	52
134.843000	135.252000	72
134.846000	135.045000	57
135.049000	135.245000	52
135.116263	135.334263	57
135.245000	135.473000	52
135.252000	135.309000	72
135.253000	135.474000	56
135.305000	135.414000	71
135.361000	135.476000	72
135.414000	135.522000	71
135.473000	135.730000	52
135.474000	135.730000	56
135.476000	135.730000	72
135.522000	135.634000	71
135.571000	135.728000	69
135.634000	135.730000	71
135.728000	136.166000	69
135.729000	136.169000	57
135.729000	136.204000	45
136.204000	136.305000	72
136.205000	136.310000	76
136.417000	136.523000	74
136.418000	136.523000	77
136.635000	136.736000	76
136.635000	136.737000	79
136.635000	136.739000	48
136.834000	136.940000	76
136.838000	136.940000	60
136.838000	136.940000	79
137.044000	137.149000	81
137.045000	137.149000	52
137.150000	137.478000	79
137.255000	137.478000	77
137.256000	137.478000	64
137.366000	137.478000	76
137.476000	137.916000	71
137.476000	137.916000	74
137.478000	137.916000	55
137.689000	137.916000	67
137.913000	138.013000	72
137.914000	138.014000	76
138.122000	138.228000	74
138.122000	138.231000	77
138.332000	138.437000	76
138.339000	138.438000	79
138.340000	138.438000	48
138.543000	138.643000	76
138.543000	138.647000	79
138.546000	138.648000	60
138.752000	138.854000	81
138.753000	138.858000	52
138.858000	139.187000	79
138.959000	139.187000	77
138.963000	139.187000	64
139.067000	139.187000	76
139.183000	139.616000	74
139.184000	139.616000	55
139.184000	139.616000	71
139.614000	139.729000	69
139.614000	139.730000	72
139.838000	139.945000	71
139.838000	139.949000	74
140.051000	140.156000	72
140.052000	140.156000	76
140.054000	140.157000	45
140.257000	140.366000	72
140.261000	140.367000	76
140.264000	140.367000	57
140.467000	140.575000	77
140.471000	140.576000	48
140.576000	140.898000	76
140.675000	140.898000	60
140.675000	140.898000	74
140.786000	140.898000	72
140.895000	141.333000	71
140.896000	141.333000	68
140.897000	141.333000	52
141.108000	141.333000	64
141.332000	141.433000	69
141.333000	141.433000	72
141.541000	141.647000	71
141.546000	141.648000	74
141.755000	141.863000	72
141.759000	141.864000	76
141.760000	141.864000	45
141.965000	142.070000	72
141.969000	142.070000	76
141.970000	142.074000	57
142.171000	142.273000	77
142.172000	142.278000	48
142.278000	142.603000	76
142.378000	142.603000	74
142.382000	142.603000	60
142.485000	142.603000	72
142.600000	143.033000	71
142.602000	143.033000	52
142.602000	143.033000	68
143.033000	143.128000	71
143.131000	143.225000	69
143.230000	143.330000	68
143.330000	143.443000	69
143.443000	143.652000	72
143.444000	143.652000	57
143.638000	143.737000	60
143.638000	143.737000	64
143.851000	144.268000	74
143.855000	144.053000	60
143.856000	144.055000	64
143.957000	144.153000	72
144.052000	144.268000	71
144.053000	144.268000	60
144.055000	144.268000	64
144.153000	144.268000	72
144.266000	144.474000	76
144.268000	144.474000	57
144.464000	144.562000	64
144.465000	144.563000	60
144.674000	144.878000	64
144.674000	144.879000	60
144.674000	145.084000	77
144.781000	144.979000	76
144.878000	145.084000	64
144.878000	145.084000	75
144.879000	145.084000	60
144.979000	145.084000	76
145.081000	145.480000	83
145.082000	145.480000	57
145.179000	145.378000	81
145.277000	145.482000	80
145.280000	145.482000	60
145.280000	145.482000	64
145.378000	145.482000	81
145.480000	145.918000	57
145.480000	145.918000	83
145.578000	145.789000	81
145.683000	145.918000	80
145.686000	145.918000	60
145.686000	145.918000	64
145.789000	145.918000	81
145.917000	146.344000	84
145.918000	146.117000	57
146.116000	146.228000	63
146.117000	146.229000	57
146.344000	146.441000	81
146.348000	146.445000	63
146.348000	146.446000	57
146.547000	146.652000	63
146.547000	146.652000	83
146.548000	146.656000	57
146.763000	146.862000	84
146.764000	146.863000	52
146.964000	147.061000	83
146.967000	147.065000	64
146.967000	147.068000	57
147.166000	147.271000	81
147.167000	147.275000	50
147.376000	147.481000	80
147.377000	147.485000	59
147.379000	147.486000	53
147.586000	147.691000	81
147.586000	147.692000	48
147.789000	147.894000	76
147.793000	147.894000	57
147.794000	147.898000	52
147.993000	148.097000	50
147.999000	148.104000	77
148.202000	148.311000	59
148.202000	148.311000	74
148.206000	148.315000	53
148.416000	148.830000	72
148.419000	148.626000	52
148.420000	148.625000	57
148.625000	148.839000	57
148.626000	148.822000	52
148.822000	149.043000	52
148.830000	148.881000	72
148.832000	149.045000	56
148.881000	148.987000	71
148.934000	149.056000	72
148.987000	149.102000	71
149.043000	149.308000	52
149.045000	149.308000	56
149.056000	149.308000	72
149.102000	149.210000	71
149.147000	149.304000	69
149.210000	149.308000	71
149.304000	149.746000	69
149.305000	149.749000	57
149.305000	149.774000	45
149.774000	150.205000	69
149.879000	150.205000	81
149.987000	150.205000	71
150.090000	150.205000	45
150.090000	150.205000	83
150.131000	150.205000	49
150.162000	150.205000	52
150.201000	151.037000	73
150.202000	150.405000	57
150.305000	151.041000	85
150.405000	150.618000	57
150.617000	151.041000	69
150.618000	150.821000	57
150.716000	151.041000	81
150.820000	151.041000	71
150.821000	151.038000	57
150.926000	151.041000	83
150.928000	151.041000	45
150.961000	151.041000	49
151.000000	151.041000	52
151.037000	151.875000	73
151.038000	151.238000	57
151.135000	151.875000	85
151.237000	151.875000	71
151.238000	151.443000	57
151.345000	151.875000	83
151.440000	151.875000	69
151.443000	151.654000	57
151.545000	151.875000	81
151.651000	151.875000	68
151.654000	151.875000	57
151.762000	151.875000	80
151.763000	151.875000	38
151.797000	151.875000	42
151.836000	151.875000	45
151.874000	152.081000	50
151.874000	152.294000	66
151.976000	152.294000	78
152.081000	152.294000	50
152.081000	152.294000	68
152.186000	152.294000	80
152.189000	152.294000	39
152.221000	152.294000	42
152.252000	152.294000	45
152.291000	152.729000	69
152.292000	152.505000	51
152.395000	152.729000	81
152.504000	152.729000	71
152.505000	152.729000	51
152.615000	152.729000	83
152.616000	152.729000	40
152.655000	152.729000	44
152.690000	152.729000	47
152.728000	153.182000	68
152.729000	152.942000	52
152.837000	153.182000	80
152.941000	153.182000	64
152.942000	153.182000	52
153.058000	153.182000	76
153.166000	153.582000	69
153.264000	153.582000	81
153.365000	153.582000	71
153.467000	153.582000	83
153.470000	153.582000	45
153.502000	153.582000	49
153.537000	153.582000	52
153.579000	154.402000	73
153.581000	153.782000	57
153.677000	154.405000	85
153.782000	153.989000	57
153.988000	154.405000	69
153.989000	154.196000	57
154.090000	154.405000	81
154.195000	154.405000	71
154.196000	154.405000	57
154.299000	154.405000	83
154.300000	154.405000	45
154.334000	154.405000	49
154.367000	154.405000	52
154.402000	155.249000	73
154.405000	154.612000	57
154.509000	155.249000	85
154.612000	155.249000	71
154.717000	155.249000	83
154.814000	155.249000	69
154.815000	155.025000	57
154.920000	155.249000	81
155.024000	155.249000	68
155.025000	155.249000	57
155.136000	155.249000	38
155.136000	155.249000	80
155.168000	155.249000	42
155.210000	155.249000	45
155.245000	155.671000	66
155.248000	155.456000	50
155.349000	155.671000	78
155.455000	155.671000	71
155.456000	155.671000	50
155.559000	155.671000	83
155.560000	155.671000	40
155.592000	155.671000	44
155.634000	155.671000	47
155.669000	156.130000	68
155.671000	155.896000	52
155.778000	156.130000	80
155.893000	156.130000	64
155.896000	156.130000	52
156.011000	156.130000	76
156.127000	156.550000	69
156.130000	156.551000	45
156.130000	156.551000	81
156.571000	157.002000	69
156.676000	157.002000	81
156.774000	157.002000	71
156.887000	157.002000	83
156.890000	157.002000	45
156.922000	157.002000	49
156.956000	157.002000	52
156.999000	157.201000	57
156.999000	157.828000	73
157.097000	157.831000	85
157.201000	157.411000	57
157.408000	157.831000	69
157.411000	157.622000	57
157.513000	157.831000	81
157.621000	157.831000	71
157.622000	157.829000	57
157.726000	157.831000	45
157.726000	157.831000	83
157.758000	157.831000	49
157.793000	157.831000	52
157.828000	158.672000	73
157.829000	158.034000	57
157.933000	158.672000	85
158.031000	158.672000	71
158.136000	158.672000	83
158.240000	158.672000	69
158.241000	158.444000	57
158.346000	158.672000	81
158.444000	158.672000	57
158.444000	158.672000	68
158.555000	158.672000	80
158.556000	158.672000	38
158.594000	158.672000	42
158.629000	158.672000	45
158.671000	159.087000	66
158.672000	158.874000	50
158.769000	159.087000	78
158.871000	159.087000	68
158.874000	159.087000	50
158.979000	159.087000	39
158.979000	159.087000	80
159.011000	159.087000	42
159.046000	159.087000	45
159.081000	159.526000	69
159.084000	159.298000	51
159.193000	159.526000	81
159.294000	159.526000	71
159.298000	159.526000	51
159.413000	159.526000	40
159.413000	159.526000	83
159.449000	159.526000	44
159.487000	159.526000	47
159.525000	159.973000	68
159.526000	159.739000	52
159.627000	159.973000	80
159.739000	159.973000	52
159.739000	159.973000	64
159.848000	159.973000	76
159.952000	160.369000	69
160.056000	160.369000	81
160.156000	160.369000	71
160.260000	160.369000	83
160.261000	160.369000	45
160.295000	160.369000	49
160.330000	160.369000	52
160.365000	160.568000	57
160.365000	161.198000	73
160.471000	161.199000	85
160.568000	160.775000	57
160.774000	161.199000	69
160.775000	160.981000	57
160.883000	161.199000	81
160.981000	161.198000	57
160.981000	161.199000	71
161.090000	161.199000	83
161.093000	161.199000	45
161.125000	161.199000	49
161.159000	161.199000	52
161.198000	161.399000	57
161.198000	162.041000	73
161.300000	162.041000	85
161.398000	162.041000	71
161.399000	161.608000	57
161.503000	162.041000	83
161.604000	162.041000	69
161.608000	161.817000	57
161.713000	162.041000	81
161.815000	162.041000	68
161.817000	162.041000	57
161.926000	162.041000	80
161.930000	162.041000	38
161.961000	162.041000	42
161.996000	162.041000	45
162.032000	162.241000	50
162.032000	162.465000	66
162.137000	162.465000	78
162.241000	162.465000	50
162.241000	162.465000	71
162.350000	162.465000	83
162.353000	162.465000	40
162.384000	162.465000	44
162.420000	162.465000	47
162.455000	162.909000	68
162.458000	162.682000	52
162.571000	162.909000	80
162.679000	162.909000	64
162.682000	162.868000	52
162.798000	162.909000	45
162.798000	162.909000	76
162.833000	162.909000	49
162.868000	162.909000	52
162.903000	163.655000	69
162.904000	163.655000	81
162.905000	163.109000	57
163.109000	163.323000	57
163.320000	163.631000	85
163.321000	163.711000	73
163.323000	163.522000	57
163.522000	163.655000	57
163.631000	163.714000	85
163.635000	163.665000	45
163.669000	163.700000	49
163.701000	163.735000	52
163.715000	164.492000	73
163.718000	164.492000	76
163.732000	164.492000	81
163.736000	164.571000	85
163.739000	163.945000	57
163.945000	164.152000	57
164.152000	164.355000	57
164.355000	164.492000	57
164.471000	164.502000	45
164.502000	164.537000	49
164.541000	164.572000	52
164.548000	165.307000	73
164.555000	165.307000	76
164.564000	165.307000	81
164.575000	165.408000	85
164.576000	164.779000	57
164.779000	164.986000	57
164.986000	165.192000	57
165.192000	165.307000	57
165.304000	165.338000	45
165.339000	165.373000	49
165.374000	165.408000	52
165.409000	165.822000	86
165.412000	165.612000	57
165.515000	165.716000	85
165.612000	165.822000	57
165.612000	166.029000	83
165.716000	165.927000	85
165.822000	166.031000	57
165.822000	166.196000	86
165.927000	166.140000	85
166.029000	166.196000	83
166.031000	166.196000	57
166.140000	166.196000	85
166.144000	166.196000	38
166.175000	166.214000	42
166.214000	166.255000	45
166.256000	167.092000	78
166.256000	167.092000	81
166.259000	167.061000	86
166.260000	166.459000	50
166.459000	166.665000	50
166.665000	166.871000	50
166.871000	167.004000	50
166.980000	167.015000	45
167.018000	167.050000	49
167.050000	167.093000	52
167.064000	167.096000	86
167.096000	167.155000	76
167.097000	167.155000	81
167.099000	167.155000	57
167.099000	167.155000	85
167.270000	167.298000	86
167.302000	167.351000	76
167.303000	167.355000	81
167.305000	167.355000	85
167.306000	167.356000	57
167.480000	167.502000	86
167.502000	167.554000	76
167.505000	167.555000	81
167.509000	167.557000	85
167.509000	167.558000	57
167.687000	167.712000	86
167.713000	167.771000	76
167.715000	167.771000	81
167.716000	167.772000	85
167.716000	167.775000	57
167.824000	167.855000	40
167.858000	168.695000	44
167.894000	168.695000	47
167.928000	168.793000	76
167.929000	168.813000	80
167.932000	168.695000	83
167.933000	168.134000	52
168.134000	168.338000	52
168.338000	168.548000	52
168.548000	168.695000	52
168.661000	168.775000	88
168.664000	168.708000	45
168.712000	168.764000	49
168.764000	168.814000	52
168.775000	169.569000	73
168.793000	169.569000	76
168.802000	169.569000	81
168.816000	169.650000	85
168.817000	169.023000	57
169.023000	169.230000	57
169.230000	169.436000	57
169.436000	169.569000	57
169.545000	169.579000	45
169.583000	169.614000	49
169.615000	169.650000	52
169.629000	170.385000	73
169.632000	170.385000	76
169.646000	170.385000	81
169.653000	169.859000	57
169.653000	170.486000	85
170.066000	170.273000	57
170.273000	170.385000	57
170.381000	170.416000	45
170.420000	170.451000	49
170.452000	170.487000	52
170.489000	170.899000	86
170.490000	170.693000	57
170.592000	170.795000	85
170.689000	171.110000	83
170.693000	170.900000	57
170.795000	171.005000	85
170.899000	171.224000	86
170.900000	171.110000	57
171.005000	171.217000	85
171.110000	171.224000	57
171.110000	171.224000	83
171.217000	171.274000	85
171.218000	171.253000	38
171.253000	171.295000	42
171.295000	171.333000	45
171.333000	172.162000	78
171.337000	171.536000	50
171.337000	172.141000	86
171.337000	172.163000	81
171.536000	171.746000	50
171.746000	171.942000	50
171.942000	172.082000	50
172.057000	172.092000	45
172.093000	172.127000	49
172.131000	172.166000	52
172.142000	172.167000	86
172.167000	173.005000	76
172.169000	173.006000	81
172.170000	172.379000	57
172.170000	172.982000	85
172.379000	172.583000	57
172.583000	172.792000	57
172.792000	172.905000	57
172.901000	172.936000	40
172.936000	172.971000	44
172.975000	173.006000	47
172.985000	173.009000	85
173.010000	173.216000	76
173.010000	173.217000	80
173.011000	173.217000	83
173.013000	173.220000	52
173.185000	173.394000	85
173.216000	173.419000	76
173.217000	173.420000	80
173.217000	173.422000	83
173.220000	173.423000	52
173.394000	173.605000	85
173.419000	173.629000	76
173.420000	173.629000	80
173.422000	173.630000	83
173.423000	173.633000	52
173.605000	173.751000	85
173.629000	173.751000	76
173.629000	173.751000	80
173.630000	173.751000	83
173.633000	173.751000	52
173.846000	174.256000	81
173.850000	174.287000	57
173.951000	174.175000	64
174.063000	174.487000	61
174.175000	174.382000	64
174.228000	174.620000	76
174.256000	174.620000	81
174.284000	174.599000	85
174.382000	174.600000	64
174.487000	174.620000	61
174.599000	174.647000	85
174.600000	174.700000	64
174.652000	174.676000	76
174.679000	174.703000	81
174.704000	175.114000	57
174.704000	175.484000	85
174.805000	175.011000	64
174.910000	175.324000	61
175.011000	175.218000	64
175.114000	175.456000	57
175.218000	175.432000	64
175.397769	175.529769	61
175.432000	175.537000	64
175.484000	175.512000	76
175.516000	175.537000	81
175.540000	175.950000	57
175.540000	176.377000	85
175.642000	175.845000	64
175.747000	176.160000	61
175.845000	176.055000	64
175.950000	176.377000	57
176.055000	176.269000	64
176.160000	176.377000	61
176.269000	176.377000	64
176.374000	176.786000	86
176.377000	176.787000	57
176.479000	176.681000	85
176.482000	176.684000	64
176.577000	176.997000	83
176.579000	176.998000	61
176.681000	176.891000	85
176.684000	176.894000	64
176.786000	177.220000	86
176.891000	177.105000	85
176.894000	177.108000	64
176.997000	177.224000	83
176.998000	177.224000	61
177.105000	177.224000	85
177.108000	177.224000	64
177.220000	178.029000	86
177.224000	177.318000	57
177.319000	177.528000	66
177.424000	177.843000	62
177.528000	177.739000	66
177.634000	178.061000	57
177.739000	177.949000	66
177.843000	178.092000	62
177.949000	178.092000	66
178.029000	178.092000	86
178.060000	178.106000	85
178.061000	178.473000	57
178.162000	178.368000	64
178.236000	178.445000	86
178.267000	178.470000	85
178.270000	178.680000	61
178.368000	178.575000	64
178.445000	178.655000	86
178.470000	178.679000	85
178.550531	178.974531	57
178.575000	178.788000	64
178.655000	178.897000	86
178.679000	178.897000	85
178.680000	178.897000	61
178.788000	178.897000	64
178.894000	179.307000	52
178.894000	179.773000	83
178.995000	179.205000	64
179.103000	179.513000	59
179.205000	179.411000	64
179.307000	179.741000	52
179.411000	179.628000	64
179.513000	179.773000	59
179.625000	179.773000	88
179.628000	179.773000	64
179.696000	179.773000	45
179.717000	179.773000	49
179.727000	180.517000	73
179.740000	180.517000	76
179.741000	179.773000	52
179.758000	180.517000	81
179.768000	180.604000	85
179.772000	179.971000	57
179.971000	180.184000	57
180.184000	180.388000	57
180.388000	180.517000	57
180.497000	180.527000	45
180.531000	180.566000	49
180.567000	180.605000	52
180.573000	181.336000	73
180.587000	181.336000	76
180.594000	181.336000	81
180.605000	181.434000	85
180.609000	180.808000	57
180.808000	181.019000	57
181.019000	181.224000	57
181.224000	181.336000	57
181.329000	181.364000	45
181.364000	181.399000	49
181.399000	181.434000	52
181.438000	181.645000	57
181.438000	181.847000	86
181.540000	181.746000	85
181.645000	181.848000	57
181.645000	182.057000	83
181.746000	181.953000	85
181.847000	182.226000	86
181.848000	182.057000	57
181.953000	182.166000	85
182.057000	182.226000	57
182.057000	182.226000	83
182.166000	182.226000	85
182.170000	182.226000	38
182.208000	182.239000	42
182.243000	182.281000	45
182.282000	183.117000	78
182.285000	183.090000	86
182.285000	183.121000	81
182.286000	182.484000	50
182.484000	182.694000	50
182.694000	182.897000	50
182.897000	183.030000	50
183.013000	183.048000	45
183.051000	183.083000	49
183.083000	183.122000	52
183.090000	183.122000	86
183.122000	183.958000	76
183.125000	183.930000	85
183.125000	183.961000	81
183.126000	183.328000	57
183.328000	183.537000	57
183.537000	183.744000	57
183.744000	183.850000	57
183.850000	183.891000	40
183.892000	183.926000	44
183.926000	183.961000	47
183.933000	183.965000	85
183.965000	184.165000	76
183.966000	184.165000	80
183.968000	184.167000	83
183.968000	184.168000	52
184.139000	184.343000	85
184.165000	184.371000	76
184.165000	184.374000	80
184.167000	184.375000	83
184.168000	184.375000	52
184.343000	184.549000	85
184.371000	184.581000	76
184.374000	184.584000	80
184.375000	184.584000	83
184.375000	184.585000	52
184.549000	184.704000	85
184.581000	184.704000	76
184.584000	184.704000	80
184.584000	184.704000	83
184.585000	184.704000	52
184.686000	184.720000	45
184.721000	184.759000	49
184.763000	184.794000	52
184.795000	185.656000	69
184.798000	185.432000	73
184.798000	185.657000	81
184.798000	188.249000	76
184.801000	185.005000	57
185.005000	185.214000	57
185.214000	185.435000	57
185.432000	186.292000	73
185.434000	186.296000	85
185.435000	185.658000	57
185.547000	186.408000	45
185.578000	186.453000	49
185.620000	186.486000	52
185.656000	186.527000	69
185.657000	186.528000	81
185.658000	185.872000	57
185.872000	186.078000	57
186.078000	186.296000	57
186.292000	187.161000	73
186.296000	186.530000	57
186.296000	187.161000	85
186.408000	187.276000	45
186.453000	187.315000	49
186.486000	187.350000	52
186.527000	187.392000	69
186.528000	187.392000	81
186.530000	186.733000	57
186.733000	186.950000	57
186.950000	187.164000	57
187.161000	187.598000	73
187.161000	187.601000	85
187.164000	187.394000	57
187.276000	187.708000	45
187.315000	187.741000	49
187.350000	187.774000	52
187.392000	187.811000	69
187.392000	187.811000	81
187.394000	187.601000	57
187.598000	188.017000	73
187.601000	187.812000	57
187.601000	188.018000	85
187.708000	188.246000	45
187.741000	188.249000	49
187.774000	188.249000	52
187.811000	188.242000	69
187.811000	188.246000	81
187.812000	188.018000	57
188.017000	188.249000	73
188.018000	188.249000	57
188.018000	188.249000	85
188.242000	188.708000	69
188.246000	188.711000	81
188.246000	189.212000	45
188.708000	189.208000	69
188.710000	189.211000	73
188.711000	189.211000	76
188.711000	189.211000	81
188.714000	189.215000	57
189.208000	190.202000	69
189.211000	190.202000	73
189.211000	190.202000	76
189.211000	190.202000	81
189.212000	190.202000	45
189.215000	190.202000	49
189.215000	190.202000	52
189.215000	190.202000	57
