OnsetTime	OffsetTime	MidiPitch
0.532996	1.587990	70
0.534994	1.592000	67
0.534994	2.644980	51
1.585990	2.158980	65
1.585990	2.158980	68
2.109990	2.680980	63
2.113980	2.680980	67
2.637980	3.183970	68
2.641980	3.188960	72
3.138980	3.684970	67
3.138980	3.685970	70
3.688970	4.699970	70
3.689970	4.699970	67
3.689970	4.703970	51
4.703970	5.700970	65
4.704970	5.700970	68
4.706970	5.701960	53
5.704970	6.744960	63
5.704970	6.744960	67
5.705970	6.745960	55
6.747960	7.772950	64
6.747960	7.773960	58
6.748950	7.773960	61
7.775960	8.297960	65
7.776950	8.811950	60
7.776950	8.812950	56
8.301950	8.812950	72
8.813950	9.064950	70
9.064950	9.320950	68
9.323950	9.575950	67
9.578950	9.834940	65
9.835950	10.905900	55
9.835950	10.908900	63
9.836940	10.099900	45
10.100900	10.369900	46
10.373900	10.639900	48
10.639900	10.909900	46
10.909900	11.167900	53
10.912900	11.168900	62
10.912900	11.955900	46
11.301900	11.433900	58
11.434900	11.559900	62
11.563900	11.695900	60
11.696900	11.829900	63
11.829900	11.959900	62
11.959900	12.091900	65
12.092900	12.217900	63
12.217900	12.350900	67
12.351900	12.480900	65
12.480900	12.613900	68
12.613900	12.739900	67
12.743900	12.865900	70
12.868900	12.994900	68
12.995900	13.127900	72
12.997900	14.051900	39
12.998900	14.055900	51
13.131900	14.055900	67
13.132900	13.789900	70
13.792900	13.918900	72
13.919900	14.056900	70
14.056900	14.317900	68
14.320900	14.583900	67
14.586900	14.853900	65
14.853900	15.126900	63
15.126900	15.385900	79
15.129900	16.176900	51
15.130900	16.176900	60
15.388900	15.654900	74
15.655900	15.913900	75
15.916900	16.180900	72
16.180900	17.250900	70
16.183900	17.251800	53
16.183900	17.251800	60
17.254800	17.447800	70
17.255800	18.307800	58
17.255800	18.308800	62
17.348800	17.547800	68
17.447800	17.646800	70
17.547800	17.744800	68
17.646800	17.842800	70
17.744800	17.947800	68
17.842800	18.272800	70
17.947800	18.175800	68
18.041800	18.272800	67
18.175800	18.308800	68
18.311800	18.448800	67
18.312800	18.847800	60
18.312800	18.847800	63
18.584800	18.848800	75
18.850800	19.113800	74
19.113800	19.382800	73
19.382800	19.694800	71
19.383800	20.642800	44
19.386800	20.642800	56
19.620800	19.697800	74
19.697800	19.998800	72
19.921800	19.998800	70
19.999800	20.299800	68
20.222800	20.299800	67
20.300800	20.643800	65
20.645800	22.423800	63
20.646800	21.825800	55
20.646800	23.033800	46
21.826800	23.033800	56
22.424800	22.724800	67
22.425800	23.034800	62
22.725800	23.035800	65
23.036800	24.089800	63
23.039800	23.299800	51
23.302800	23.561800	55
23.561800	23.823800	58
23.824800	24.090800	55
24.090800	25.133800	51
24.352800	24.874800	55
24.618800	25.132800	67
24.618800	25.133800	70
24.622800	25.644800	58
24.874800	25.384800	55
25.132800	25.643800	67
25.133800	25.644800	70
25.133800	26.184800	51
25.384800	25.906800	55
25.643800	26.186800	67
25.644800	26.186800	58
25.644800	26.186800	70
25.906800	26.186800	55
26.183800	26.707800	75
26.183800	27.762800	68
26.184800	26.626800	51
26.441800	26.708800	53
26.708800	27.762800	74
26.711800	27.762800	56
26.971800	27.499800	53
27.307138	27.836138	51
27.499800	27.762800	53
27.762800	28.286800	56
27.762800	28.286800	82
28.014800	28.286800	80
28.016800	28.286800	53
28.269800	29.295800	79
28.272800	29.294800	51
28.525800	29.291800	77
28.528800	29.038800	53
28.781800	29.295800	75
28.783800	29.295800	56
29.036800	29.295800	74
29.038800	29.295800	53
29.291800	29.466800	77
29.294800	29.556800	51
29.378800	29.496800	75
29.466800	29.561800	77
29.561800	30.082800	75
29.562800	29.818800	55
29.819800	30.082800	58
30.083800	30.207800	74
30.083800	30.340800	55
30.208800	30.340800	72
30.341800	30.865800	70
30.344800	30.603800	51
30.604800	30.866700	55
30.866700	31.378800	67
30.867800	31.380800	70
30.869800	31.892700	58
31.118800	31.632800	55
31.378800	31.891800	67
31.380800	31.889800	70
31.380800	32.413800	51
31.632800	32.147800	55
31.889800	32.413800	70
31.891800	32.413800	67
31.892700	32.413800	58
32.147800	32.413800	55
32.410700	34.544700	68
32.413800	32.944700	51
32.413800	32.944700	75
32.668800	32.944700	53
32.931700	34.544700	74
32.934700	33.483700	56
33.190700	33.483700	53
33.577832	34.489700	51
33.715700	34.233700	53
33.977700	34.544700	82
34.067447	34.633447	56
34.232700	34.544700	80
34.233700	34.544700	53
34.489700	35.500700	51
34.489700	35.500700	79
34.737700	35.500700	77
34.739700	35.251700	53
34.992700	35.497700	75
34.993700	35.500700	56
35.249700	35.500700	74
35.251700	35.500700	53
35.497700	35.840700	75
35.499700	36.511800	55
35.500700	36.512700	51
35.752700	36.028700	77
35.840700	36.007700	75
35.920700	36.028700	74
36.007700	36.386800	75
36.130700	36.387800	77
36.256800	36.387800	79
36.386800	36.514800	75
36.515800	36.766800	70
37.015800	37.561800	70
37.016800	37.561800	67
37.019800	37.565800	55
37.019800	37.565800	58
37.568700	38.128700	65
37.568700	38.131700	68
37.569800	38.135700	56
37.569800	38.135700	60
38.136700	38.751700	63
38.136700	38.752700	67
38.139700	38.754700	57
38.139700	38.755700	60
38.755700	39.889700	63
38.758700	39.604700	70
38.759700	39.892700	58
39.605700	39.892700	67
39.892700	41.005700	62
39.896700	41.006700	65
40.459700	41.008700	58
41.008700	41.545700	53
41.545700	42.076800	50
41.946700	42.080700	65
42.083700	43.662700	46
42.083700	43.662700	77
42.609700	43.662700	50
43.130700	43.662700	53
43.659700	44.242700	75
43.662700	44.242700	58
43.791700	44.242700	74
43.927700	44.242700	72
44.054700	44.242700	70
44.187700	44.743700	69
44.190700	44.743700	63
44.716700	45.248700	70
44.719700	45.248700	62
45.244700	45.877700	72
45.247700	45.877700	63
45.247700	45.877700	69
45.248700	45.877700	60
45.797700	45.926700	75
45.801700	46.410700	62
45.801700	46.410700	70
45.802700	46.410700	58
45.930700	46.189700	74
46.059700	46.325700	72
46.189700	46.410700	74
46.325700	46.850700	72
46.329700	46.851700	60
46.329700	46.851700	75
46.330700	46.853700	57
46.853700	47.397700	65
47.397700	47.942700	65
47.942700	48.488700	65
48.489700	50.071700	75
49.009700	50.071700	53
49.538700	50.071700	57
50.067700	50.605700	77
50.070700	50.605700	60
50.200700	50.605700	75
50.333700	50.605700	74
50.463700	50.605700	72
50.599700	51.124700	70
50.599700	51.125700	62
51.125700	51.656700	69
51.127700	51.656700	72
51.128700	51.656700	63
51.128700	52.278700	65
51.654700	52.278700	74
51.656700	52.278700	62
51.656700	52.278700	70
52.202700	52.327700	77
52.202700	52.800700	72
52.203700	52.800700	60
52.205700	52.800700	63
52.332700	52.605700	75
52.471700	52.742700	74
52.605700	52.800700	75
52.742700	53.214700	74
52.742700	53.214700	77
52.744700	53.269700	62
52.745700	53.270700	58
53.272700	53.819700	46
53.819700	54.361700	46
54.362700	54.907700	46
54.908700	56.486700	80
55.429700	55.957700	50
55.958700	56.490700	53
56.490700	56.619700	79
56.490700	57.014700	56
56.620700	56.752700	77
56.755700	56.881700	75
56.882700	57.018700	74
57.018700	57.570700	75
57.019700	57.571700	55
57.574700	57.868700	77
57.575700	57.869700	50
58.158700	59.768700	78
58.694700	59.230700	58
58.694700	59.233700	51
59.237700	59.769700	58
59.238700	59.769700	51
59.770700	60.018700	80
59.772700	60.283700	59
59.773700	60.283700	51
60.018700	60.284700	79
60.287700	60.539700	77
60.287700	60.804700	51
60.288700	60.805700	60
60.540700	60.808700	75
60.809700	61.054700	74
60.809700	61.313700	57
60.812700	61.313700	51
61.057700	61.314700	72
61.314700	61.484700	77
61.316700	61.827700	58
61.316700	61.828700	50
61.487700	61.652700	76
61.656700	61.828700	77
61.831700	62.002700	79
61.831700	62.365700	51
61.834700	62.370700	58
62.002700	62.170700	67
62.171700	62.370700	75
62.370700	63.423700	70
62.373700	62.894700	53
62.373700	62.894700	62
62.898700	63.424700	62
62.899700	63.426700	53
63.426700	64.497600	69
63.430700	63.685700	74
63.431700	63.959700	53
63.431700	63.959700	63
63.686700	63.962700	72
63.962700	64.225700	70
63.963700	64.497600	63
63.963700	64.498700	53
64.225700	64.501700	72
64.501700	65.555600	70
64.502600	65.027600	62
64.504600	64.761600	58
64.761600	65.442600	58
65.027600	65.442600	62
65.296600	65.555600	65
65.555600	65.813600	63
65.817600	66.083600	65
66.084600	66.604600	70
66.086600	66.548600	62
66.086600	66.605600	77
66.345600	66.607600	65
66.608600	67.133600	77
66.611600	67.133600	72
66.612600	67.028600	60
66.871600	67.134600	65
67.137600	67.676600	77
67.137600	67.680600	74
67.140600	67.680600	58
67.399600	67.680600	65
67.676600	68.460600	77
67.679600	69.240600	75
67.680600	68.231600	57
67.935600	68.231600	60
68.197600	68.641600	63
68.324600	68.641600	79
68.460600	68.641600	77
68.460600	68.718600	62
68.586600	68.718600	76
68.719600	68.977600	77
68.722600	68.981600	60
68.982600	69.243600	58
69.244600	69.776600	69
69.244600	69.776600	77
69.245600	69.751600	57
69.510600	69.777600	55
69.777600	70.318600	70
69.779600	70.318600	53
69.779600	70.318600	79
70.034600	70.318600	55
70.305600	70.860600	72
70.307600	70.860600	51
70.307600	70.860600	81
70.567600	70.860600	53
70.828600	71.725600	82
70.829600	71.308600	50
70.829600	72.369600	70
71.081600	71.337600	53
71.337600	71.771600	58
71.470600	71.771600	84
71.600600	71.771600	86
71.602600	71.854600	53
71.725600	71.855600	82
71.855600	72.113600	77
71.856600	72.114600	62
72.369600	72.908600	74
72.370600	72.909600	77
72.373600	72.911600	58
72.373600	72.912600	62
72.915600	73.450600	72
72.915600	73.451600	75
72.916600	73.451600	60
72.918600	73.454600	63
73.455600	74.028600	70
73.455600	74.028600	74
73.456600	74.032600	65
73.457600	74.032600	62
74.034600	74.678600	72
74.035600	75.067600	67
74.036600	75.071600	63
74.679600	74.805600	74
74.809600	74.942600	75
74.942600	75.072600	72
75.072600	75.330600	79
75.589600	76.117600	67
75.593600	76.121600	72
75.593600	76.122600	60
75.596600	76.122600	51
76.124600	76.652600	65
76.125600	76.653600	70
76.128600	76.653600	62
76.128600	77.210600	53
76.656600	77.213600	69
76.657600	77.213600	63
76.657600	77.213600	72
77.214600	78.046600	72
77.217600	78.329600	69
77.217600	78.333600	63
77.220600	78.609500	58
78.047600	78.334600	73
78.334600	78.889600	70
78.337600	78.610600	62
78.337600	78.890600	74
78.612600	78.890600	58
78.891600	79.428500	70
78.893600	79.426600	77
78.893600	79.428500	62
79.156500	79.428500	65
79.426600	79.965500	77
79.426600	79.985500	72
79.428500	79.985500	63
79.691500	79.985500	62
79.965500	80.501600	77
79.967500	80.503600	74
79.968500	80.503600	60
80.230600	80.503600	58
80.500500	82.064500	75
80.501600	81.007600	57
80.501600	81.283500	77
80.759500	81.017500	60
81.021500	81.500500	63
81.154500	81.500500	79
81.283500	81.500500	77
81.284500	81.538500	62
81.417500	81.543500	76
81.543500	81.802500	77
81.546500	81.804500	60
81.805500	82.064500	58
82.068500	82.610500	69
82.068500	82.610500	77
82.069500	82.610500	57
82.319500	82.610500	55
82.584500	83.166500	79
82.585500	83.166500	70
82.586500	83.166500	53
82.849500	83.166500	55
83.118500	83.672500	72
83.121500	83.672500	51
83.121500	83.672500	81
83.391500	83.672500	53
83.668500	84.571500	82
83.671500	85.217500	70
83.672500	84.630500	50
83.927500	84.448500	53
84.182500	84.630500	58
84.311500	84.630500	84
84.448500	84.630500	86
84.448500	84.700500	53
84.571500	84.700500	82
84.701500	84.955500	77
84.703500	84.955500	62
85.218500	85.756500	74
85.218500	85.757500	77
85.219500	85.757500	58
85.221500	85.761500	62
85.761500	86.296500	72
85.761500	86.296500	75
85.763500	86.299500	60
85.764500	86.299500	63
86.300500	86.876500	70
86.303500	86.877500	65
86.303500	86.877500	74
86.304500	86.880500	62
86.880500	87.019500	71
86.881500	87.450500	63
86.884500	87.451500	67
87.020500	87.167500	72
87.168500	87.307500	74
87.307500	87.451500	72
87.454500	87.591500	75
87.591500	87.728500	74
87.730500	87.867500	77
87.871500	88.004500	75
88.004500	89.057500	79
89.060500	89.586500	77
89.061500	89.586500	57
89.061500	90.163500	63
89.064500	90.163500	53
89.589500	90.164500	60
90.016500	90.164500	69
90.167500	91.076500	58
90.167500	92.221500	70
90.418500	90.930500	62
90.675500	91.076500	65
90.930500	91.441500	62
91.186500	92.221500	58
91.441500	91.949500	62
91.696500	92.221500	80
91.697500	92.221500	65
91.949500	92.221500	62
92.208500	92.543500	63
92.208500	92.722500	79
92.466500	92.723500	60
92.725500	93.254500	65
92.725500	93.254500	81
92.984500	93.254500	63
93.251500	93.786500	84
93.254500	93.702500	62
93.516500	93.786500	65
93.787500	94.317500	82
93.789500	94.317500	62
94.048500	94.317500	60
94.315500	95.410500	58
94.580500	95.410500	56
94.847500	95.410500	68
94.849500	95.410500	53
95.123500	95.410500	50
95.393500	95.948500	67
95.396400	95.896500	51
95.672500	95.949500	48
95.952500	96.604500	63
95.952500	96.607500	69
95.953500	96.607500	53
96.274500	96.607500	41
96.603500	97.965500	72
96.604500	97.965500	63
96.604500	98.640500	46
97.966500	98.644500	70
97.968500	98.647500	62
98.647500	99.270400	62
98.648500	99.270400	65
98.648500	99.271400	56
99.274400	99.851400	63
99.274400	99.852400	67
99.277400	99.852400	55
99.855400	100.488000	65
99.856400	100.489000	53
99.856400	100.489000	68
100.493000	101.545000	70
100.495000	101.545000	67
100.496000	102.599000	51
101.538000	102.112000	65
101.542000	102.116000	68
102.066000	102.637000	63
102.070000	102.638000	67
102.595000	103.141000	68
102.599000	103.145000	72
103.096000	103.641000	67
103.097000	103.642000	70
103.642000	104.653000	67
103.646000	104.654000	51
103.646000	104.654000	70
104.655000	105.650000	65
104.656000	105.651000	68
104.657000	105.651000	53
105.651000	106.701000	63
105.654000	106.701000	67
105.655000	106.702000	55
106.704000	107.726000	64
106.704000	107.730000	58
106.705000	107.730000	61
107.733000	108.254000	65
107.733000	108.766000	56
107.734000	108.766000	60
108.258000	108.770000	72
108.770000	109.021000	70
109.022000	109.277000	68
109.278000	109.532000	67
109.535000	109.788000	65
109.788000	110.862000	55
109.792000	110.058000	45
109.792000	110.863000	63
110.058000	110.323000	46
110.323000	110.596000	48
110.597000	110.863000	46
110.866000	111.124000	53
110.867000	111.125000	62
110.867000	111.912000	46
111.258000	111.390000	58
111.391000	111.520000	62
111.521000	111.650000	60
111.653000	111.779000	63
111.780000	111.916000	62
111.916000	112.039000	65
112.042000	112.175000	63
112.176000	112.308000	67
112.308000	112.433000	65
112.438000	112.563000	68
112.563000	112.692000	67
112.693000	112.826000	70
112.827000	112.952000	68
112.952000	113.084000	72
112.953000	114.008000	39
112.955000	114.009000	51
113.085000	114.012000	67
113.089000	113.742000	70
113.743000	113.876000	72
113.877000	114.013000	70
114.013000	114.275000	68
114.275000	114.537000	67
114.537000	114.803000	65
114.804000	115.083000	63
115.084000	115.342000	79
115.087000	116.133000	51
115.088000	116.134000	60
115.345000	115.605000	74
115.605000	115.871000	75
115.871000	116.134000	72
116.137000	117.207000	70
116.138000	117.208000	53
116.140000	117.208000	60
117.211000	117.404000	70
117.212000	118.264000	62
117.212000	118.265000	58
117.305000	117.502000	68
117.404000	117.599000	70
117.502000	117.701000	68
117.599000	117.799000	70
117.701000	117.897000	68
117.799000	118.222000	70
117.999000	118.222000	67
118.132000	118.265000	68
118.268000	118.398000	67
118.269000	118.804000	60
118.269000	118.804000	63
118.534000	118.805000	75
118.808000	119.070000	74
119.073000	119.336000	73
119.339000	119.651000	71
119.340000	120.592000	44
119.343000	120.593000	56
119.570000	119.652000	74
119.654000	119.952000	72
119.878000	119.955000	70
119.956000	120.256000	68
120.180000	120.257000	67
120.257000	120.593000	65
120.596000	122.381000	63
120.597000	121.782000	55
120.597000	122.990000	46
121.783000	122.990000	56
122.381000	122.991000	62
122.382000	122.682000	67
122.682000	122.993000	65
122.993000	124.040000	63
122.994000	123.249000	51
123.250000	123.518000	55
123.519000	123.777000	58
123.778000	124.040000	55
124.041000	125.083000	51
124.310000	124.825000	55
124.575000	125.082000	67
124.576000	125.083000	70
124.579000	125.595000	58
124.825000	125.335000	55
125.082000	125.594000	67
125.083000	125.594000	70
125.083000	126.141000	51
125.335000	125.864000	55
125.594000	126.141000	67
125.594000	126.141000	70
125.595000	126.141000	58
125.864000	126.141000	55
126.140000	127.720000	68
126.141000	126.585000	51
126.141000	126.658000	75
126.400000	126.662000	53
126.662000	127.720000	74
126.663000	127.719000	56
126.928000	127.453000	53
127.293896	127.827896	51
127.453000	127.720000	53
127.719000	128.244000	56
127.719000	128.244000	82
127.972000	128.244000	80
127.974000	128.244000	53
128.227000	129.252000	79
128.230000	129.252000	51
128.482000	129.248000	77
128.485000	128.996000	53
128.738000	129.252000	75
128.740000	129.252000	56
128.993000	129.252000	74
128.996000	129.252000	53
129.248000	129.423000	77
129.252000	129.511000	51
129.335000	129.454000	75
129.423000	129.511000	77
129.512000	129.769000	55
129.512000	130.032000	75
129.769000	130.033000	58
130.033000	130.165000	74
130.034000	130.291000	55
130.165000	130.292000	72
130.292000	130.816000	70
130.295000	130.561000	51
130.561000	130.816000	55
130.816000	131.330000	67
130.817000	131.331000	70
130.820000	131.842000	58
131.076000	131.589000	55
131.330000	131.839000	67
131.331000	131.842000	70
131.331000	132.370000	51
131.589000	132.104000	55
131.839000	132.371000	67
131.842000	132.371000	58
131.842000	132.371000	70
132.104000	132.371000	55
132.367000	134.501000	68
132.370000	132.898000	51
132.370000	132.898000	75
132.626000	132.898000	53
132.889000	134.501000	74
132.891000	133.438000	56
133.151000	133.438000	53
133.410000	134.440000	51
133.673000	134.191000	53
133.935000	134.501000	82
133.938000	134.501000	56
134.190000	134.501000	80
134.191000	134.501000	53
134.440000	135.457000	79
134.571429	135.457000	51
134.694000	135.457000	77
134.698000	135.201000	53
134.949000	135.454000	75
135.021823	135.528823	56
135.199000	135.457000	74
135.201000	135.457000	53
135.454000	135.790000	75
135.457000	136.469000	51
135.457000	136.469000	55
135.709000	135.986000	77
135.790000	135.958000	75
135.878000	135.986000	74
135.958000	136.343000	75
136.087000	136.344000	77
136.214000	136.344000	79
136.343000	136.472000	75
136.473000	136.720000	70
136.973000	137.518000	67
136.973000	137.519000	70
136.976000	137.522000	55
136.976000	137.522000	58
137.523000	138.089000	65
137.525000	138.090000	68
137.526000	138.090000	60
137.526000	138.092000	56
138.093000	138.708000	63
138.093000	138.709000	67
138.094000	138.709000	57
138.096000	138.713000	60
138.713000	139.846000	63
138.716000	139.563000	70
138.716000	139.846000	58
139.563000	139.850000	67
139.850000	140.959000	62
139.853000	140.963000	65
140.416000	140.966000	58
140.966000	141.502000	53
141.502000	142.030000	50
141.897000	142.031000	65
142.033000	143.620000	77
142.034000	143.620000	46
142.559000	143.620000	50
143.087000	143.620000	53
143.616000	144.193000	75
143.617000	144.193000	58
143.749000	144.193000	74
143.875000	144.193000	72
144.011000	144.193000	70
144.145000	144.704000	69
144.148000	144.704000	63
144.673000	145.201000	70
144.676000	145.201000	62
145.195000	145.828000	69
145.197000	145.828000	72
145.198000	145.828000	60
145.198000	145.828000	63
145.755000	145.880000	75
145.758000	146.349000	58
145.758000	146.349000	62
145.758000	146.349000	70
145.881000	146.136000	74
146.006000	146.266000	72
146.136000	146.349000	74
146.266000	146.790000	72
146.266000	146.790000	75
146.268000	146.794000	57
146.269000	146.794000	60
146.794000	147.336000	65
147.336000	147.882000	65
147.883000	148.428000	65
148.429000	150.000000	75
148.950000	150.000000	53
149.479000	150.000000	57
149.997000	150.528000	77
150.000000	150.528000	60
150.126000	150.528000	75
150.259000	150.528000	74
150.389000	150.528000	72
150.525000	151.043000	70
150.525000	151.047000	62
151.047000	151.585000	69
151.049000	151.585000	72
151.050000	151.585000	63
151.050000	152.201000	65
151.576000	152.201000	70
151.578000	152.201000	62
151.578000	152.201000	74
152.128000	152.257000	77
152.131000	152.722000	72
152.132000	152.722000	60
152.132000	152.722000	63
152.261000	152.527000	75
152.391000	152.664000	74
152.527000	152.722000	75
152.664000	153.139000	74
152.665000	153.139000	77
152.667000	153.192000	58
152.667000	153.192000	62
153.195000	153.737000	46
153.738000	154.284000	46
154.284000	154.830000	46
154.830000	156.415000	80
155.358000	155.886000	50
155.887000	156.415000	53
156.416000	156.549000	79
156.419000	156.936000	56
156.549000	156.677000	77
156.678000	156.811000	75
156.811000	156.937000	74
156.940000	157.500000	75
156.941000	157.501000	55
157.501000	157.791000	77
157.504000	157.791000	50
158.081000	159.688000	78
158.620000	159.155000	51
158.621000	159.156000	58
159.156000	159.688000	51
159.159000	159.691000	58
159.691000	159.943000	80
159.692000	160.209000	59
159.695000	160.212000	51
159.947000	160.212000	79
160.216000	160.461000	77
160.217000	160.727000	51
160.217000	160.727000	60
160.462000	160.731000	75
160.731000	160.983000	74
160.735000	161.249000	51
160.735000	161.252000	57
160.983000	161.253000	72
161.256000	161.414000	77
161.257000	161.757000	50
161.257000	161.757000	58
161.414000	161.585000	76
161.588000	161.757000	77
161.760000	161.924000	79
161.760000	162.295000	51
161.761000	162.296000	58
161.925000	162.100000	67
162.100000	162.296000	75
162.299000	163.353000	70
162.300000	162.820000	53
162.300000	162.824000	62
162.827000	163.353000	53
162.828000	163.354000	62
163.356000	163.604000	74
163.356000	164.423000	69
163.357000	163.884000	53
163.357000	163.888000	63
163.608000	163.889000	72
163.889000	164.147000	70
163.891000	164.424000	53
163.891000	164.426000	63
164.148000	164.430000	72
164.431000	164.700000	58
164.431000	165.494000	70
164.432000	164.966000	62
164.700000	165.389000	58
164.966000	165.389000	62
165.232000	165.495000	65
165.495000	165.760000	63
165.761000	166.022000	65
166.023000	166.544000	70
166.024000	166.544000	77
166.026000	166.485000	62
166.286000	166.545000	65
166.548000	167.076000	72
166.548000	167.080000	77
166.549000	166.967000	60
166.814000	167.081000	65
167.083000	167.619000	74
167.084000	167.616000	77
167.084000	167.619000	58
167.346000	167.619000	65
167.616000	168.397000	77
167.616000	169.180000	75
167.619000	168.168000	57
167.875000	168.168000	60
168.134000	168.581000	63
168.270000	168.581000	79
168.397000	168.581000	77
168.399000	168.658000	62
168.533000	168.659000	76
168.659000	168.917000	77
168.661000	168.918000	60
168.921000	169.180000	58
169.181000	169.715000	69
169.184000	169.691000	57
169.184000	169.716000	77
169.446000	169.716000	55
169.719000	170.261000	70
169.720000	170.261000	53
169.720000	170.261000	79
169.978000	170.261000	55
170.247000	170.808000	72
170.248000	170.808000	51
170.248000	170.808000	81
170.506000	170.808000	53
170.769000	171.659000	82
170.769000	172.295000	70
170.770000	171.251000	50
171.022000	171.283000	53
171.284000	171.703000	58
171.409000	171.703000	84
171.538000	171.703000	86
171.539000	171.788000	53
171.659000	171.788000	82
171.789000	172.043000	77
171.791000	172.043000	62
172.298000	172.837000	74
172.299000	172.838000	77
172.302000	172.840000	58
172.302000	172.841000	62
172.841000	173.377000	72
172.844000	173.377000	75
172.845000	173.380000	60
172.845000	173.380000	63
173.380000	173.964000	70
173.384000	173.964000	74
173.384000	173.965000	62
173.385000	173.965000	65
173.968000	174.608000	72
173.969000	174.997000	63
173.969000	174.997000	67
174.608000	174.742000	74
174.742000	174.871000	75
174.872000	174.998000	72
175.001000	175.256000	79
175.518000	176.047000	67
175.522000	176.047000	72
175.523000	176.051000	51
175.523000	176.051000	60
176.051000	176.582000	65
176.054000	176.582000	70
176.054000	177.139000	53
176.055000	176.583000	62
176.586000	177.140000	69
176.586000	177.142000	72
176.587000	177.143000	63
177.143000	178.259000	69
177.146000	177.979000	72
177.147000	178.259000	63
177.147000	178.539000	58
177.979000	178.263000	73
178.263000	178.819000	70
178.264000	178.539000	62
178.264000	178.820000	74
178.540000	178.820000	58
178.820000	179.362000	70
178.822000	179.362000	62
178.822000	179.362000	77
179.086000	179.362000	65
179.359000	179.915000	72
179.362000	179.894000	77
179.362000	179.915000	63
179.624000	179.915000	62
179.894000	180.429000	77
179.894000	180.432000	74
179.895000	180.432000	60
180.159000	180.432000	58
180.429000	181.210000	77
180.430000	180.936000	57
180.430000	181.990000	75
180.688000	180.946000	60
180.947000	181.430000	63
181.081000	181.430000	79
181.210000	181.430000	77
181.213000	181.469000	62
181.343000	181.472000	76
181.472000	181.734000	77
181.473000	181.738000	60
181.738000	181.993000	58
181.994000	182.536000	69
181.997000	182.536000	77
181.998000	182.536000	57
182.249000	182.536000	55
182.512000	183.103000	70
182.512000	183.103000	79
182.515000	183.103000	53
182.778000	183.103000	55
183.050000	183.607000	72
183.054000	183.607000	51
183.054000	183.607000	81
183.323000	183.607000	53
183.603000	184.500000	82
183.604000	184.559000	50
183.604000	185.133000	70
183.856000	184.377000	53
184.111000	184.559000	58
184.245000	184.559000	84
184.374000	184.559000	86
184.377000	184.622000	53
184.500000	184.623000	82
184.623000	184.877000	77
184.625000	184.878000	62
185.133000	185.679000	74
185.134000	185.679000	77
185.137000	185.680000	58
185.137000	185.683000	62
185.683000	186.211000	72
185.684000	186.212000	75
185.684000	186.214000	60
185.686000	186.215000	63
186.215000	186.799000	70
186.218000	186.799000	74
186.219000	186.802000	62
186.221000	186.803000	65
186.803000	186.942000	71
186.804000	187.373000	63
186.806000	187.373000	67
186.943000	187.085000	72
187.090000	187.226000	74
187.229000	187.377000	72
187.377000	187.509000	75
187.514000	187.650000	74
187.653000	187.789000	77
187.794000	187.926000	75
187.927000	188.980000	79
188.983000	189.508000	77
188.984000	189.511000	57
188.984000	190.082000	53
188.987000	190.086000	63
189.512000	190.086000	60
189.939000	190.086000	69
190.090000	191.003000	58
190.090000	192.147000	70
190.341000	190.849000	62
190.597000	191.003000	65
190.849000	191.364000	62
191.108000	192.147000	58
191.364000	191.871000	62
191.619000	192.147000	80
191.620000	192.147000	65
191.871000	192.147000	62
192.129000	192.644000	79
192.130000	192.458000	63
192.386000	192.647000	60
192.648000	193.177000	65
192.648000	193.177000	81
192.907000	193.177000	63
193.176000	193.624000	62
193.176000	193.697000	84
193.439000	193.701000	65
193.704000	194.238000	82
193.705000	194.238000	62
193.968000	194.238000	60
194.238000	195.325000	58
194.503000	195.325000	56
194.769000	195.325000	68
194.772000	195.325000	53
195.035000	195.325000	50
195.318000	195.871000	67
195.319000	195.819000	51
195.588000	195.872000	48
195.872000	196.526000	63
195.875000	196.527000	53
195.875000	196.527000	69
196.197000	196.527000	41
196.525000	197.883000	72
196.526000	197.887000	63
196.526000	198.566000	46
197.890000	198.567000	62
197.891000	198.567000	70
198.569000	199.192000	62
198.570000	199.193000	65
198.570000	199.196000	56
199.197000	199.774000	63
199.197000	199.774000	67
199.198000	199.775000	55
199.775000	200.404000	65
199.778000	200.408000	53
199.778000	200.408000	68
200.411000	201.499000	66
200.411000	201.500000	69
200.411000	202.581000	52
201.500000	202.042000	67
201.501000	202.046000	70
202.046000	202.581000	70
202.047000	202.584000	73
202.584000	203.137000	64
202.588000	203.141000	67
202.588000	203.721000	48
203.141000	203.722000	68
203.144000	203.722000	72
203.723000	204.852000	67
203.726000	204.852000	70
203.726000	205.945000	50
204.856000	205.415000	65
204.856000	205.416000	68
205.416000	205.945000	77
205.945000	206.466000	77
205.948000	207.001000	60
205.948000	207.002000	56
206.466000	207.002000	77
207.003000	208.062000	78
207.004000	208.062000	58
207.005000	208.065000	61
208.065000	208.572000	79
208.573000	209.605000	82
209.087000	210.131000	60
209.091000	210.131000	70
209.608000	210.132000	76
210.134000	211.183000	79
210.134000	211.187000	70
210.134000	211.705000	65
211.188000	211.709000	77
211.188000	211.712000	68
211.712000	212.255000	41
212.256000	212.793000	41
212.794000	213.333000	41
213.333000	216.374000	41
213.872000	214.373000	80
214.376000	214.621000	79
214.624000	214.873000	77
214.874000	215.107000	75
215.111000	215.362000	73
215.367000	215.622000	72
215.622000	215.877000	73
215.878000	216.126000	77
216.127000	216.375000	73
216.375000	219.573000	62
216.378000	217.421000	72
216.378000	219.574000	68
216.381000	217.943000	41
217.422000	219.577000	71
217.943000	218.478000	41
218.478000	219.002000	41
219.007000	219.577000	41
219.577000	222.678000	42
220.109000	221.138000	63
220.110000	220.619000	72
220.620000	220.879000	71
220.879000	221.138000	72
221.139000	221.390000	74
221.139000	222.150000	63
221.390000	221.642000	72
221.643000	221.893000	71
221.894000	222.153000	72
222.153000	222.405000	75
222.153000	223.732000	63
222.408000	222.678000	74
222.681000	223.732000	71
222.681000	224.263000	43
223.733000	225.820000	63
223.735000	225.821000	72
224.267000	224.782000	43
224.782000	225.296000	43
225.296000	225.821000	43
225.822000	227.875000	44
226.336000	226.853000	63
226.336000	226.854000	72
226.854000	227.365000	63
226.857000	227.365000	72
227.366000	227.876000	63
227.368000	227.876000	72
227.879000	228.379000	63
227.880000	228.380000	72
227.880000	228.915000	45
228.383000	228.915000	63
228.383000	228.916000	72
228.916000	229.570000	73
228.919000	229.958000	46
228.919000	230.486000	63
229.570000	229.698000	72
229.699000	229.828000	70
229.832000	229.958000	68
229.962000	230.486000	67
229.962000	230.990000	49
230.490000	230.994000	79
230.994000	231.502000	80
230.995000	232.030000	48
231.502000	232.285000	72
232.031000	233.101000	49
232.286000	232.541000	70
232.545000	232.797000	73
232.800000	233.101000	77
233.102000	234.144000	51
233.102000	234.690000	68
233.104000	234.144000	60
234.145000	235.267000	51
234.148000	235.268000	61
234.691000	235.268000	67
234.693000	234.980000	72
234.981000	235.268000	70
235.269000	236.815000	68
235.271000	235.526000	56
235.586830	236.038000	60
235.782000	236.817000	63
236.038000	236.556000	60
236.301000	236.856000	56
236.556000	236.856000	60
236.815000	237.329000	68
236.815000	237.330000	72
236.817000	237.837000	63
237.070000	237.582000	60
237.329000	237.834000	68
237.330000	237.834000	72
237.330000	238.372000	56
237.582000	238.099000	60
237.834000	238.369000	72
237.834000	238.372000	68
237.837000	238.372000	63
238.099000	238.372000	60
238.369000	239.912000	70
238.369000	239.915000	72
238.370000	238.631000	55
238.370000	238.890000	77
238.631000	238.894000	58
238.897000	239.916000	76
238.898000	239.901000	60
239.150000	239.660000	58
239.405000	239.901000	55
239.660000	239.919000	58
239.919000	240.428000	70
239.920000	240.431000	72
239.920000	240.942000	60
240.172000	240.682000	58
240.428000	240.941000	70
240.431000	240.941000	72
240.431000	241.454000	55
240.682000	241.194000	58
240.941000	241.453000	72
240.941000	241.454000	70
240.942000	241.454000	60
241.194000	241.454000	58
241.450000	241.977000	79
241.453000	241.714000	53
241.453000	242.995000	68
241.453000	242.996000	72
241.715000	241.977000	56
241.978000	242.922000	60
241.978000	243.000000	77
242.229000	242.744000	56
242.488000	242.922000	53
242.744000	243.000000	56
243.003000	243.517000	68
243.003000	243.518000	72
243.004000	244.046000	60
243.258000	243.776000	56
243.517000	244.045000	68
243.518000	244.046000	72
243.521000	244.589000	53
243.776000	244.309000	56
244.045000	244.588000	68
244.046000	244.588000	72
244.046000	244.589000	60
244.309000	244.589000	56
244.585000	245.103000	80
244.588000	244.840000	51
244.588000	246.142000	68
244.588000	246.143000	72
244.844000	245.106000	54
245.106000	246.167000	78
245.107000	246.143000	56
245.366000	245.883000	54
245.627000	246.167000	51
245.883000	246.167000	54
246.142000	246.653000	68
246.143000	246.654000	72
246.143000	247.158000	56
246.395000	246.899000	54
246.653000	247.157000	68
246.654000	247.157000	72
246.654000	247.665000	51
246.899000	247.409000	54
247.157000	247.664000	68
247.157000	247.665000	72
247.158000	247.665000	56
247.409000	247.665000	54
247.661000	248.249000	78
247.664000	249.212000	68
247.664000	250.209000	73
247.665000	248.249000	49
247.928000	248.249000	52
248.189000	249.215000	76
248.190000	249.216000	56
248.442000	248.956000	52
248.704000	250.209000	49
248.956000	249.464000	52
249.212000	249.723000	68
249.215000	249.724000	76
249.216000	250.209000	56
249.464000	250.209000	52
249.723000	250.240000	68
249.724000	250.209000	47
249.724000	250.241000	76
249.982000	250.244000	51
250.245000	250.786000	68
250.247000	250.787000	75
250.248000	250.790000	56
250.507000	250.790000	51
250.786000	252.365000	68
250.787000	251.721000	75
250.787000	252.365000	46
250.788000	252.369000	53
251.592000	251.851000	77
251.721000	251.851000	75
251.851000	252.369000	74
252.372000	252.901000	62
252.372000	252.901000	68
252.372000	252.902000	46
252.376000	252.904000	53
252.904000	253.432000	62
252.905000	253.433000	68
252.908000	253.437000	46
252.908000	253.437000	53
253.437000	253.975000	62
253.440000	253.975000	68
253.440000	253.976000	46
253.443000	253.979000	53
253.979000	255.043000	62
253.980000	255.043000	46
253.980000	255.043000	68
253.982000	255.046000	53
255.582000	256.135000	74
255.585000	256.136000	65
255.585000	256.136000	80
255.586000	256.138000	58
256.138000	256.684000	74
256.139000	256.687000	80
256.139000	256.688000	65
256.142000	256.688000	58
256.691000	257.273000	74
256.692000	257.273000	65
256.692000	257.273000	80
256.694000	257.276000	58
257.276000	258.536000	74
257.277000	257.934000	80
257.280000	258.539000	58
257.280000	258.539000	65
257.934000	258.010000	82
258.011000	258.084000	80
258.085000	258.158000	79
258.161000	258.235000	80
258.235000	258.385000	82
258.386000	258.540000	84
258.542000	258.802000	82
258.805000	259.071000	80
259.072000	259.344000	79
259.345000	259.610000	77
259.613000	259.877000	75
259.880000	260.146000	74
260.146000	260.422000	72
260.426000	260.737000	70
260.737000	261.531000	70
260.741000	261.798000	67
260.741000	262.827000	51
261.525000	261.658000	72
261.661000	261.795000	70
261.795000	262.309000	65
261.796000	262.309000	68
262.312000	262.819000	63
262.313000	262.824000	67
262.824000	263.348000	68
262.826000	263.348000	72
263.352000	263.883000	67
263.353000	263.884000	70
263.884000	264.773000	70
263.887000	264.654000	51
263.887000	264.916000	67
264.140000	264.916000	55
264.395000	264.916000	58
264.651000	264.916000	72
264.654000	264.916000	51
264.773000	264.916000	70
264.902000	265.938000	68
264.903000	265.680000	53
265.256381	265.991381	56
265.545506	266.024506	62
265.680000	265.938000	53
265.942000	267.240000	67
265.943000	266.719000	55
266.201000	266.873000	58
266.457000	266.873000	63
266.719000	266.978000	55
266.978000	270.058000	56
266.979000	270.061000	60
267.241000	267.492000	64
267.493000	267.754000	65
267.755000	268.011000	67
268.011000	268.266000	68
268.270000	268.521000	69
268.521000	268.777000	70
268.778000	269.032000	71
269.033000	269.158000	74
269.159000	269.285000	72
269.285000	269.414000	71
269.417000	269.543000	72
269.543000	269.669000	70
269.673000	269.799000	68
269.799000	269.932000	67
269.936000	270.061000	65
270.065000	271.118000	55
270.066000	270.327000	45
270.066000	271.118000	63
270.328000	270.589000	46
270.590000	270.849000	48
270.849000	271.119000	46
271.119000	271.252000	53
271.122000	271.252000	62
271.122000	272.155000	46
271.253000	271.377000	58
271.378000	271.504000	57
271.507000	271.639000	58
271.640000	271.766000	59
271.769000	271.902000	60
271.903000	272.028000	61
272.028000	272.155000	62
272.158000	272.287000	63
272.291000	272.417000	64
272.417000	272.546000	65
272.547000	272.672000	66
272.673000	272.799000	67
272.799000	272.927000	68
272.931000	273.061000	69
273.061000	273.194000	70
273.197000	274.229000	67
273.198000	273.974000	70
273.198000	274.230000	39
273.199000	274.230000	51
273.975000	274.101000	72
274.101000	274.231000	70
274.233000	274.356000	68
274.357000	274.482000	67
274.486000	274.611000	72
274.612000	274.737000	70
274.741000	274.873000	75
274.874000	275.000000	74
275.001000	275.133000	77
275.133000	275.262000	75
275.263000	275.396000	80
275.263000	276.316000	51
275.266000	276.316000	60
275.396000	275.528000	79
275.529000	275.661000	78
275.661000	275.787000	79
275.791000	275.924000	77
275.925000	276.050000	75
276.054000	276.182000	74
276.187000	276.319000	72
276.323000	276.848000	70
276.323000	277.373000	53
276.324000	277.377000	60
276.849000	277.898000	69
277.377000	277.899000	58
277.378000	278.429000	62
277.899000	278.693000	68
277.901000	278.430000	59
278.433000	279.991000	63
278.434000	278.948000	60
278.693000	278.948000	67
278.952000	279.203000	75
278.952000	279.469000	55
279.204000	279.473000	73
279.474000	279.731000	71
279.474000	279.995000	56
279.732000	279.995000	72
279.996000	280.239000	74
280.243000	280.498000	75
280.499000	281.023000	75
280.502000	281.542000	55
280.502000	282.567000	46
281.026000	281.797000	70
281.545000	282.571000	56
281.800000	281.923000	72
281.927000	282.052000	70
282.053000	282.185000	70
282.189000	282.314000	68
282.315000	282.441000	67
282.444000	282.574000	65
282.574000	284.044000	63
282.575000	282.837000	51
282.837000	283.359000	55
283.100000	284.044000	58
283.359000	283.887000	55
283.696508	284.112508	51
283.887000	284.156000	55
284.156000	284.670000	67
284.157000	284.670000	70
284.159000	285.181000	58
284.411000	284.923000	55
284.670000	285.181000	67
284.670000	285.181000	70
284.670000	285.721000	51
284.923000	285.443000	55
285.181000	285.721000	58
285.181000	285.721000	67
285.181000	285.721000	70
285.443000	285.721000	55
285.717000	287.312000	68
285.720000	286.244000	75
285.721000	285.976000	51
285.977000	286.245000	53
286.245000	287.312000	74
286.246000	287.306000	56
286.504000	287.035000	53
286.881270	287.420270	51
287.035000	287.312000	53
287.305000	287.764000	82
287.306000	287.764000	56
287.551000	287.809000	80
287.553000	287.809000	53
287.812000	288.838000	79
287.815000	288.835000	51
288.065000	288.575000	53
288.065000	288.834000	77
288.317000	288.838000	75
288.320000	288.838000	56
288.573000	288.838000	74
288.575000	288.838000	53
288.834000	288.911000	77
288.835000	289.097000	51
288.915000	289.095000	75
289.010000	289.097000	77
289.095000	289.615000	75
289.097000	289.356000	55
289.356000	289.616000	58
289.618000	289.745000	74
289.619000	289.877000	55
289.745000	289.878000	72
289.878000	290.398000	70
289.881000	290.136000	51
290.137000	290.399000	55
290.402000	290.914000	67
290.403000	290.914000	70
290.403000	291.429000	58
290.655000	291.166000	55
290.914000	291.425000	67
290.914000	291.425000	70
290.917000	291.950000	51
291.166000	291.684000	55
291.425000	291.951000	67
291.425000	291.951000	70
291.429000	291.951000	58
291.684000	291.951000	55
291.946000	292.464000	68
291.950000	292.205000	51
291.950000	292.205000	75
292.208000	292.467000	74
292.209000	292.468000	53
292.471000	293.517000	84
292.472000	292.726000	56
292.727000	292.989000	53
292.989000	293.248000	51
293.252000	293.518000	53
293.518000	293.640000	82
293.521000	293.766000	56
293.640000	293.769000	80
293.769000	293.896000	84
293.770000	294.021000	53
293.896000	294.022000	80
294.025000	294.147000	79
294.026000	294.270000	51
294.151000	294.274000	77
294.274000	294.399000	80
294.277000	294.526000	53
294.400000	294.529000	77
294.530000	294.655000	75
294.533000	294.784000	56
294.656000	294.785000	74
294.785000	294.911000	77
294.786000	295.029000	53
294.911000	295.034000	74
295.036000	295.159000	75
295.037000	296.051000	51
295.037000	296.056000	55
295.159000	295.289000	77
295.289000	295.414000	75
295.415000	295.544000	74
295.544000	295.624000	75
295.625000	295.712000	76
295.713000	295.793000	77
295.793000	295.922000	78
295.922000	296.056000	79
296.058000	296.559000	70
296.559000	297.105000	67
296.563000	297.106000	55
296.563000	297.106000	70
297.109000	297.668000	65
297.110000	297.669000	68
297.112000	297.672000	56
297.673000	298.267000	63
297.673000	298.268000	67
297.674000	298.268000	57
298.270000	299.345000	63
298.271000	298.526000	70
298.271000	299.628000	58
298.530000	298.792000	69
298.796000	299.069000	70
299.069000	299.346000	67
299.346000	300.427000	62
299.348000	300.427000	65
299.629000	299.898000	59
299.899000	300.157000	60
300.161000	300.428000	58
300.430000	300.686000	58
300.689000	300.951000	56
300.955000	301.214000	55
301.217000	301.483000	53
301.347000	301.484000	70
301.484000	303.065000	82
301.487000	303.048000	51
302.009000	303.048000	55
302.538000	303.069000	58
303.069000	303.608000	80
303.070000	303.608000	63
303.196000	303.608000	79
303.328000	303.608000	77
303.462000	303.608000	75
303.592000	304.129000	68
303.592000	304.129000	74
304.120000	304.651000	67
304.120000	304.651000	75
304.648000	305.205000	74
304.649000	305.205000	77
304.651000	305.205000	65
304.651000	305.205000	68
305.201000	305.737000	80
305.202000	305.788000	75
305.204000	305.788000	67
305.205000	305.788000	63
305.330000	305.596000	79
305.466000	305.737000	77
305.596000	305.788000	79
305.737000	306.254000	77
305.737000	306.254000	80
305.738000	306.255000	62
305.740000	306.258000	65
306.258000	306.800000	70
306.801000	307.346000	70
307.347000	307.892000	70
307.892000	309.499000	80
308.417000	309.499000	58
308.949000	309.499000	62
309.472000	309.603000	82
309.474000	310.037000	65
309.604000	310.037000	80
309.738000	310.037000	79
309.873000	310.037000	77
310.000000	310.583000	75
310.002000	310.583000	67
310.528000	311.061000	74
310.532000	311.061000	68
310.532000	311.061000	77
310.532000	311.647000	70
311.057000	311.647000	75
311.060000	311.647000	67
311.060000	311.647000	79
311.610000	312.145000	82
311.613000	312.149000	65
311.613000	312.149000	68
311.613000	312.149000	77
311.739000	312.009000	80
311.875000	312.145000	79
312.009000	312.149000	80
312.145000	312.533000	79
312.145000	312.533000	82
312.149000	312.673000	63
312.149000	312.677000	67
312.677000	313.219000	39
312.678000	313.220000	51
313.220000	313.766000	39
313.222000	313.766000	51
313.767000	314.311000	39
313.769000	314.311000	51
314.312000	315.627000	73
314.839000	315.365000	63
314.840000	315.368000	55
315.372000	315.890000	55
315.372000	315.891000	63
315.631000	315.697000	75
315.701000	315.763000	73
315.764000	315.826000	72
315.827000	315.893000	73
315.894000	316.155000	75
315.894000	316.425000	55
315.897000	316.426000	63
316.156000	316.426000	77
316.427000	316.685000	75
316.429000	316.954000	55
316.429000	316.954000	63
316.685000	316.955000	73
316.955000	317.223000	72
316.957000	317.514000	55
316.957000	317.515000	63
317.227000	317.517000	71
317.518000	318.858000	71
318.049000	318.592000	55
318.050000	319.124000	63
318.592000	319.125000	56
318.859000	319.127000	72
319.127000	319.382000	75
319.128000	319.645000	63
319.128000	319.646000	56
319.387000	319.649000	74
319.649000	319.901000	77
319.649000	320.167000	56
319.650000	320.170000	63
319.904000	320.171000	75
320.171000	320.426000	74
320.174000	320.684000	56
320.174000	320.685000	63
320.427000	320.685000	72
320.688000	320.895000	70
320.689000	321.189000	55
320.689000	321.192000	63
320.853000	321.070000	71
321.020000	321.238000	72
321.192000	321.406000	73
321.193000	321.700000	56
321.196000	321.700000	63
321.363000	321.574000	74
321.532000	321.701000	75
321.704000	321.829000	75
321.707000	322.222000	46
321.708000	322.225000	55
321.829000	322.750000	63
322.225000	322.750000	46
322.225000	322.753000	55
322.753000	323.019000	67
322.757000	323.832000	62
322.758000	323.288000	46
322.758000	323.292000	56
323.020000	323.295000	65
323.296000	323.552000	63
323.296000	323.835000	46
323.297000	323.835000	56
323.555000	323.835000	65
323.836000	324.898000	63
323.839000	324.101000	51
323.839000	324.370000	55
324.101000	324.826000	51
324.370000	324.826000	55
324.634000	324.899000	58
324.902000	325.161000	56
325.162000	325.428000	58
325.431000	325.949000	63
325.431000	325.952000	70
325.432000	325.875000	55
325.690000	325.953000	58
325.953000	327.023000	65
325.956000	326.355000	53
325.956000	326.485000	70
326.212000	326.747000	58
326.481000	327.023000	67
326.485000	327.021000	70
326.485000	327.023000	51
326.747000	327.023000	58
327.021000	327.803000	70
327.023000	327.509000	50
327.023000	328.584000	68
327.280000	327.541000	53
327.542000	327.968000	56
327.667000	327.968000	72
327.803000	327.968000	70
327.804000	328.063000	55
327.931000	328.067000	69
328.067000	328.325000	70
328.068000	328.325000	53
328.326000	328.584000	51
328.588000	329.155000	62
328.588000	329.155000	70
328.591000	329.155000	50
328.855000	329.155000	48
329.124000	329.728000	46
329.124000	329.728000	63
329.124000	329.728000	72
329.383000	329.728000	48
329.645000	330.171000	65
329.646000	330.171000	44
329.646000	330.171000	74
329.907000	330.171000	46
330.167000	331.070000	75
330.170000	331.713000	63
330.171000	331.111000	43
330.426000	330.947000	46
330.684000	331.111000	51
330.810000	331.111000	77
330.945000	331.111000	79
330.947000	331.199000	46
331.070000	331.200000	75
331.200000	331.451000	70
331.200000	331.454000	55
331.714000	332.253000	67
331.717000	332.256000	70
331.717000	332.257000	51
331.717000	332.260000	55
332.260000	332.795000	65
332.261000	332.796000	53
332.261000	332.796000	68
332.263000	332.798000	56
332.798000	333.372000	63
332.799000	333.376000	67
332.799000	333.377000	55
332.802000	333.379000	58
333.380000	334.023000	65
333.380000	334.415000	56
333.380000	334.416000	60
334.024000	334.153000	67
334.153000	334.286000	68
334.286000	334.416000	65
334.419000	334.674000	72
334.936000	335.466000	60
334.937000	335.466000	65
334.937000	335.467000	44
334.940000	335.469000	53
335.469000	335.997000	58
335.470000	335.998000	63
335.470000	336.557000	46
335.473000	336.001000	55
336.002000	336.558000	62
336.004000	336.558000	65
336.005000	336.560000	56
336.561000	337.394000	65
336.561000	337.670000	62
336.562000	337.957000	51
336.564000	337.671000	56
337.395000	337.671000	66
337.674000	337.958000	63
337.675000	337.958000	55
337.675000	338.234000	67
337.958000	338.235000	63
338.235000	338.832000	75
338.238000	338.773000	82
338.238000	338.832000	67
338.500000	338.832000	70
338.773000	339.305000	77
338.773000	339.306000	82
338.774000	339.266000	68
339.036000	339.308000	67
339.312000	339.848000	79
339.313000	339.845000	82
339.313000	339.848000	65
339.575000	339.848000	63
339.845000	340.628000	82
339.846000	341.409000	80
339.848000	340.306000	62
340.103000	340.366000	65
340.366000	340.852000	68
340.492000	340.852000	84
340.628000	340.852000	82
340.628000	340.887000	67
340.758000	340.888000	81
340.888000	341.146000	82
340.890000	341.150000	65
341.150000	341.409000	63
341.412000	341.937000	74
341.412000	341.937000	82
341.413000	341.937000	62
341.664000	341.937000	60
341.923000	342.458000	75
341.924000	342.434000	58
341.924000	342.462000	84
342.190000	342.463000	60
342.463000	343.050000	77
342.464000	343.050000	86
342.465000	343.050000	56
342.732000	343.050000	58
343.015000	343.786000	87
343.015000	344.559000	75
343.016000	343.554000	55
343.274000	343.554000	58
343.529000	343.974000	60
343.656000	343.974000	86
343.786000	343.974000	87
343.787000	344.043000	62
343.918000	344.044000	82
344.044000	344.300000	79
344.047000	344.300000	63
344.562000	345.094000	79
344.562000	345.098000	82
344.566000	345.098000	63
344.567000	345.098000	67
345.101000	345.632000	77
345.102000	345.633000	80
345.102000	345.637000	65
345.103000	345.637000	68
345.640000	346.221000	75
345.640000	346.221000	79
345.641000	346.225000	67
345.644000	346.225000	70
346.226000	346.364000	76
346.228000	346.795000	68
346.228000	346.796000	72
346.368000	346.512000	77
346.512000	346.655000	79
346.656000	346.798000	77
346.798000	346.935000	80
346.935000	347.075000	79
347.076000	347.215000	82
347.215000	347.348000	80
347.349000	348.405000	84
348.406000	348.930000	82
348.406000	348.934000	62
348.408000	349.504000	58
348.408000	349.508000	68
348.934000	349.511000	65
349.360000	349.511000	74
349.511000	350.963000	75
349.512000	350.533000	63
349.763000	350.275000	67
350.095238	351.039238	70
350.275000	350.785000	67
350.533000	350.963000	63
350.785000	351.041000	67
351.041000	351.548000	85
351.042000	351.474000	70
351.297000	351.551000	67
351.552000	352.599000	84
351.555000	351.915000	68
351.807000	352.599000	65
352.070000	352.599000	86
352.071000	352.599000	70
352.329000	352.599000	68
352.598000	353.452000	89
352.599000	353.132000	67
352.861000	353.452000	70
353.131000	353.659000	87
353.132000	353.452000	67
353.389000	353.659000	65
353.660000	353.924000	63
353.925000	354.190000	61
354.191000	354.757000	73
354.194000	354.757000	58
354.457000	354.757000	55
354.741000	355.195000	56
354.741000	355.290000	72
355.013000	355.290000	53
355.291000	355.949000	68
355.293000	355.951000	58
355.293000	355.951000	74
355.619000	355.951000	46
355.948000	357.309000	77
355.949000	357.309000	68
355.951000	357.989000	51
357.310000	357.989000	67
357.313000	357.989000	75
357.992000	358.615000	62
357.992000	358.615000	65
357.993000	358.618000	56
358.618000	359.196000	63
358.619000	359.196000	67
358.619000	359.197000	55
359.199000	359.829000	65
359.199000	359.829000	68
359.200000	359.830000	53
359.833000	360.911000	66
359.834000	360.911000	69
359.834000	361.988000	52
360.912000	361.446000	67
360.912000	361.450000	70
361.450000	361.989000	70
361.451000	361.989000	73
361.992000	362.546000	64
361.993000	362.546000	67
361.993000	363.130000	48
362.547000	363.133000	68
362.549000	363.133000	72
363.137000	364.256000	67
363.137000	364.257000	70
363.138000	365.349000	50
364.260000	364.820000	65
364.261000	364.821000	68
364.824000	365.349000	77
365.352000	365.877000	77
365.352000	366.406000	60
365.353000	366.406000	56
365.878000	366.406000	77
366.410000	367.469000	78
366.410000	367.470000	58
366.410000	367.470000	61
367.471000	367.984000	79
367.984000	369.009000	82
368.502000	369.531000	60
368.503000	369.535000	70
369.013000	369.538000	76
369.538000	370.592000	79
369.539000	370.592000	70
369.539000	371.120000	65
370.593000	371.121000	68
370.593000	371.121000	77
371.124000	371.659000	41
371.660000	372.198000	41
372.198000	372.737000	41
372.741000	375.782000	41
373.279000	373.777000	80
373.778000	374.025000	79
374.029000	374.277000	77
374.278000	374.523000	75
374.523000	374.771000	73
374.771000	375.033000	72
375.034000	375.288000	73
375.289000	375.538000	77
375.538000	375.782000	73
375.783000	378.971000	62
375.783000	378.974000	68
375.786000	376.825000	72
375.786000	377.343000	41
376.826000	378.975000	71
377.343000	377.875000	41
377.879000	378.404000	41
378.404000	378.978000	41
378.978000	382.071000	42
379.506000	380.535000	63
379.507000	380.025000	72
380.025000	380.280000	71
380.281000	380.536000	72
380.536000	381.543000	63
380.539000	380.783000	74
380.784000	381.040000	72
381.040000	381.295000	71
381.295000	381.547000	72
381.547000	383.125000	63
381.548000	381.799000	75
381.803000	382.072000	74
382.076000	383.126000	71
382.076000	383.654000	43
383.126000	385.208000	63
383.127000	385.208000	72
383.654000	384.168000	43
384.169000	384.689000	43
384.690000	385.212000	43
385.212000	387.251000	44
385.712000	386.230000	63
385.713000	386.230000	72
386.234000	386.741000	63
386.234000	386.742000	72
386.742000	387.252000	63
386.744000	387.252000	72
387.255000	387.745000	63
387.256000	387.746000	72
387.256000	388.277000	45
387.746000	388.281000	63
387.749000	388.282000	72
388.282000	388.935000	73
388.284000	389.848000	63
388.285000	389.327000	46
388.936000	389.069000	72
389.069000	389.194000	70
389.198000	389.328000	68
389.331000	389.853000	67
389.334000	390.364000	49
389.855000	390.364000	79
390.365000	390.871000	80
390.367000	391.403000	48
390.874000	391.655000	72
391.403000	392.445000	49
391.658000	391.900000	70
391.901000	392.145000	73
392.146000	392.446000	77
392.449000	394.025000	68
392.450000	393.478000	51
392.450000	393.483000	60
393.483000	394.606000	51
393.484000	394.606000	61
394.028000	394.609000	67
394.029000	394.315000	72
394.319000	394.609000	70
394.613000	394.861000	56
394.613000	396.152000	68
394.864000	395.379000	60
395.124000	396.153000	63
395.379000	395.890000	60
395.635000	396.191000	56
395.890000	396.191000	60
396.152000	396.665000	68
396.152000	396.666000	72
396.153000	397.178000	63
396.409000	396.916000	60
396.665000	397.176000	68
396.666000	397.176000	72
396.667000	397.707000	56
396.916000	397.440000	60
397.176000	397.706000	72
397.176000	397.707000	68
397.178000	397.707000	63
397.440000	397.707000	60
397.704000	399.250000	70
397.706000	399.250000	72
397.707000	397.969000	55
397.707000	398.228000	77
397.969000	398.228000	58
398.229000	399.250000	76
398.232000	399.240000	60
398.485000	398.998000	58
398.740000	399.240000	55
398.998000	399.254000	58
399.254000	399.765000	70
399.257000	399.766000	72
399.257000	400.279000	60
399.506000	400.017000	58
399.765000	400.275000	70
399.766000	400.276000	72
399.766000	400.790000	55
400.017000	400.528000	58
400.275000	400.790000	70
400.276000	400.788000	72
400.279000	400.790000	60
400.528000	400.790000	58
400.787000	401.311000	79
400.787000	402.333000	68
400.788000	402.334000	72
400.790000	401.049000	53
401.053000	401.312000	56
401.315000	402.334000	77
401.316000	402.263000	60
401.568000	402.078000	56
401.823000	402.263000	53
402.078000	402.337000	56
402.337000	402.859000	68
402.338000	402.859000	72
402.340000	403.384000	60
402.596000	403.118000	56
402.859000	403.381000	68
402.859000	403.384000	72
402.862000	403.923000	53
403.118000	403.646000	56
403.381000	403.922000	68
403.384000	403.922000	72
403.384000	403.923000	60
403.646000	403.923000	56
403.921000	404.441000	80
403.922000	405.484000	68
403.922000	405.484000	72
403.923000	404.178000	51
404.179000	404.441000	54
404.442000	405.501000	78
404.444000	405.487000	56
404.703000	405.218000	54
404.963000	405.501000	51
405.218000	405.501000	54
405.484000	405.988000	68
405.484000	405.988000	72
405.487000	406.496000	56
405.736000	406.241000	54
405.988000	406.492000	68
405.988000	406.495000	72
405.989000	407.007000	51
406.241000	406.744000	54
406.492000	407.006000	68
406.495000	407.007000	72
406.496000	407.007000	56
406.744000	407.007000	54
407.003000	407.587000	78
407.006000	407.587000	49
407.006000	408.553000	68
407.006000	409.540000	73
407.262000	407.587000	52
407.528000	408.557000	76
407.531000	408.557000	56
407.784000	408.294000	52
408.042000	409.540000	49
408.294000	408.806000	52
408.553000	409.065000	68
408.557000	409.066000	76
408.557000	409.540000	56
408.806000	409.540000	52
409.065000	409.579000	68
409.066000	409.579000	76
409.067000	409.540000	47
409.317000	409.580000	51
409.580000	410.121000	68
409.582000	410.122000	75
409.582000	410.125000	56
409.852000	410.125000	51
410.121000	411.703000	68
410.122000	411.060000	75
410.122000	411.704000	46
410.125000	411.704000	53
410.930000	411.189000	77
411.060000	411.189000	75
411.186000	411.706000	74
411.707000	412.236000	62
411.707000	412.236000	68
411.707000	412.238000	46
411.710000	412.239000	53
412.239000	412.774000	62
412.243000	412.778000	68
412.243000	412.779000	46
412.244000	412.781000	53
412.781000	413.309000	62
412.782000	413.310000	46
412.782000	413.310000	68
412.785000	413.313000	53
413.314000	414.384000	62
413.316000	414.385000	68
413.317000	414.385000	46
413.317000	414.388000	53
414.916000	415.470000	74
414.919000	415.470000	80
414.920000	415.473000	65
414.923000	415.473000	58
415.473000	416.026000	74
415.477000	416.029000	65
415.477000	416.029000	80
415.478000	416.030000	58
416.033000	416.606000	74
416.033000	416.607000	80
416.034000	416.610000	65
416.034000	416.611000	58
416.611000	417.880000	74
416.614000	417.268000	80
416.615000	417.881000	58
416.615000	417.881000	65
417.272000	417.345000	82
417.345000	417.419000	80
417.419000	417.495000	79
417.496000	417.576000	80
417.580000	417.720000	82
417.723000	417.881000	84
417.884000	418.146000	82
418.147000	418.413000	80
418.413000	418.679000	79
418.679000	418.948000	77
418.948000	419.214000	75
419.215000	419.483000	74
419.487000	419.763000	72
419.768000	420.078000	70
420.079000	420.870000	70
420.082000	421.128000	67
420.083000	422.151000	51
420.866000	420.995000	72
420.996000	421.121000	70
421.126000	421.639000	65
421.126000	421.640000	68
421.644000	422.144000	63
421.644000	422.147000	67
422.148000	422.672000	68
422.151000	422.675000	72
422.676000	423.215000	67
422.676000	423.215000	70
423.216000	424.098000	70
423.218000	423.977000	51
423.218000	424.241000	67
423.464000	424.241000	55
423.719000	424.241000	58
423.975000	424.241000	72
423.977000	424.241000	51
424.098000	424.241000	70
424.227000	425.262000	68
424.230000	425.003000	53
424.621460	425.357460	56
424.837950	425.316950	62
425.003000	425.263000	53
425.265000	426.558000	67
425.266000	426.044000	55
425.605079	426.277079	58
425.781000	426.197000	63
426.044000	426.301000	55
426.302000	429.385000	56
426.302000	429.385000	60
426.558000	426.820000	64
426.820000	427.079000	65
427.079000	427.334000	67
427.338000	427.589000	68
427.590000	427.849000	69
427.849000	428.101000	70
428.101000	428.356000	71
428.360000	428.485000	74
428.486000	428.612000	72
428.613000	428.734000	71
428.734000	428.867000	72
428.868000	428.993000	70
428.997000	429.123000	68
429.123000	429.256000	67
429.257000	429.386000	65
429.389000	430.442000	55
429.389000	430.443000	63
429.390000	429.651000	45
429.651000	429.910000	46
429.911000	430.172000	48
430.173000	430.443000	46
430.445000	430.568000	53
430.446000	430.569000	62
430.446000	431.478000	46
430.572000	430.702000	58
430.702000	430.834000	57
430.835000	430.964000	58
430.964000	431.096000	59
431.097000	431.223000	60
431.224000	431.353000	61
431.353000	431.479000	62
431.481000	431.611000	63
431.615000	431.740000	64
431.741000	431.870000	65
431.871000	431.997000	66
431.997000	432.122000	67
432.123000	432.252000	68
432.252000	432.385000	69
432.385000	432.518000	70
432.521000	433.554000	67
432.522000	433.299000	70
432.522000	433.555000	39
432.525000	433.555000	51
433.299000	433.424000	72
433.425000	433.555000	70
433.557000	433.680000	68
433.680000	433.806000	67
433.809000	433.936000	72
433.936000	434.061000	70
434.065000	434.198000	75
434.199000	434.323000	74
434.327000	434.457000	77
434.458000	434.587000	75
434.587000	434.719000	80
434.588000	435.643000	51
434.590000	435.644000	60
434.720000	434.852000	79
434.852000	434.982000	78
434.982000	435.111000	79
435.115000	435.248000	77
435.248000	435.380000	75
435.381000	435.510000	74
435.510000	435.644000	72
435.645000	436.172000	70
435.647000	436.700000	53
435.647000	436.701000	60
436.173000	437.226000	69
436.701000	437.229000	58
436.702000	437.754000	62
437.229000	438.016000	68
437.233000	437.757000	59
437.757000	439.318000	63
437.758000	438.271000	60
438.017000	438.272000	67
438.272000	438.528000	75
438.275000	438.794000	55
438.528000	438.797000	73
438.797000	439.056000	71
438.798000	439.319000	56
439.057000	439.319000	72
439.319000	439.566000	74
439.567000	439.823000	75
439.823000	440.347000	75
439.826000	440.865000	55
439.826000	441.894000	46
440.351000	441.125000	70
440.869000	441.895000	56
441.125000	441.250000	72
441.251000	441.384000	70
441.384000	441.509000	70
441.513000	441.639000	68
441.640000	441.765000	67
441.769000	441.898000	65
441.899000	442.160000	51
441.899000	443.368000	63
442.161000	442.689000	55
442.423000	443.368000	58
442.689000	443.215000	55
443.044172	443.460172	51
443.215000	443.479000	55
443.480000	443.995000	67
443.480000	443.995000	70
443.483000	444.506000	58
443.736000	444.246000	55
443.995000	444.503000	67
443.995000	444.505000	70
443.996000	445.045000	51
444.246000	444.768000	55
444.503000	445.046000	67
444.505000	445.046000	70
444.506000	445.046000	58
444.768000	445.046000	55
445.045000	445.569000	75
445.045000	446.637000	68
445.300000	445.570000	53
445.570000	446.637000	74
445.573000	446.623000	56
445.833000	446.361000	53
446.196934	446.734934	51
446.361000	446.637000	53
446.623000	447.088000	56
446.623000	447.088000	82
446.876000	447.137000	80
446.878000	447.138000	53
447.138000	448.156000	51
447.138000	448.157000	79
447.394000	448.153000	77
447.397000	447.905000	53
447.642000	448.157000	75
447.645000	448.157000	56
447.905000	448.157000	53
447.905000	448.157000	74
448.153000	448.240000	77
448.156000	448.418000	51
448.240000	448.416000	75
448.328000	448.418000	77
448.416000	448.674000	55
448.416000	448.933000	75
448.675000	448.937000	58
448.940000	449.062000	74
448.940000	449.192000	55
449.063000	449.192000	72
449.193000	449.713000	70
449.196000	449.451000	51
449.454000	449.714000	55
449.717000	450.228000	67
449.718000	450.228000	70
449.718000	450.740000	58
449.970000	450.480000	55
450.228000	450.739000	67
450.228000	450.740000	70
450.232000	451.265000	51
450.480000	450.999000	55
450.739000	451.265000	67
450.740000	451.265000	58
450.740000	451.265000	70
450.999000	451.265000	55
451.261000	451.513000	75
451.261000	451.768000	68
451.514000	451.768000	74
451.516000	451.772000	53
451.772000	452.801000	84
451.775000	452.030000	56
452.031000	452.286000	53
452.287000	452.545000	51
452.549000	452.801000	53
452.804000	452.930000	82
452.804000	453.060000	56
452.931000	453.060000	80
453.061000	453.185000	84
453.061000	453.311000	53
453.186000	453.315000	80
453.315000	453.441000	79
453.316000	453.563000	51
453.441000	453.564000	77
453.564000	453.690000	80
453.565000	453.816000	53
453.690000	453.818000	77
453.819000	453.945000	75
453.823000	454.075000	56
453.946000	454.075000	74
454.076000	454.193000	77
454.078000	454.323000	53
454.194000	454.324000	74
454.324000	454.449000	75
454.326000	455.338000	51
454.326000	455.339000	55
454.453000	454.578000	77
454.579000	454.705000	75
454.708000	454.834000	74
454.835000	454.914000	75
454.915000	455.002000	76
455.003000	455.083000	77
455.086000	455.208000	78
455.213000	455.339000	79
455.342000	455.849000	70
455.850000	456.394000	67
455.852000	456.399000	70
455.853000	456.399000	55
456.399000	456.966000	65
456.400000	456.966000	68
456.400000	456.967000	56
456.967000	457.557000	63
456.969000	457.558000	57
456.969000	457.558000	67
457.558000	458.635000	63
457.560000	457.816000	70
457.561000	458.919000	58
457.817000	458.085000	69
458.086000	458.351000	70
458.352000	458.639000	67
458.639000	459.714000	62
458.640000	459.716000	65
458.922000	459.184000	59
459.188000	459.447000	60
459.450000	459.717000	58
459.721000	459.976000	58
459.976000	460.245000	56
460.245000	460.504000	55
460.504000	460.759000	53
460.634000	460.760000	70
460.763000	462.345000	82
460.764000	462.327000	51
461.288000	462.327000	55
461.817000	462.346000	58
462.348000	462.888000	80
462.349000	462.888000	63
462.478000	462.888000	79
462.608000	462.888000	77
462.741000	462.888000	75
462.877000	463.409000	68
462.877000	463.409000	74
463.403000	463.931000	75
463.406000	463.931000	67
463.927000	464.480000	74
463.928000	464.480000	68
463.928000	464.480000	77
463.931000	464.480000	65
464.474000	465.004000	80
464.477000	465.058000	63
464.477000	465.058000	67
464.477000	465.058000	75
464.603000	464.866000	79
464.732000	465.002000	77
464.866000	465.058000	79
465.002000	465.527000	77
465.004000	465.527000	80
465.006000	465.527000	62
465.006000	465.531000	65
465.531000	466.066000	70
466.066000	466.611000	70
466.612000	467.158000	70
467.158000	468.765000	80
467.686000	468.765000	58
468.215000	468.765000	62
468.745000	468.869000	82
468.747000	469.307000	65
468.870000	469.307000	80
469.006000	469.307000	79
469.139000	469.307000	77
469.273000	469.849000	75
469.275000	469.849000	67
469.797000	470.329000	74
469.797000	470.329000	77
469.797000	470.903000	70
469.800000	470.329000	68
470.325000	470.903000	75
470.325000	470.903000	79
470.326000	470.903000	67
470.865000	471.400000	82
470.868000	471.404000	65
470.868000	471.404000	77
470.869000	471.404000	68
470.994000	471.263000	80
471.130000	471.400000	79
471.263000	471.404000	80
471.400000	471.788000	79
471.400000	471.788000	82
471.401000	471.935000	63
471.404000	471.935000	67
471.939000	472.481000	39
471.939000	472.482000	51
472.485000	473.027000	39
472.486000	473.028000	51
473.028000	473.566000	39
473.031000	473.566000	51
473.566000	474.882000	73
474.095000	474.623000	63
474.098000	474.624000	55
474.627000	475.148000	55
474.627000	475.152000	63
474.886000	474.953000	75
474.956000	475.018000	73
475.019000	475.082000	72
475.083000	475.155000	73
475.155000	475.411000	75
475.156000	475.680000	55
475.156000	475.681000	63
475.414000	475.681000	77
475.682000	475.940000	75
475.684000	476.212000	55
475.684000	476.215000	63
475.940000	476.215000	73
476.216000	476.477000	72
476.219000	476.768000	55
476.219000	476.771000	63
476.481000	476.771000	71
476.775000	478.112000	71
477.303000	477.843000	55
477.306000	478.378000	63
477.843000	478.381000	56
478.112000	478.381000	72
478.382000	478.640000	75
478.382000	478.900000	63
478.385000	478.903000	56
478.641000	478.903000	74
478.903000	479.155000	77
478.906000	479.424000	56
478.906000	479.424000	63
479.155000	479.425000	75
479.428000	479.683000	74
479.428000	479.949000	56
479.429000	479.953000	63
479.687000	479.954000	72
479.956000	480.159000	70
479.957000	480.454000	55
479.957000	480.457000	63
480.117000	480.334000	71
480.289000	480.502000	72
480.457000	480.670000	73
480.461000	480.968000	56
480.461000	480.968000	63
480.625000	480.838000	74
480.800000	480.969000	75
480.971000	481.094000	75
480.972000	481.492000	46
480.972000	481.497000	55
481.094000	482.018000	63
481.497000	482.018000	46
481.499000	482.022000	55
482.022000	482.273000	67
482.023000	482.546000	46
482.023000	483.078000	62
482.025000	482.547000	56
482.273000	482.550000	65
482.550000	482.805000	63
482.551000	483.079000	46
482.551000	483.081000	56
482.808000	483.082000	65
483.085000	484.149000	63
483.086000	483.355000	51
483.086000	483.621000	55
483.355000	484.072000	51
483.621000	484.072000	55
483.887000	484.150000	58
484.150000	484.415000	56
484.416000	484.677000	58
484.678000	485.199000	63
484.679000	485.122000	55
484.679000	485.200000	70
484.941000	485.200000	58
485.203000	486.274000	65
485.204000	485.606000	53
485.204000	485.739000	70
485.469000	486.001000	58
485.735000	486.274000	67
485.739000	486.271000	70
485.739000	486.274000	51
486.001000	486.274000	58
486.271000	486.767000	50
486.271000	487.052000	70
486.271000	487.835000	68
486.529000	486.788000	53
486.789000	487.219000	56
486.925000	487.219000	72
487.052000	487.219000	70
487.054000	487.313000	55
487.180000	487.314000	69
487.314000	487.573000	70
487.315000	487.573000	53
487.574000	487.836000	51
487.836000	488.402000	62
487.838000	488.402000	50
487.838000	488.402000	70
488.102000	488.402000	48
488.374000	488.982000	63
488.375000	488.982000	46
488.375000	488.982000	72
488.630000	488.982000	48
488.899000	489.425000	65
488.903000	489.425000	44
488.903000	489.425000	74
489.158000	489.425000	46
489.424000	490.307000	75
489.425000	490.348000	43
489.425000	490.953000	63
489.677000	490.184000	46
489.939000	490.348000	51
490.061000	490.348000	77
490.184000	490.348000	79
490.184000	490.439000	46
490.307000	490.442000	75
490.442000	490.698000	70
490.446000	490.699000	55
490.954000	491.492000	67
490.954000	491.493000	70
490.955000	491.493000	51
490.957000	491.496000	55
491.496000	492.031000	65
491.496000	492.031000	68
491.500000	492.032000	53
491.500000	492.035000	56
492.035000	492.612000	63
492.036000	492.613000	67
492.038000	492.613000	55
492.038000	492.616000	58
492.616000	493.263000	65
492.617000	493.648000	56
492.619000	493.652000	60
493.264000	493.397000	67
493.397000	493.522000	68
493.523000	493.653000	65
493.655000	493.911000	72
494.166000	494.702000	60
494.167000	494.702000	65
494.170000	494.703000	44
494.171000	494.706000	53
494.706000	495.237000	58
494.707000	495.238000	63
494.709000	495.238000	55
494.709000	495.790000	46
495.238000	495.795000	62
495.241000	495.795000	65
495.241000	495.797000	56
495.798000	496.634000	65
495.798000	496.914000	62
495.798000	497.190000	51
495.801000	496.915000	56
496.634000	496.915000	66
496.917000	497.194000	63
496.918000	497.195000	55
496.918000	497.470000	67
497.197000	497.471000	63
497.471000	498.069000	75
497.474000	498.010000	82
497.475000	498.069000	67
497.741000	498.069000	70
498.009000	498.545000	77
498.010000	498.503000	68
498.010000	498.545000	82
498.272000	498.546000	67
498.549000	499.081000	82
498.549000	499.085000	79
498.550000	499.085000	65
498.814000	499.085000	63
499.081000	499.865000	82
499.084000	500.645000	80
499.085000	499.543000	62
499.340000	499.601000	65
499.602000	500.088000	68
499.736000	500.088000	84
499.865000	500.088000	82
499.866000	500.123000	67
499.998000	500.124000	81
500.127000	500.382000	82
500.127000	500.387000	65
500.387000	500.648000	63
500.649000	501.174000	74
500.649000	501.174000	82
500.650000	501.174000	62
500.904000	501.174000	60
501.160000	501.695000	75
501.163000	501.670000	58
501.163000	501.698000	84
501.432000	501.698000	60
501.699000	502.290000	77
501.702000	502.290000	86
501.703000	502.290000	56
501.978000	502.290000	58
502.258000	503.015000	87
502.259000	502.794000	55
502.259000	503.792000	75
502.511000	502.794000	58
502.766000	503.211000	60
502.892000	503.211000	86
503.015000	503.211000	87
503.018000	503.280000	62
503.148000	503.285000	82
503.285000	503.536000	79
503.287000	503.536000	63
503.792000	504.330000	79
503.795000	504.334000	82
503.795000	504.335000	63
503.796000	504.335000	67
504.337000	504.873000	77
504.338000	504.874000	65
504.338000	504.874000	80
504.341000	504.876000	68
504.877000	505.458000	75
504.877000	505.458000	79
504.878000	505.460000	67
504.881000	505.461000	70
505.461000	505.601000	76
505.465000	506.032000	68
505.465000	506.032000	72
505.602000	505.748000	77
505.748000	505.888000	79
505.889000	506.035000	77
506.035000	506.171000	80
506.172000	506.311000	79
506.311000	506.448000	82
506.452000	506.584000	80
506.585000	507.638000	84
507.642000	508.170000	82
507.645000	508.171000	62
507.645000	508.744000	58
507.646000	508.745000	68
508.171000	508.745000	65
508.597000	508.747000	74
508.748000	509.767000	63
508.748000	510.200000	75
509.000000	509.511000	67
509.348463	510.278000	70
509.511000	510.022000	67
509.767000	510.200000	63
510.022000	510.277000	67
510.277000	510.788000	85
510.278000	510.711000	70
510.533000	510.789000	67
510.789000	511.836000	84
510.791000	511.152000	68
511.044000	511.836000	65
511.306000	511.836000	86
511.307000	511.836000	70
511.565000	511.836000	68
511.835000	512.364000	67
511.835000	512.692000	89
512.094000	512.692000	70
512.360000	512.895000	87
512.364000	512.692000	67
512.630000	512.895000	65
512.896000	513.161000	63
513.161000	513.430000	61
513.431000	513.997000	58
513.431000	513.997000	73
513.697000	513.997000	55
513.973000	514.533000	72
513.974000	514.432000	56
514.250000	514.533000	53
514.534000	515.185000	68
514.537000	515.223000	58
514.537000	515.223000	74
514.855000	515.223000	46
515.184000	516.486000	77
515.185000	516.490000	68
515.188000	517.144000	51
516.490000	517.144000	67
516.493000	517.145000	75
517.148000	517.840000	62
517.148000	517.840000	65
517.767000	518.376000	63
517.767000	518.376000	67
518.377000	519.076000	65
518.377000	519.076000	68
518.380000	519.080000	46
519.076000	521.631000	65
519.076000	521.632000	68
519.077000	522.653000	39
519.080000	522.653000	51
519.149678	521.707678	62
521.635000	522.653000	63
521.635000	522.653000	67
