OnsetTime	OffsetTime	MidiPitch
0.519987	1.502990	63
0.520993	1.504000	51
0.520993	1.504000	58
0.523983	1.504000	55
1.506990	2.519000	58
1.507990	2.519990	46
1.507990	2.519990	53
1.507990	2.519990	62
2.521990	3.562000	57
2.522990	3.562000	60
2.522990	3.564990	53
2.525990	3.564990	41
3.566000	4.583990	58
3.568990	4.583990	62
3.570000	4.587000	46
3.570000	4.587000	53
4.587000	5.630000	58
4.590990	5.630990	51
4.590990	5.630990	55
4.592000	5.634000	39
5.634000	6.680010	60
5.634000	6.681000	56
5.635000	6.681000	44
5.635000	6.684000	51
6.684000	7.755000	56
6.684000	7.755000	62
6.686990	7.755990	41
6.688000	7.755990	46
7.757990	8.828980	55
7.758990	8.828980	63
7.758990	8.829990	39
7.761980	8.829990	46
8.831980	11.409000	39
8.927980	11.409000	46
9.018990	11.409000	51
9.119990	11.409000	55
9.210980	11.409000	58
9.305980	11.409000	63
9.389990	9.750000	67
9.483990	9.667000	70
9.571990	9.925000	75
9.667000	9.838000	70
9.750000	11.409000	67
9.838000	11.409000	70
9.925000	11.409000	75
10.006000	11.409000	79
10.093000	11.409000	82
10.181000	11.409000	87
10.268000	11.409000	91
10.367000	11.409000	94
10.471000	11.451000	99
11.455000	12.486000	63
11.455000	12.487000	60
11.456000	12.487000	55
11.456000	12.488000	48
12.490000	13.508000	63
12.491000	13.509000	56
12.491000	13.509000	60
12.493000	13.510000	44
13.512000	14.555000	58
13.513000	14.556000	43
13.513000	14.559000	51
14.560000	15.591000	53
14.562000	15.591000	58
14.563000	15.592000	46
14.563000	15.595000	38
15.595000	16.659000	51
15.596000	16.659000	55
15.596000	16.660000	39
15.598000	16.663000	46
16.663000	17.708000	58
16.664000	17.712000	55
16.666000	17.713000	40
16.666000	17.713000	49
17.713000	18.787000	56
17.715000	18.790000	53
17.716000	18.245000	41
17.716000	18.790000	48
18.245000	18.794000	44
18.794000	19.840000	51
18.795000	19.840000	55
18.797000	19.841000	36
18.797000	19.844000	48
19.844000	22.378000	36
19.939000	22.378000	48
20.034000	22.378000	51
20.131000	22.378000	55
20.219000	22.378000	60
20.310000	22.378000	63
20.405000	20.761000	67
20.499000	20.671000	72
20.583000	20.940000	75
20.671000	20.845000	72
20.761000	22.378000	67
20.845000	22.378000	72
20.940000	22.378000	75
21.020000	22.378000	79
21.104000	22.378000	84
21.192000	22.378000	87
21.258000	22.378000	91
21.328000	22.378000	96
21.401000	22.378000	99
21.482000	22.466000	103
22.466000	23.519000	55
22.467000	23.519000	51
22.469000	22.990000	48
22.994000	23.523000	46
23.523000	24.531000	60
23.526000	24.531000	56
23.526000	24.532000	44
23.526000	24.534000	51
24.534000	25.580000	60
24.534000	25.584000	56
24.537000	25.584000	41
24.538000	25.585000	50
25.585000	26.616000	58
25.587000	26.617000	43
25.588000	26.617000	51
26.617000	27.667000	56
26.620000	27.667000	62
26.620000	27.668000	53
26.621000	27.668000	47
27.670000	28.716000	63
27.670000	28.717000	55
27.671000	28.717000	51
27.671000	28.720000	48
28.720000	29.791000	60
28.720000	29.792000	57
28.721000	29.792000	41
28.724000	29.794000	51
29.795000	30.858000	50
29.795000	30.858000	58
29.796000	30.859000	46
30.862000	33.226000	46
30.950000	33.226000	53
31.052000	33.226000	58
31.143000	33.226000	62
31.237000	33.226000	65
31.328000	33.226000	70
31.423000	31.776000	74
31.509000	31.689000	77
31.601000	31.951000	82
31.689000	31.863000	77
31.776000	33.226000	74
31.863000	33.226000	77
31.951000	33.226000	82
32.042000	33.226000	86
32.150000	33.226000	89
32.255000	33.226000	94
33.221000	34.253000	63
33.225000	34.254000	48
33.225000	34.254000	60
33.225000	34.256000	55
34.257000	35.282000	62
34.260000	35.283000	58
34.261000	35.283000	43
34.261000	35.286000	55
35.287000	36.343000	56
35.287000	36.343000	60
35.287000	36.346000	44
35.289000	36.346000	51
36.347000	37.400000	55
36.350000	37.404000	58
36.351000	37.404000	39
36.351000	37.404000	51
37.405000	38.450000	55
37.407000	38.454000	40
37.407000	38.454000	49
38.454000	38.979000	53
38.455000	38.979000	56
38.457000	39.507000	41
38.457000	39.508000	48
38.982000	39.508000	55
39.511000	40.567000	53
39.511000	40.571000	50
39.515000	40.572000	34
39.515000	40.574000	44
40.574000	41.625000	51
40.575000	41.625000	43
40.575000	41.628000	39
41.628000	44.211000	39
41.727000	44.211000	46
41.818000	44.211000	51
41.919000	44.211000	55
42.010000	44.211000	58
42.098000	44.211000	63
42.191000	42.549000	67
42.283000	42.457000	70
42.371000	42.724000	75
42.457000	42.640000	70
42.549000	44.211000	67
42.640000	44.211000	70
42.724000	44.211000	75
42.807000	44.211000	79
42.892000	44.211000	82
42.979000	44.211000	87
43.067000	44.211000	91
43.164000	44.211000	94
43.270000	44.250000	99
45.209000	45.737000	67
45.737000	45.919000	67
45.919000	46.262000	55
45.919000	46.949000	67
45.920000	46.619000	43
46.262000	46.605000	55
46.263000	46.606000	59
46.263000	46.606000	62
46.605000	46.949000	55
46.606000	46.950000	62
46.606000	46.951000	59
46.777000	47.291000	66
46.949000	47.288000	55
46.949000	47.291000	67
46.950000	47.287000	62
46.951000	47.286000	59
47.113000	47.291000	69
47.285000	47.621000	71
47.286000	47.624000	59
47.287000	47.624000	62
47.288000	47.623000	55
47.445000	47.985000	70
47.621000	47.985000	71
47.623000	47.984000	55
47.624000	47.985000	59
47.624000	47.985000	62
47.799000	47.985000	72
47.981000	50.074000	74
47.984000	48.323000	55
47.985000	50.074000	43
48.323000	48.673000	55
48.324000	48.670000	62
48.324000	48.674000	59
48.670000	49.014000	62
48.673000	49.017000	55
48.674000	49.013000	59
49.013000	49.363000	59
49.014000	49.363000	62
49.017000	49.364000	55
49.361000	49.895000	67
49.363000	49.717000	59
49.363000	49.717000	62
49.364000	49.718000	55
49.717000	50.074000	59
49.717000	50.074000	62
49.718000	50.074000	55
49.895000	50.070000	67
50.070000	51.109900	67
50.071000	50.773900	48
50.074000	50.773900	36
50.417000	50.762900	63
50.420000	50.759900	55
50.420000	50.762900	60
50.759900	51.113900	55
50.762900	51.110900	63
50.762900	51.113900	60
50.931900	51.458900	66
51.109900	51.458900	67
51.110900	51.449900	63
51.113900	51.449900	55
51.113900	51.449900	60
51.274900	51.458900	71
51.445900	51.788900	72
51.449900	51.789900	55
51.449900	51.792900	60
51.449900	51.792900	63
51.617900	52.145900	71
51.788900	52.145900	72
51.789900	52.145900	55
51.792900	52.145900	60
51.792900	52.145900	63
51.966900	52.145900	74
52.142900	54.241900	75
52.145900	54.241900	48
52.488900	52.834900	63
52.491900	52.831900	55
52.492900	52.835900	60
52.831900	53.184900	55
52.834900	53.181900	63
52.835900	53.181900	60
53.181900	53.530900	63
53.181900	53.531900	60
53.184900	53.531900	55
53.528900	54.060900	72
53.530900	53.882900	63
53.531900	53.884900	55
53.531900	53.885900	60
53.882900	54.241900	63
53.884900	54.241900	55
53.885900	54.241900	60
54.060900	54.241900	72
54.238900	55.271900	70
54.239900	54.934900	34
54.241900	54.934900	46
54.584900	54.931900	58
54.585900	54.927900	62
54.588900	54.931900	56
54.927900	55.274900	62
54.931900	55.274900	56
55.102900	55.617900	69
55.271900	55.610900	58
55.271900	55.617900	70
55.274900	55.611900	56
55.274900	55.613900	62
55.438900	55.617900	72
55.610900	55.946900	74
55.610900	55.947900	58
55.611900	55.946900	56
55.613900	55.949900	62
55.774900	56.307900	73
55.946900	56.307900	56
55.946900	56.307900	74
55.947900	56.307900	58
55.949900	56.307900	62
56.121900	56.307900	75
56.303900	57.332800	77
56.307900	57.002800	46
56.643800	56.989800	62
56.645800	56.990800	58
56.646800	56.989800	56
56.989800	57.332800	62
56.989800	57.336800	56
56.990800	57.336800	58
57.160800	57.674800	76
57.332800	57.671800	62
57.332800	57.674800	77
57.336800	57.668800	58
57.336800	57.672800	56
57.496800	57.674800	79
57.668800	58.007800	80
57.668800	58.008800	58
57.671800	58.008800	62
57.672800	58.009800	56
57.832800	58.340800	79
58.007800	58.340800	80
58.008800	58.337800	58
58.008800	58.339800	62
58.009800	58.338800	56
58.165800	58.340800	81
58.337800	58.672800	82
58.337800	59.004800	58
58.338800	59.008800	56
58.339800	59.008800	62
58.501800	58.948800	81
58.672800	58.948800	82
58.833800	59.009800	84
59.009800	59.169800	86
59.169800	59.337800	85
59.338800	59.509800	86
59.512800	59.687800	87
59.558800	60.223800	46
59.596800	60.269800	53
59.645800	60.306800	56
59.688800	60.017800	89
59.688800	60.349800	62
59.852800	60.350800	88
60.017800	60.350800	89
60.185800	60.350800	91
60.223800	61.570700	46
60.269800	61.612700	53
60.306800	61.658700	56
60.346800	60.686800	92
60.349800	61.703700	62
60.514800	61.710700	91
60.686800	61.710700	92
60.846800	61.182800	93
61.017800	61.353800	94
61.182800	61.710700	93
61.353800	61.710700	94
61.525700	61.710700	96
61.570700	62.239700	46
61.612700	62.284700	53
61.658700	62.326700	56
61.701700	62.379700	98
61.703700	62.369700	62
61.868700	62.379700	99
62.032700	62.379700	101
62.197700	62.379700	103
62.239700	64.506600	46
62.284700	64.249600	53
62.326700	64.161600	56
62.368700	65.662600	104
62.369700	63.999600	62
62.530700	65.662600	101
62.694700	65.662600	98
62.855700	65.662600	94
63.019700	65.662600	92
63.128700	65.662600	89
63.239700	65.662600	86
63.355700	65.662600	82
63.464700	65.662600	80
63.575700	65.662600	77
63.695700	65.662600	74
63.765700	65.662600	70
63.842700	65.662600	68
63.923600	65.662600	65
63.999600	65.662600	62
64.080600	65.662600	58
64.161600	65.662600	56
64.249600	65.662600	53
64.342600	65.662600	50
64.504600	65.662600	34
64.506600	65.662600	46
66.001600	66.082600	63
66.001600	66.082600	68
66.002600	66.083600	65
66.086600	66.445600	68
66.086600	66.450600	63
66.087600	66.450600	65
66.089600	66.452600	47
66.089600	66.452600	56
66.089600	66.453600	53
66.813600	67.712600	68
66.814600	67.712600	62
66.814600	67.712600	65
66.816600	67.712600	53
66.817600	67.712600	46
66.820600	67.712600	56
68.178600	68.273600	77
68.179600	68.273600	75
68.179600	68.274600	80
68.274600	68.630600	80
68.277600	68.634600	75
68.277600	68.634600	77
68.277600	68.635600	65
68.278600	68.637600	68
68.280600	68.637600	59
68.994600	71.349600	80
68.998600	71.447600	77
68.998600	71.553600	74
69.001600	71.755600	68
69.001600	71.857600	65
69.001600	72.085600	58
69.778600	72.322600	96
70.604600	72.322600	94
70.716600	72.322600	92
70.828600	72.322600	89
70.930600	72.322600	86
71.035600	71.245600	82
71.139600	72.322600	81
71.245600	72.322600	82
71.349600	72.322600	80
71.447600	72.322600	77
71.553600	72.322600	74
71.647600	72.322600	70
71.755600	72.322600	68
71.857600	72.322600	65
71.969600	72.322600	62
72.085600	72.322600	58
73.299600	73.393600	54
73.300600	73.397600	59
73.398600	73.803600	54
73.400600	73.803600	59
73.400600	73.807600	45
73.401600	73.807600	51
74.212600	76.824600	54
74.215600	76.824600	60
74.216600	76.824600	51
74.219600	76.824600	44
76.820600	79.424600	58
76.820600	79.428600	62
76.821600	79.428600	56
76.823600	79.428600	41
76.824600	79.428600	46
76.824600	79.428600	53
79.423600	79.752600	55
79.424600	80.065600	58
79.424600	80.369600	63
79.425600	79.753600	51
79.427600	79.753600	39
79.757600	80.989600	55
80.065600	80.681600	58
80.369600	82.221600	63
80.681600	81.923600	58
80.989600	81.629600	55
81.321600	83.134600	51
81.629600	82.819500	55
81.923600	82.521600	58
82.221600	84.017500	63
82.521600	83.725500	58
82.819500	83.435500	55
83.131600	86.700500	39
83.134600	84.912500	51
83.435500	84.597500	55
83.725500	84.307500	58
84.017500	85.784500	63
84.307500	85.493500	58
84.597500	85.210500	55
84.912500	86.698500	51
85.210500	86.361500	55
85.493500	86.070500	58
85.784500	86.701500	63
86.070500	86.701500	58
86.361500	86.701500	55
86.697500	87.866500	70
86.698500	87.866500	67
86.698500	88.507500	51
86.700500	88.534500	39
86.995500	88.174500	55
87.279500	87.867500	58
87.563500	88.534500	68
87.566500	88.503500	63
87.566500	88.534500	72
87.866500	88.507500	67
87.866500	88.534500	70
87.867500	88.534500	58
88.174500	88.534500	55
88.503500	89.378500	63
88.507500	88.803500	51
88.507500	90.303500	67
88.804500	89.969500	55
89.095500	89.669500	58
89.378500	90.306500	63
89.669500	90.306500	58
89.969500	90.306500	55
90.303500	91.478500	67
90.304500	91.479500	70
90.306500	92.123500	51
90.306500	92.153500	39
90.599500	91.787500	55
90.883500	91.479500	58
91.170500	92.153500	68
91.171500	92.122500	63
91.171500	92.153500	72
91.478500	92.123500	67
91.479500	92.153500	58
91.479500	92.153500	70
91.787500	92.153500	55
92.122500	92.994500	63
92.123500	92.419500	51
92.123500	93.929500	67
92.420500	93.585500	55
92.706500	93.281500	58
92.994500	93.929500	63
93.281500	93.929500	58
93.585500	93.929500	55
93.753500	93.929500	65
93.840500	95.072500	68
93.928500	95.070500	77
93.928500	95.727500	34
93.929500	95.700500	46
94.227500	95.364500	56
94.510500	95.073500	58
94.793500	95.727500	62
95.070500	95.727500	77
95.072500	95.696500	68
95.073500	95.727500	58
95.364500	95.727500	56
95.524500	95.700500	74
95.696500	97.506500	68
95.700500	95.994500	46
95.700500	97.506500	74
95.997500	97.162500	56
96.280500	96.854500	58
96.652336	97.587336	62
96.854500	97.506500	58
97.162500	97.506500	56
97.330500	97.506500	63
97.417500	98.647500	67
97.502500	98.646500	75
97.505500	99.245500	51
97.506500	99.279500	39
97.803500	98.909500	55
98.086500	98.649500	58
98.370500	99.279500	63
98.646500	99.279500	75
98.647500	99.245500	67
98.649500	99.279500	58
98.909500	99.279500	55
99.080500	99.243500	70
99.243500	101.082000	70
99.245500	99.577500	51
99.245500	101.082000	67
99.578500	100.750000	55
99.868500	100.449000	58
100.158000	101.082000	63
100.449000	101.082000	58
100.750000	101.082000	55
101.079000	102.223000	72
101.079000	102.224000	68
101.080000	101.373000	56
101.082000	102.826000	44
101.373000	102.521000	56
101.656000	102.224000	60
101.940000	102.849000	63
102.223000	102.748000	72
102.224000	102.849000	60
102.224000	102.849000	68
102.521000	102.826000	56
102.748000	103.964000	72
102.825000	104.576000	75
102.826000	103.122000	44
102.826000	103.123000	56
103.126000	104.271000	56
103.392000	103.966000	60
103.679000	104.575000	70
103.679000	104.576000	63
103.679000	104.576000	74
103.964000	104.576000	68
103.964000	104.576000	72
103.966000	104.576000	60
104.271000	104.576000	56
104.572000	105.717000	67
104.575000	105.717000	70
104.575000	106.332000	51
104.576000	106.357000	39
104.872000	106.014000	55
105.146000	105.717000	58
105.426000	106.357000	68
105.426000	106.357000	72
105.429000	106.330000	63
105.717000	106.332000	67
105.717000	106.357000	58
105.717000	106.357000	70
106.014000	106.357000	55
106.330000	107.186000	63
106.332000	106.630000	51
106.332000	108.099000	67
106.630000	107.775000	55
106.911000	107.467000	58
107.186000	108.099000	63
107.467000	108.099000	58
107.775000	108.099000	55
108.093000	109.241000	72
108.096000	108.391000	56
108.096000	109.241000	68
108.097000	109.843000	44
108.391000	109.535000	56
108.674000	109.242000	60
108.958000	109.871000	63
109.241000	109.767000	72
109.241000	109.871000	68
109.242000	109.871000	60
109.535000	109.846000	56
109.767000	110.983000	72
109.843000	110.137000	44
109.843000	111.593000	75
109.846000	110.137000	56
110.138000	111.285000	56
110.411000	110.984000	60
110.697000	111.591000	70
110.697000	111.593000	63
110.697000	111.593000	74
110.983000	111.593000	72
110.984000	111.593000	60
110.984000	111.593000	68
111.285000	111.593000	56
111.591000	112.734000	70
111.592000	112.737000	67
111.593000	113.358000	51
111.593000	113.381000	39
111.891000	113.031000	55
112.163000	112.737000	58
112.443000	113.381000	72
112.444000	113.381000	68
112.447000	113.357000	63
112.734000	113.381000	70
112.737000	113.357000	67
112.737000	113.381000	58
113.031000	113.381000	55
113.357000	114.214000	63
113.357000	115.135000	67
113.358000	113.647000	51
113.648000	114.799000	55
113.930000	114.498000	58
114.214000	115.135000	63
114.498000	115.135000	58
114.799000	115.135000	55
114.967000	115.135000	65
115.047000	116.801000	70
115.132000	116.276000	77
115.132000	116.881000	46
115.135000	116.902000	34
115.433000	116.574000	56
115.716000	116.276000	58
115.999000	116.902000	62
116.276000	116.902000	58
116.276000	116.902000	77
116.574000	116.902000	56
116.728000	116.902000	68
116.801000	118.629000	70
116.879000	118.629000	80
116.881000	117.178000	46
117.179000	118.323000	56
117.445000	118.017000	58
117.733000	118.629000	77
117.735000	118.629000	62
118.016000	118.629000	74
118.017000	118.629000	58
118.323000	118.629000	56
118.547000	120.405000	67
118.624000	120.405000	75
118.628000	120.382000	51
118.628000	120.405000	39
118.929000	120.069000	55
119.212000	119.775000	58
119.496000	120.405000	63
119.775000	120.405000	58
120.069000	120.405000	55
120.381000	122.153000	70
120.382000	120.671000	51
120.382000	122.153000	79
120.672000	121.830000	55
120.952000	121.526000	58
121.235000	121.985000	63
121.526000	122.153000	58
121.830000	122.153000	55
121.985000	122.153000	63
122.065000	123.293000	67
122.152000	123.923000	75
122.153000	123.898000	46
122.444000	123.594000	55
122.730000	123.294000	58
123.014000	123.896000	70
123.016000	123.923000	63
123.293000	123.923000	67
123.294000	123.923000	58
123.594000	123.923000	55
123.745000	123.923000	62
123.896000	125.646000	70
123.898000	124.197000	46
123.899000	124.197000	34
124.198000	125.342000	56
124.462000	125.036000	58
124.750000	125.646000	68
124.753000	125.646000	62
125.034000	125.646000	65
125.036000	125.646000	58
125.342000	125.646000	56
125.643000	126.556000	63
125.645000	127.599000	51
125.646000	127.626000	39
125.965000	127.182000	55
126.258000	126.838000	58
126.556000	129.398000	63
126.838000	127.626000	58
127.182000	127.626000	55
127.599000	129.398000	51
129.166000	129.398000	65
129.243000	131.098000	70
129.317000	131.182000	74
129.393000	130.560000	77
129.394000	131.210000	34
129.394000	131.210000	46
129.689000	130.861000	53
129.971000	130.563000	58
130.262000	131.210000	62
130.262000	131.210000	79
130.560000	131.210000	77
130.563000	131.210000	58
130.861000	131.210000	53
131.022000	132.776000	65
131.098000	133.006000	70
131.182000	133.006000	74
131.183000	131.480000	50
131.483000	132.649000	53
131.767000	132.341000	58
132.058000	133.006000	62
132.341000	133.006000	58
132.649000	133.006000	53
132.776000	133.006000	65
132.855000	134.714000	69
132.929000	134.826000	75
133.003000	134.178000	77
133.004000	134.826000	34
133.006000	134.794000	46
133.300000	134.479000	53
133.584000	134.178000	57
133.878000	134.826000	63
133.878000	134.826000	79
134.178000	134.826000	57
134.178000	134.826000	77
134.479000	134.826000	53
134.634000	136.341000	65
134.714000	136.574000	69
134.792000	136.574000	72
134.794000	135.092000	46
135.093000	136.261000	53
135.380000	135.953000	57
135.670000	136.574000	63
135.953000	136.574000	57
136.261000	136.574000	53
136.341000	136.574000	65
136.415000	136.574000	70
136.492000	137.724000	74
136.569000	137.727000	77
136.573000	138.371000	34
136.573000	138.371000	46
136.867000	138.026000	53
137.147000	137.727000	58
137.437000	138.371000	73
137.438000	138.371000	62
137.438000	138.371000	76
137.724000	138.371000	74
137.727000	138.371000	58
137.727000	138.371000	77
138.026000	138.371000	53
138.347000	139.492000	75
138.348000	138.641000	51
138.348000	138.642000	39
138.348000	140.109000	79
138.642000	139.796000	51
138.925000	139.492000	55
139.205000	140.108000	74
139.208000	140.109000	60
139.208000	140.109000	77
139.492000	140.109000	55
139.492000	140.109000	72
139.492000	140.109000	75
139.796000	140.109000	51
140.104000	141.906000	70
140.108000	141.883000	41
140.108000	141.906000	74
140.109000	140.405000	53
140.405000	141.561000	53
140.689000	141.267000	58
140.975000	141.906000	62
141.266000	141.906000	77
141.267000	141.906000	58
141.561000	141.885000	53
141.883000	142.172000	41
141.883000	143.653000	69
141.883000	143.653000	72
141.885000	142.173000	53
142.176000	143.342000	53
142.464000	143.041000	57
142.750000	143.653000	60
143.041000	143.653000	57
143.342000	143.653000	53
143.426000	143.653000	65
143.500000	145.360000	70
143.572000	145.439000	74
143.650000	144.823000	77
143.651000	145.469000	34
143.653000	145.441000	46
143.947000	145.124000	53
144.237000	144.825000	58
144.524000	145.469000	79
144.525000	145.469000	62
144.823000	145.469000	77
144.825000	145.469000	58
145.124000	145.469000	53
145.281000	147.265000	65
145.360000	147.265000	70
145.439000	147.114000	74
145.441000	145.735000	46
145.739000	146.905000	53
146.030000	146.604000	58
146.313000	147.265000	62
146.604000	147.265000	58
146.905000	147.265000	53
147.037000	147.265000	69
147.114000	148.973000	74
147.185000	149.054000	78
147.262000	148.434000	81
147.262000	149.057000	50
147.262000	149.081000	38
147.563000	148.735000	54
147.846000	148.437000	57
148.134000	149.081000	83
148.137000	149.081000	62
148.434000	149.081000	81
148.437000	149.081000	57
148.735000	149.081000	54
148.893000	150.675000	69
148.973000	150.829000	74
149.054000	150.829000	78
149.057000	149.347000	50
149.351000	150.517000	54
149.641000	150.216000	57
149.926000	150.829000	62
150.216000	150.829000	57
150.517000	150.829000	54
150.675000	152.011000	69
150.748000	151.701000	73
150.828000	151.700000	81
150.828000	152.011000	38
150.829000	152.011000	50
151.129000	152.011000	55
151.409000	151.986000	57
151.700000	151.983000	81
151.701000	152.011000	73
151.701000	152.011000	76
151.703000	152.011000	61
151.983000	152.607000	81
151.984000	152.627000	74
151.986000	152.627000	57
151.986000	152.627000	78
152.281000	152.627000	55
152.606000	153.761000	79
152.607000	153.184000	76
152.607000	153.188000	81
152.608000	153.211000	50
152.904000	153.211000	55
153.184000	153.751000	76
153.188000	153.751000	81
153.188000	153.761000	78
153.189000	153.751000	57
153.467000	153.761000	61
153.747000	154.368000	73
153.751000	154.367000	57
153.751000	154.368000	76
153.751000	154.368000	81
154.052000	154.368000	55
154.363000	154.440000	86
154.364000	156.208000	50
154.367000	157.339000	62
154.367000	157.377000	54
154.367000	157.377000	57
154.444000	154.527000	87
154.528000	154.689000	86
154.608000	154.777000	87
154.689000	154.861000	86
154.777000	154.941000	87
154.861000	155.021000	86
154.941000	155.099000	87
155.021000	155.169000	86
155.099000	155.245000	87
155.169000	155.305000	86
155.245000	155.382000	87
155.305000	155.452000	86
155.382000	155.529000	87
155.452000	155.595000	86
155.529000	155.672000	87
155.595000	155.753000	86
155.599000	157.377000	38
155.672000	155.830000	87
155.753000	155.903000	86
155.830000	155.980000	87
155.903000	156.061000	86
155.980000	156.135000	87
156.061000	156.207000	86
156.135000	156.274000	87
156.207000	156.351000	86
156.208000	157.377000	50
156.274000	156.421000	87
156.351000	156.491000	86
156.421000	156.555000	87
156.491000	156.624000	86
156.555000	156.694000	87
156.624000	156.765000	86
156.694000	156.835000	87
156.765000	156.901000	86
156.835000	156.978000	87
156.901000	157.048000	86
156.978000	157.118000	87
157.048000	157.194000	86
157.118000	157.268000	87
157.194000	157.338000	86
157.268000	157.377000	87
157.338000	157.411000	86
157.339000	157.906000	62
157.341000	157.912000	55
157.342000	157.912000	58
157.415000	157.552000	87
157.485000	157.622000	86
157.552000	157.699000	87
157.622000	157.769000	86
157.699000	157.838000	87
157.769000	157.905000	86
157.838000	157.912000	87
157.905000	157.968000	86
157.906000	160.873000	57
157.906000	160.873000	62
157.909000	160.873000	54
157.968000	158.109000	87
158.039000	158.175000	86
158.109000	158.245000	87
158.175000	158.315000	86
158.245000	158.378000	87
158.315000	158.451000	86
158.378000	158.518000	87
158.451000	158.584000	86
158.518000	158.658000	87
158.584000	158.727000	86
158.658000	158.795000	87
158.727000	158.864000	86
158.795000	158.934000	87
158.864000	159.005000	86
158.934000	159.081000	87
159.005000	159.156000	86
159.006000	160.873000	38
159.081000	159.225000	87
159.156000	159.298000	86
159.225000	159.376000	87
159.298000	159.453000	86
159.376000	159.522000	87
159.453000	159.596000	86
159.522000	159.673000	87
159.596000	159.754000	86
159.599000	160.873000	50
159.673000	159.830000	87
159.754000	159.911000	86
159.830000	159.985000	87
159.911000	160.061000	86
159.985000	160.142000	87
160.061000	160.226000	86
160.142000	160.299000	87
160.226000	160.380000	86
160.299000	160.460000	87
160.380000	160.541000	86
160.460000	160.618000	87
160.541000	160.699000	86
160.618000	160.782000	87
160.699000	160.856000	86
160.782000	160.873000	87
160.856000	160.964000	86
160.884000	161.496000	62
160.965000	161.496000	87
161.072000	161.338000	86
161.174000	161.496000	85
161.254000	165.819000	46
161.338000	161.496000	86
161.339000	165.819000	53
161.412000	165.819000	56
161.494000	165.819000	98
161.496000	165.819000	62
163.527000	165.819000	96
163.642000	164.118000	91
163.761000	165.819000	94
163.880000	165.819000	92
163.996000	165.819000	88
164.118000	165.819000	91
164.234000	165.819000	89
164.353000	165.819000	85
164.464000	165.819000	87
164.584000	165.819000	86
164.693000	165.819000	81
164.811000	165.819000	84
164.920000	165.147000	82
165.036000	165.476000	79
165.147000	165.819000	82
165.256000	165.819000	80
165.367000	165.819000	76
165.476000	165.819000	79
165.581000	165.819000	77
165.693000	165.819000	73
165.805000	165.916000	75
165.917000	166.057000	74
166.057000	166.217000	69
166.218000	167.016000	72
167.016000	167.806000	71
167.811000	169.585000	70
169.655000	170.968000	70
169.658000	170.968000	39
169.658000	170.968000	51
169.819000	170.740000	75
169.963000	170.285000	79
170.103000	170.432000	82
170.285000	170.593000	79
170.288000	170.968000	55
170.288000	170.968000	58
170.289000	170.968000	63
170.432000	170.968000	82
170.593000	170.968000	79
170.740000	170.968000	75
170.915000	172.183000	72
170.916000	171.548000	56
170.916000	172.183000	44
171.054000	172.000000	75
171.209000	171.546000	80
171.356000	171.692000	84
171.546000	171.853000	80
171.546000	172.183000	60
171.548000	172.183000	56
171.548000	172.183000	63
171.692000	172.183000	84
171.853000	172.183000	80
172.000000	172.183000	75
172.178000	173.389000	70
172.182000	173.382000	51
172.182000	173.389000	39
172.325000	172.914000	75
172.472000	172.770000	79
172.616000	173.389000	82
172.770000	173.389000	79
172.771000	173.389000	55
172.773000	174.610000	63
172.914000	173.389000	75
173.067000	173.389000	68
173.068000	173.389000	53
173.214000	173.389000	80
173.379000	173.974000	67
173.382000	173.974000	51
173.529000	173.974000	70
173.673000	173.974000	75
173.827000	173.974000	79
173.973000	174.610000	68
173.974000	174.610000	53
174.114000	174.590000	70
174.260000	174.610000	75
174.412000	174.610000	80
174.590000	175.885000	39
174.590000	175.885000	51
174.590000	175.885000	70
174.740000	175.654000	75
174.888000	175.197000	79
175.032000	175.353000	82
175.197000	175.500000	79
175.198000	175.885000	63
175.199000	175.885000	55
175.199000	175.885000	58
175.353000	175.885000	82
175.500000	175.885000	79
175.654000	175.885000	75
175.833000	177.083000	72
175.834000	177.083000	44
175.836000	176.448000	56
175.968000	176.907000	75
176.123000	176.445000	80
176.267000	176.599000	84
176.445000	176.749000	80
176.446000	177.083000	60
176.448000	177.083000	56
176.448000	177.083000	63
176.599000	177.083000	84
176.749000	177.083000	80
176.907000	177.083000	75
177.079000	178.296000	70
177.082000	178.293000	51
177.082000	178.296000	39
177.225000	177.821000	75
177.376000	177.677000	79
177.523000	178.296000	82
177.677000	178.296000	79
177.678000	178.296000	55
177.678000	179.502000	63
177.821000	178.296000	75
177.972000	178.296000	53
177.972000	178.296000	68
178.115000	178.296000	80
178.290000	178.885000	67
178.293000	178.885000	51
178.437000	178.885000	70
178.584000	178.885000	75
178.734000	178.885000	79
178.882000	179.502000	68
178.884000	179.502000	53
179.024000	179.497000	70
179.172000	179.502000	75
179.322000	179.502000	80
179.497000	180.743000	70
179.501000	180.802000	39
179.501000	180.802000	51
179.665000	180.586000	75
179.816000	180.119000	79
179.966000	180.274000	82
180.119000	180.432000	79
180.120000	180.802000	55
180.120000	180.802000	58
180.124000	180.802000	63
180.274000	180.802000	82
180.432000	180.802000	79
180.586000	180.802000	75
180.743000	182.004000	38
180.743000	182.004000	70
180.744000	182.004000	50
180.886000	181.835000	74
181.044000	181.349000	77
181.198000	181.507000	82
181.349000	181.660000	77
181.352000	182.004000	53
181.352000	182.004000	58
181.353000	182.004000	65
181.507000	182.004000	82
181.660000	182.004000	77
181.835000	182.007000	74
182.003000	183.236000	48
182.003000	183.236000	72
182.004000	183.236000	36
182.153000	183.067000	75
182.304000	182.608000	81
182.457000	182.759000	84
182.608000	182.909000	81
182.612000	183.236000	57
182.612000	183.236000	63
182.619000	183.235000	53
182.759000	183.236000	84
182.909000	183.236000	81
183.067000	183.236000	75
183.232000	183.865000	74
183.235000	183.865000	46
183.235000	183.865000	53
183.235000	183.865000	58
183.385000	183.865000	77
183.539000	183.865000	82
183.700000	183.865000	86
183.859000	184.509000	75
183.861000	184.509000	51
183.861000	184.509000	55
183.862000	184.509000	60
184.011000	184.509000	79
184.170000	184.509000	84
184.331000	184.509000	87
184.505000	185.126000	53
184.505000	185.839000	74
184.506000	185.839000	58
184.509000	185.839000	62
184.655000	185.615000	77
184.813000	185.125000	82
184.971000	185.290000	86
185.125000	185.451000	82
185.126000	185.784000	53
185.126000	185.839000	41
185.290000	185.839000	86
185.451000	185.839000	82
185.615000	185.839000	77
185.780000	187.109000	72
185.783000	187.109000	57
185.783000	187.109000	63
185.784000	186.421000	53
185.937000	186.910000	75
186.095000	186.420000	81
186.259000	186.578000	84
186.420000	186.746000	81
186.421000	187.109000	41
186.421000	187.109000	53
186.578000	187.109000	84
186.746000	187.109000	81
186.910000	187.109000	75
187.092000	188.416000	70
187.093000	188.439000	34
187.095000	188.439000	46
187.266000	188.439000	74
187.424000	188.439000	77
187.578000	187.736000	82
187.736000	188.415000	82
187.736000	188.439000	58
187.737000	188.439000	53
187.739000	188.418000	62
187.894000	188.439000	86
188.058000	188.439000	89
188.226000	188.439000	94
188.415000	188.596000	82
188.416000	188.600000	70
188.418000	188.601000	62
188.418000	188.601000	65
189.787000	189.877000	62
189.882000	190.970000	46
189.882000	190.970000	65
189.884000	190.970000	34
190.157000	190.432000	56
190.158000	190.431000	58
190.158000	190.432000	62
190.431000	190.690000	77
190.431000	190.693000	58
190.432000	190.693000	62
190.432000	190.694000	56
190.561000	190.970000	79
190.690000	190.964000	77
190.693000	190.966000	58
190.693000	190.967000	62
190.694000	190.967000	56
190.816000	190.970000	76
190.964000	191.488000	77
190.966000	191.240000	58
190.967000	191.237000	56
190.967000	191.238000	62
191.237000	191.505000	56
191.238000	191.506000	62
191.240000	191.508000	58
191.509000	191.790000	58
191.509000	192.069000	79
191.512000	191.789000	61
191.513000	191.789000	64
191.789000	192.069000	61
191.789000	192.069000	64
191.790000	192.069000	58
192.066000	192.875000	80
192.067000	193.139000	46
192.069000	192.339000	58
192.338000	192.615000	65
192.339000	192.612000	62
192.339000	192.615000	58
192.612000	192.875000	62
192.615000	192.877000	58
192.615000	192.877000	65
192.741000	193.139000	82
192.875000	193.136000	80
192.875000	193.137000	62
192.877000	193.137000	58
192.877000	193.137000	65
193.004000	193.139000	79
193.136000	194.001000	80
193.137000	193.406000	58
193.137000	193.410000	62
193.137000	193.410000	65
193.406000	193.686000	58
193.410000	193.686000	62
193.410000	193.687000	65
193.686000	193.960000	58
193.686000	193.962000	62
193.687000	193.960000	65
193.960000	194.162000	58
193.960000	194.165000	65
193.962000	194.166000	62
194.193000	194.513000	63
194.228000	195.322000	51
194.228000	195.322000	67
194.229000	195.322000	39
194.512000	194.786000	55
194.513000	194.785000	58
194.513000	194.786000	63
194.782000	195.044000	79
194.785000	195.045000	58
194.786000	195.048000	55
194.786000	195.048000	63
194.907000	195.322000	80
195.044000	195.317000	79
195.045000	195.322000	58
195.048000	195.321000	55
195.048000	195.321000	63
195.171000	195.322000	78
195.317000	195.849000	79
195.321000	195.591000	55
195.321000	195.594000	63
195.322000	195.590000	58
195.590000	195.866000	58
195.591000	195.866000	55
195.594000	195.867000	63
195.867000	196.428000	80
195.870000	196.147000	56
195.870000	196.150000	65
195.871000	196.151000	58
196.147000	196.428000	56
196.150000	196.428000	65
196.151000	196.428000	58
196.426000	197.235000	82
196.427000	197.508000	39
196.427000	197.508000	51
196.696000	196.973000	63
196.700000	196.973000	58
196.700000	196.973000	67
196.973000	197.235000	67
196.973000	197.236000	58
196.973000	197.236000	63
197.103000	197.508000	84
197.235000	197.502000	82
197.235000	197.504000	67
197.236000	197.502000	63
197.236000	197.504000	58
197.365000	197.508000	81
197.502000	197.771000	63
197.502000	198.523000	82
197.504000	197.774000	58
197.504000	197.775000	67
197.771000	198.048000	63
197.774000	198.048000	58
197.775000	198.047000	67
198.047000	198.320000	67
198.048000	198.319000	63
198.048000	198.320000	58
198.319000	198.565000	63
198.320000	198.565000	67
198.320000	198.569000	58
198.586000	199.129000	87
198.590000	198.860000	60
198.590000	199.129000	48
198.722000	198.989000	75
198.859000	199.129000	79
198.860000	199.129000	60
198.860000	199.129000	63
198.989000	199.129000	75
199.125000	199.674000	86
199.128000	199.394000	58
199.128000	199.674000	46
199.255000	199.524000	74
199.392000	199.674000	79
199.394000	199.674000	58
199.394000	199.674000	62
199.524000	199.674000	74
199.667000	200.210000	84
199.668000	199.934000	56
199.668000	200.210000	44
199.797000	200.064000	72
199.933000	200.210000	75
199.934000	200.210000	56
199.934000	200.210000	60
200.064000	200.210000	72
200.207000	200.771000	82
200.208000	200.487000	55
200.208000	200.771000	43
200.343000	200.627000	70
200.483000	200.771000	58
200.483000	200.771000	75
200.487000	200.771000	55
200.627000	200.771000	70
200.770000	201.044000	60
200.770000	201.324000	87
200.771000	201.324000	48
200.903000	201.180000	75
201.043000	201.324000	79
201.044000	201.324000	60
201.044000	201.324000	63
201.180000	201.324000	75
201.320000	201.593000	56
201.320000	201.879000	84
201.323000	201.879000	44
201.449000	201.725000	72
201.593000	201.879000	56
201.593000	201.879000	62
201.593000	201.879000	77
201.725000	201.879000	72
201.866000	202.426000	55
201.866000	202.426000	82
201.868000	202.426000	43
202.002000	202.279000	70
202.143000	202.426000	75
202.146000	202.426000	58
202.146000	202.426000	63
202.279000	202.426000	70
202.423000	202.989000	80
202.426000	202.989000	44
202.426000	202.989000	56
202.558000	202.842000	68
202.702000	202.989000	60
202.702000	202.989000	72
202.703000	202.989000	65
202.842000	202.989000	68
202.985000	204.099000	79
202.986000	204.085000	46
202.989000	203.539000	58
203.121000	203.395000	67
203.256000	203.808000	70
203.395000	203.668000	67
203.538000	204.099000	63
203.539000	204.099000	58
203.668000	203.941000	67
203.808000	204.099000	70
203.941000	204.099000	67
204.085000	205.208000	34
204.085000	205.208000	46
204.085000	205.208000	77
204.217000	204.491000	65
204.358000	204.917000	68
204.491000	204.773000	65
204.634000	205.208000	56
204.635000	205.208000	62
204.637000	205.208000	58
204.773000	205.061000	65
204.917000	205.208000	68
205.061000	205.208000	65
205.205000	205.618000	75
205.205000	206.664000	39
205.206000	206.664000	51
205.341000	206.305000	67
205.478000	206.664000	70
205.618000	206.664000	75
205.761000	206.664000	55
205.761000	206.664000	79
205.762000	206.307000	58
205.764000	206.307000	63
205.863000	206.664000	82
205.971000	206.664000	87
206.083000	206.664000	91
206.185000	206.664000	94
206.305000	206.664000	67
206.305000	206.664000	99
206.307000	206.664000	58
206.307000	206.664000	63
207.354000	208.512000	65
207.389000	208.512000	70
207.424000	208.512000	34
207.424000	208.512000	46
207.424000	208.512000	77
207.701000	207.974000	58
207.704000	207.973000	56
207.704000	207.974000	62
207.973000	208.230000	56
207.973000	208.230000	89
207.974000	208.232000	58
207.974000	208.232000	62
208.103000	208.512000	91
208.230000	208.508000	89
208.230000	208.509000	56
208.232000	208.509000	58
208.232000	208.509000	62
208.358000	208.512000	88
208.508000	209.030000	89
208.509000	208.779000	62
208.509000	208.781000	56
208.509000	208.781000	58
208.779000	209.044000	62
208.781000	209.045000	56
208.781000	209.045000	58
209.046000	209.605000	91
209.048000	209.331000	58
209.048000	209.331000	64
209.048000	209.335000	61
209.331000	209.604000	58
209.331000	209.605000	64
209.335000	209.605000	61
209.604000	209.884000	58
209.604000	210.326000	92
209.604000	211.547000	46
209.882000	210.154000	65
209.882000	210.157000	62
209.884000	210.158000	58
210.154000	210.420000	65
210.157000	210.419000	62
210.158000	210.420000	58
210.241000	211.547000	94
210.326000	211.547000	92
210.417000	211.547000	89
210.419000	210.680000	62
210.420000	210.679000	58
210.420000	210.682000	65
210.500000	211.547000	86
210.588000	211.547000	82
210.679000	210.952000	58
210.679000	211.547000	80
210.680000	210.949000	62
210.682000	210.952000	65
210.949000	211.232000	62
210.952000	211.228000	58
210.952000	211.232000	65
211.228000	211.505000	58
211.232000	211.501000	62
211.232000	211.505000	65
211.501000	211.700000	62
211.505000	211.701000	65
211.505000	211.704000	58
211.705000	212.866000	67
211.735000	212.866000	75
211.770000	212.866000	39
211.770000	212.866000	79
211.771000	212.866000	51
212.050000	212.321000	55
212.051000	212.323000	63
212.321000	212.583000	91
212.321000	212.586000	55
212.322000	212.584000	58
212.323000	212.586000	63
212.450000	212.866000	92
212.583000	212.863000	91
212.584000	212.863000	58
212.586000	212.864000	55
212.586000	212.864000	63
212.713000	212.866000	90
212.863000	213.136000	58
212.863000	213.391000	91
212.864000	213.132000	63
212.864000	213.136000	55
213.132000	213.402000	63
213.136000	213.402000	58
213.136000	213.405000	55
213.405000	213.966000	92
213.406000	213.685000	65
213.409000	213.685000	56
213.409000	213.685000	58
213.685000	213.966000	56
213.685000	213.966000	58
213.685000	213.966000	65
213.962000	214.686000	94
213.964000	216.061000	39
213.966000	216.061000	51
214.235000	214.514000	58
214.236000	214.514000	67
214.239000	214.518000	63
214.514000	214.776000	67
214.514000	214.780000	58
214.518000	214.777000	63
214.598000	216.061000	96
214.686000	216.061000	94
214.776000	215.046000	67
214.776000	216.061000	91
214.777000	215.043000	63
214.780000	215.046000	58
214.861000	216.061000	87
214.948000	216.061000	84
215.042000	216.061000	82
215.043000	215.316000	63
215.046000	215.315000	67
215.046000	215.316000	58
215.315000	215.589000	67
215.316000	215.588000	58
215.316000	215.589000	63
215.588000	215.862000	58
215.589000	215.862000	67
215.589000	215.864000	63
215.862000	216.106000	58
215.862000	216.106000	67
215.864000	216.107000	63
216.131000	216.673000	48
216.131000	216.673000	87
216.132000	216.400000	60
216.260000	216.530000	75
216.400000	216.673000	60
216.400000	216.673000	79
216.401000	216.673000	63
216.404000	216.673000	67
216.530000	216.673000	75
216.670000	217.222000	86
216.671000	216.943000	58
216.671000	217.222000	46
216.802000	217.072000	74
216.939000	217.222000	79
216.940000	217.222000	67
216.942000	217.222000	62
216.943000	217.222000	58
217.072000	217.222000	74
217.215000	217.769000	84
217.216000	217.769000	44
217.216000	217.769000	56
217.349000	217.626000	72
217.492000	217.769000	75
217.493000	217.769000	60
217.493000	217.769000	67
217.495000	217.769000	63
217.626000	217.769000	72
217.765000	218.339000	82
217.766000	218.052000	55
217.769000	218.339000	43
217.905000	218.192000	70
218.049000	218.339000	75
218.050000	218.339000	58
218.050000	218.339000	63
218.052000	218.339000	55
218.192000	218.339000	70
218.336000	218.889000	87
218.337000	218.606000	60
218.337000	218.889000	48
218.468000	218.742000	75
218.605000	218.889000	79
218.606000	218.889000	60
218.609000	218.889000	63
218.609000	218.889000	67
218.742000	218.889000	75
218.886000	219.445000	84
218.888000	219.159000	56
218.889000	219.445000	44
219.015000	219.289000	72
219.158000	219.445000	77
219.159000	219.445000	56
219.159000	219.445000	62
219.289000	219.445000	72
219.432000	219.998000	82
219.433000	219.711000	55
219.434000	219.998000	43
219.564000	219.848000	70
219.709000	219.998000	75
219.711000	219.998000	55
219.711000	219.998000	58
219.711000	219.998000	63
219.848000	219.998000	70
219.995000	220.579000	80
219.996000	220.579000	44
219.998000	220.286000	56
220.134000	220.426000	68
220.285000	220.579000	60
220.285000	220.579000	72
220.286000	220.579000	56
220.286000	220.579000	65
220.426000	220.579000	68
220.576000	221.689000	79
220.577000	221.126000	58
220.579000	221.680000	46
220.709000	220.989000	67
220.852000	221.402000	70
220.989000	221.258000	67
221.125000	221.689000	63
221.126000	221.689000	58
221.128000	221.689000	55
221.258000	221.542000	67
221.402000	221.689000	70
221.542000	221.689000	67
221.679000	222.824000	34
221.679000	222.824000	77
221.680000	222.824000	46
221.814000	222.099000	65
221.958000	222.526000	68
222.099000	222.381000	65
222.239000	222.824000	58
222.242000	222.824000	62
222.243000	222.824000	56
222.381000	222.673000	65
222.526000	222.824000	68
222.673000	222.824000	65
222.778000	223.967000	67
222.823000	223.967000	75
222.824000	222.957000	51
222.824000	223.953000	39
222.957000	223.954000	51
223.096000	223.967000	55
223.239000	223.967000	58
223.386000	223.967000	63
223.519000	223.800000	79
223.660000	223.967000	78
223.800000	223.967000	79
223.950000	225.101000	84
223.953000	225.101000	39
223.954000	224.090000	51
224.090000	225.101000	51
224.230000	225.101000	55
224.374000	225.101000	58
224.513000	225.101000	63
224.654000	225.101000	82
224.793000	225.101000	79
224.930000	225.101000	75
225.078000	225.217000	53
225.078000	226.217000	41
225.078000	226.217000	74
225.217000	226.217000	53
225.361000	226.217000	56
225.500000	226.217000	58
225.640000	226.217000	62
225.785000	226.058000	70
225.917000	226.217000	69
226.058000	226.217000	70
226.204000	227.345000	46
226.204000	227.345000	72
226.205000	227.345000	34
226.350000	227.345000	53
226.487000	227.345000	56
226.628000	227.345000	58
226.767000	227.345000	62
226.911000	227.345000	70
227.051000	227.345000	65
227.195000	227.345000	66
227.342000	227.479000	51
227.342000	228.476000	67
227.343000	228.462000	39
227.479000	228.465000	51
227.625000	228.476000	55
227.761000	228.476000	58
227.908000	228.476000	63
228.042000	228.315000	79
228.182000	228.476000	78
228.315000	228.476000	79
228.461000	229.602000	84
228.462000	229.602000	39
228.465000	228.608000	51
228.608000	229.602000	51
228.745000	229.602000	55
228.885000	229.602000	58
229.025000	229.602000	63
229.169000	229.602000	82
229.302000	229.602000	79
229.442000	229.602000	75
229.585000	230.722000	74
229.589000	229.728000	53
229.589000	230.722000	41
229.728000	230.722000	53
229.872000	230.722000	56
230.012000	230.722000	58
230.149000	230.722000	62
230.289000	230.565000	70
230.429000	230.722000	69
230.565000	230.722000	70
230.705000	231.850000	72
230.708000	230.844000	34
230.708000	230.845000	46
230.848000	231.850000	53
230.992000	231.850000	56
231.131000	231.850000	58
231.272000	231.850000	62
231.412000	231.850000	70
231.555000	231.850000	65
231.692000	231.850000	66
231.846000	231.986000	51
231.846000	232.924000	39
231.846000	232.924000	67
231.986000	232.924000	51
232.130000	232.924000	55
232.269000	232.924000	58
232.413000	232.924000	63
232.547000	232.819000	79
232.686000	232.924000	78
232.819000	232.931000	79
232.931000	232.966000	76
232.966000	233.677000	85
232.967000	234.096000	39
232.969000	234.096000	51
233.110000	234.096000	55
233.249000	234.096000	58
233.390000	234.096000	60
233.529000	234.096000	64
233.677000	234.096000	85
233.806000	234.096000	84
233.946000	234.096000	82
234.090000	235.174000	80
234.092000	234.237000	53
234.093000	235.174000	41
234.237000	235.174000	53
234.373000	235.174000	56
234.514000	235.174000	60
234.653000	235.174000	65
234.796000	235.066000	84
234.933000	235.174000	83
235.066000	235.178000	84
235.179000	235.213000	78
235.214000	235.917000	87
235.214000	236.341000	38
235.214000	236.341000	50
235.357000	236.341000	57
235.497000	236.341000	60
235.633000	236.341000	62
235.774000	236.341000	66
235.917000	236.341000	87
236.053000	236.341000	86
236.193000	236.341000	84
236.339000	237.421000	82
236.340000	236.477000	55
236.340000	237.421000	43
236.477000	237.421000	55
236.624000	237.421000	58
236.763000	237.421000	62
236.900000	237.421000	67
237.040000	237.319000	91
237.180000	237.421000	90
237.319000	237.422000	91
237.425000	237.456000	84
237.460000	237.606000	56
237.460000	238.587000	94
237.461000	238.587000	44
237.606000	238.587000	56
237.740000	238.587000	60
237.884000	238.587000	65
238.021000	238.587000	68
238.168000	238.587000	92
238.299000	238.587000	86
238.436000	238.584000	89
238.549000	238.587000	79
238.584000	239.668000	89
238.586000	238.867000	58
238.587000	239.668000	46
238.724000	239.668000	55
238.867000	239.668000	58
239.008000	239.668000	63
239.147000	239.668000	67
239.287000	239.668000	87
239.427000	239.668000	79
239.564000	239.675000	84
239.676000	239.710000	74
239.711000	240.834000	46
239.711000	240.834000	84
239.714000	240.834000	34
239.852000	240.834000	53
239.988000	240.834000	56
240.127000	240.834000	58
240.267000	240.834000	62
240.414000	240.834000	82
240.547000	240.834000	80
240.687000	240.834000	77
240.831000	241.985000	75
240.832000	240.978000	51
240.833000	241.985000	39
240.978000	241.985000	51
241.118000	241.985000	55
241.254000	241.985000	58
241.404000	241.985000	63
241.538000	241.811000	79
241.677000	241.985000	78
241.811000	241.985000	79
241.962000	243.099000	84
241.964000	243.099000	46
241.965000	243.099000	34
242.105000	243.099000	82
242.245000	243.099000	80
242.384000	242.812000	77
242.532000	243.099000	56
242.532000	243.099000	74
242.535000	243.099000	58
242.535000	243.099000	62
242.675000	243.095000	75
242.812000	243.099000	77
242.945000	243.099000	79
243.095000	243.236000	51
243.095000	244.243000	75
243.099000	244.243000	39
243.236000	244.243000	51
243.375000	244.243000	55
243.519000	244.243000	58
243.662000	244.243000	63
243.799000	244.075000	79
243.935000	244.243000	78
244.075000	244.243000	79
244.226000	245.357000	46
244.226000	245.357000	84
244.229000	245.357000	34
244.369000	245.357000	82
244.505000	245.357000	80
244.649000	245.069000	77
244.789000	245.357000	74
244.792000	245.357000	58
244.793000	245.357000	56
244.793000	245.357000	62
244.933000	245.353000	75
245.069000	245.357000	77
245.209000	245.357000	79
245.353000	246.063000	75
245.356000	245.493000	51
245.356000	247.603000	39
245.493000	247.603000	51
245.640000	247.603000	55
245.776000	247.603000	58
245.919000	246.477000	63
246.063000	247.601000	75
246.193000	247.603000	77
246.333000	247.603000	79
246.473000	247.603000	80
246.476000	247.022000	67
246.477000	247.603000	63
246.584000	247.603000	82
246.693000	247.603000	84
246.805000	247.603000	86
246.913000	247.603000	87
247.019000	247.603000	89
247.022000	247.603000	67
247.022000	247.603000	70
247.114000	247.603000	91
247.197000	247.603000	92
247.285000	247.603000	94
247.383000	247.603000	96
247.481000	247.603000	98
247.600000	249.440000	99
247.601000	249.440000	75
247.603000	249.440000	79
249.713000	249.934000	67
249.934000	250.154000	67
250.154000	250.399000	67
250.399000	251.085000	67
250.400000	251.089000	48
250.400000	251.089000	63
250.400000	251.089000	72
250.403000	251.089000	60
250.404000	251.086000	55
251.083000	251.307000	74
251.085000	251.307000	67
251.085000	251.308000	71
251.086000	251.778000	55
251.086000	251.778000	62
251.089000	251.778000	59
251.307000	251.527000	67
251.307000	251.528000	74
251.308000	251.527000	71
251.527000	251.769000	67
251.527000	251.778000	71
251.528000	251.778000	74
251.768000	252.458000	72
251.769000	252.447000	67
251.769000	252.458000	75
251.771000	252.458000	60
251.771000	252.458000	63
252.445000	252.665000	74
252.447000	252.665000	67
252.447000	252.665000	71
252.448000	253.144000	59
252.451000	253.140000	55
252.451000	253.144000	62
252.665000	252.891000	67
252.665000	252.892000	71
252.665000	252.892000	74
252.891000	253.140000	67
252.892000	253.144000	71
252.892000	253.144000	74
253.138000	253.892000	72
253.140000	253.892000	55
253.140000	253.892000	63
253.140000	253.892000	67
253.141000	253.890000	48
253.144000	253.888000	60
253.886000	254.125000	68
253.888000	254.124000	60
253.889000	254.124000	65
253.889000	254.624000	53
253.889000	254.624000	56
253.890000	254.614000	48
254.124000	254.355000	60
254.124000	254.355000	65
254.125000	254.354000	68
254.354000	254.624000	68
254.355000	254.614000	60
254.355000	254.624000	65
254.611000	255.313000	63
254.613000	255.307000	67
254.614000	255.313000	48
254.614000	255.313000	60
254.617000	255.313000	55
255.307000	255.535000	67
255.535000	255.762000	67
255.762000	256.014000	67
256.010000	256.710000	75
256.014000	256.710000	67
256.014000	256.714000	72
256.015000	256.714000	55
256.015000	256.714000	60
256.017000	256.714000	48
256.708000	256.932000	79
256.710000	256.931000	67
256.710000	256.934000	75
256.710000	257.410000	39
256.711000	257.410000	51
256.931000	257.160000	67
256.932000	257.159000	79
256.934000	257.159000	75
257.159000	257.410000	75
257.159000	257.410000	79
257.160000	257.410000	67
257.403000	258.110000	74
257.403000	258.110000	77
257.404000	258.110000	68
257.407000	258.110000	41
257.407000	258.110000	53
258.100000	258.331000	72
258.100000	258.332000	75
258.101000	258.331000	69
258.103000	258.813000	54
258.104000	258.813000	42
258.331000	258.562000	69
258.331000	258.565000	72
258.332000	258.565000	75
258.562000	258.813000	69
258.565000	258.813000	72
258.565000	258.813000	75
258.807000	259.534000	67
258.810000	259.534000	71
258.811000	259.534000	43
258.811000	260.986000	74
258.813000	259.534000	55
259.520000	259.766000	66
259.521000	259.764000	69
259.524000	259.766000	62
259.524000	260.266000	50
259.525000	260.266000	57
259.527000	260.266000	60
259.764000	260.007000	69
259.766000	260.008000	66
259.766000	260.011000	62
260.007000	260.266000	69
260.008000	260.266000	66
260.011000	260.256000	62
260.256000	260.985000	67
260.256000	260.986000	62
260.257000	260.986000	55
260.257000	260.986000	71
260.259000	260.986000	59
260.985000	261.205000	67
261.205000	261.435000	67
261.435000	261.696000	67
261.695000	262.391000	72
261.696000	262.388000	67
261.697000	262.391000	64
261.698000	262.391000	48
261.698000	262.391000	60
261.701000	262.388000	55
262.384000	262.604000	74
262.387000	262.604000	71
262.388000	262.604000	67
262.388000	263.087000	55
262.388000	263.087000	62
262.390000	263.087000	59
262.604000	262.828000	74
262.604000	262.829000	71
262.604000	262.832000	67
262.828000	263.087000	74
262.829000	263.087000	71
262.832000	263.077000	67
263.074000	263.760000	72
263.076000	263.760000	76
263.077000	263.755000	67
263.077000	263.760000	60
263.080000	263.760000	64
263.753000	263.980000	74
263.755000	263.980000	67
263.756000	263.979000	71
263.756000	264.453000	55
263.757000	264.457000	59
263.759000	264.457000	62
263.979000	264.204000	71
263.980000	264.207000	67
263.980000	264.207000	74
264.204000	264.457000	71
264.207000	264.452000	67
264.207000	264.457000	74
264.450000	265.177000	64
264.452000	265.177000	67
264.453000	265.177000	55
264.453000	265.177000	72
264.456000	265.173000	48
264.456000	265.173000	60
265.171000	265.408000	69
265.173000	265.408000	65
265.173000	265.409000	60
265.173000	265.925000	48
265.174000	265.929000	53
265.177000	265.929000	57
265.408000	265.650000	69
265.408000	265.653000	65
265.409000	265.652000	60
265.650000	265.929000	69
265.652000	265.923000	60
265.653000	265.929000	65
265.922000	266.616000	64
265.923000	266.622000	60
265.923000	266.622000	67
265.924000	266.622000	55
265.925000	266.622000	48
266.616000	266.844000	66
266.616000	266.846000	64
266.618000	267.424000	54
266.619000	266.850000	76
266.619000	267.424000	45
266.619000	267.424000	57
266.844000	267.081000	66
266.846000	267.081000	64
266.850000	267.074000	76
267.074000	267.424000	76
267.081000	267.424000	64
267.081000	267.424000	66
267.329000	268.020000	67
267.330000	268.026000	74
267.332000	268.026000	47
267.332000	268.026000	62
267.333000	268.022000	59
267.333000	268.026000	55
268.020000	268.250000	67
268.022000	268.249000	64
268.022000	268.729000	59
268.023000	268.729000	52
268.026000	268.727000	55
268.249000	268.481000	64
268.250000	268.485000	67
268.481000	268.726000	64
268.485000	268.722000	67
268.722000	269.433000	67
268.726000	269.433000	57
268.726000	269.433000	64
268.726000	269.433000	69
268.727000	269.433000	55
268.729000	269.433000	48
269.426000	269.664000	66
269.427000	269.664000	71
269.429000	269.661000	60
269.429000	270.157000	38
269.429000	270.157000	50
269.661000	269.901000	60
269.664000	269.899000	71
269.664000	269.901000	66
269.899000	270.157000	71
269.901000	270.157000	60
269.901000	270.157000	66
270.151000	272.327000	62
270.153000	272.327000	59
270.154000	270.861000	43
270.154000	272.327000	55
270.154000	272.327000	67
270.861000	272.327000	43
271.589000	272.327000	31
272.327000	272.785000	67
272.863000	273.798000	62
272.898000	276.349000	68
272.940000	273.798000	70
272.940000	274.632000	46
272.940000	276.348000	34
273.234000	274.358000	56
273.515000	274.085000	58
273.798000	274.084000	70
273.798000	275.488000	62
273.944000	276.349000	65
274.084000	276.062000	70
274.085000	275.197000	58
274.215000	276.349000	74
274.357000	276.349000	77
274.358000	274.915000	56
274.449000	276.349000	82
274.536000	276.349000	86
274.631000	276.349000	89
274.632000	276.348000	46
274.915000	276.062000	56
275.197000	275.772000	58
275.488000	276.349000	62
275.772000	276.349000	58
276.062000	276.346000	70
276.062000	276.349000	56
276.275000	277.206000	63
276.310000	277.347000	67
276.346000	277.206000	70
276.348000	278.032000	46
276.348000	279.761000	34
276.634000	277.758000	55
276.923000	277.485000	58
277.206000	277.484000	70
277.206000	278.882000	63
277.347000	279.718000	67
277.484000	279.456000	70
277.485000	278.599000	58
277.622000	279.761000	75
277.758000	278.312000	55
277.758000	279.761000	79
277.843000	279.761000	82
277.935000	279.761000	87
278.030000	279.761000	91
278.032000	279.760000	46
278.312000	279.457000	55
278.599000	279.166000	58
278.882000	279.761000	63
279.166000	279.761000	58
279.456000	279.757000	70
279.457000	279.761000	55
279.680000	280.614000	64
279.718000	280.751000	67
279.757000	280.611000	70
279.760000	281.427000	46
279.761000	283.142000	34
280.048000	281.161000	55
280.331000	280.894000	58
280.611000	280.891000	70
280.614000	282.277000	64
280.751000	283.142000	67
280.891000	282.848000	70
280.894000	281.993000	58
281.024000	283.142000	76
281.160000	283.142000	79
281.161000	281.710000	55
281.245000	283.142000	82
281.339000	283.142000	88
281.424000	283.142000	91
281.427000	283.139000	46
281.710000	282.848000	55
281.993000	282.561000	58
282.277000	283.142000	64
282.561000	283.141000	58
282.848000	283.138000	70
282.848000	283.142000	55
283.138000	283.419000	70
283.138000	283.988000	80
283.139000	283.988000	46
283.141000	283.981000	58
283.142000	283.988000	56
283.419000	283.695000	70
283.695000	283.979000	70
283.978000	284.832000	79
283.979000	284.261000	70
283.981000	284.825000	58
283.981000	284.832000	64
283.981000	284.832000	67
284.261000	284.535000	70
284.535000	284.822000	70
284.822000	285.104000	70
284.822000	285.669000	80
284.824000	285.669000	65
284.825000	285.665000	58
284.825000	285.669000	68
285.104000	285.378000	70
285.378000	285.663000	70
285.662000	286.509000	79
285.663000	285.946000	70
285.665000	286.508000	58
285.665000	286.509000	67
285.666000	286.509000	64
285.946000	286.221000	70
286.221000	286.506000	70
286.505000	287.359000	80
286.506000	286.800000	70
286.508000	287.359000	58
286.508000	287.359000	65
286.509000	287.358000	68
286.800000	287.076000	70
286.800000	287.076000	82
287.076000	287.355000	70
287.076000	287.356000	82
287.077000	287.359000	57
287.079000	287.359000	69
287.355000	287.632000	70
287.356000	287.632000	82
287.356000	289.869000	56
287.358000	289.869000	68
287.632000	287.919000	70
287.632000	287.919000	82
287.919000	288.196000	70
287.919000	288.196000	82
287.923000	289.869000	55
287.923000	289.869000	67
288.196000	288.473000	70
288.196000	288.475000	82
288.199000	289.869000	53
288.199000	289.869000	65
288.473000	288.760000	70
288.475000	288.759000	82
288.759000	289.035000	82
288.760000	289.032000	70
288.762000	289.869000	63
288.763000	289.869000	51
289.032000	289.311000	70
289.035000	289.309000	82
289.035000	289.869000	62
289.036000	289.869000	50
289.309000	289.585000	82
289.311000	289.585000	70
289.585000	289.863000	70
289.585000	289.865000	82
289.589000	289.869000	48
289.589000	289.869000	60
289.863000	290.131000	70
289.865000	290.127000	82
289.865000	291.514000	46
289.866000	291.514000	58
290.127000	290.408000	82
290.131000	290.408000	70
290.408000	290.677000	82
290.408000	290.678000	70
290.411000	291.514000	45
290.411000	291.514000	57
290.677000	290.947000	82
290.678000	290.948000	70
290.678000	291.514000	56
290.680000	291.514000	44
290.947000	291.227000	82
290.948000	291.229000	70
291.227000	291.507000	82
291.229000	291.507000	70
291.230000	291.514000	43
291.230000	291.514000	55
291.507000	291.787000	70
291.507000	291.790000	82
291.508000	293.257000	41
291.510000	293.257000	53
291.787000	292.074000	70
291.790000	292.073000	82
292.073000	292.365000	82
292.074000	292.365000	70
292.077000	293.257000	39
292.077000	293.257000	51
292.365000	292.652000	82
292.365000	292.654000	70
292.367000	293.257000	50
292.368000	293.257000	38
292.652000	292.953000	82
292.654000	292.953000	70
292.953000	293.253000	70
292.953000	293.254000	82
292.953000	293.257000	36
292.955000	293.257000	48
293.253000	293.541000	70
293.254000	293.540000	82
293.254000	294.971000	34
293.256000	294.971000	46
293.540000	293.820000	82
293.541000	293.824000	70
293.820000	294.101000	82
293.824000	294.100000	70
294.100000	294.380000	70
294.100000	294.971000	74
294.100000	294.971000	77
294.101000	294.381000	82
294.104000	294.971000	53
294.104000	294.971000	58
294.104000	294.971000	62
294.380000	294.664000	70
294.381000	294.664000	82
294.664000	294.971000	70
294.664000	294.971000	82
294.962000	295.241000	71
294.964000	295.244000	83
294.965000	296.662000	33
294.965000	296.662000	45
295.241000	295.525000	71
295.244000	295.522000	83
295.522000	295.808000	83
295.525000	295.807000	71
295.805000	296.662000	78
295.807000	296.085000	71
295.808000	296.085000	83
295.808000	296.662000	57
295.808000	296.662000	75
295.811000	296.662000	66
295.812000	296.662000	63
296.085000	296.365000	71
296.085000	296.368000	83
296.365000	296.662000	71
296.368000	296.662000	83
296.659000	296.943000	72
296.659000	296.943000	84
296.660000	298.355000	44
296.662000	298.355000	32
296.943000	297.222000	72
296.943000	297.225000	84
297.222000	297.503000	72
297.225000	297.503000	84
297.499000	298.355000	78
297.502000	298.355000	75
297.503000	297.782000	72
297.503000	297.782000	84
297.505000	298.355000	56
297.505000	298.355000	66
297.506000	298.355000	63
297.782000	298.059000	72
297.782000	298.062000	84
298.059000	298.355000	72
298.062000	298.355000	84
298.346000	298.633000	74
298.349000	298.633000	86
298.349000	300.029000	29
298.349000	300.029000	41
298.633000	298.912000	74
298.633000	298.913000	86
298.912000	299.190000	74
298.913000	299.193000	86
299.189000	302.735000	80
299.190000	302.591000	74
299.192000	302.665000	77
299.193000	304.656000	86
299.196000	300.029000	56
299.196000	300.029000	58
299.197000	300.029000	62
299.197000	300.029000	65
300.028000	304.656000	34
301.842000	304.656000	41
301.905000	304.656000	44
301.974000	304.656000	46
302.045000	304.656000	50
302.118000	304.656000	53
302.178000	304.656000	56
302.248000	304.656000	58
302.311000	304.656000	62
302.382000	304.656000	65
302.451000	304.656000	68
302.521000	304.656000	70
302.591000	304.656000	74
302.665000	304.656000	77
302.735000	304.656000	80
302.812000	304.939000	82
305.222000	305.542000	70
305.227000	305.542000	82
305.545000	305.873000	81
305.549000	305.874000	69
305.877000	306.202000	82
305.878000	306.207000	70
306.207000	306.549000	71
306.211000	306.550000	83
306.550000	306.934000	84
306.551000	306.938000	72
306.939000	308.023000	73
306.941000	308.023000	85
308.024000	309.637000	86
308.027000	309.637000	74
309.640000	311.229000	87
309.641000	311.229000	39
309.641000	311.229000	51
309.641000	311.229000	75
309.913000	310.169000	79
309.916000	310.169000	82
310.169000	310.683000	79
310.169000	310.683000	82
310.421000	311.229000	63
310.424000	311.229000	55
310.425000	311.229000	58
310.683000	310.942000	79
310.683000	310.943000	82
310.942000	311.229000	79
310.943000	311.229000	82
311.227000	312.800000	74
311.227000	312.800000	86
311.229000	312.800000	34
311.229000	312.800000	46
311.502000	311.755000	82
311.503000	311.755000	77
311.755000	312.248000	77
311.755000	312.248000	82
312.002000	312.790000	53
312.003000	312.800000	62
312.006000	312.800000	58
312.248000	312.504000	77
312.248000	312.504000	82
312.504000	312.800000	77
312.504000	312.800000	82
312.786000	314.382000	72
312.787000	314.382000	41
312.787000	314.382000	84
312.790000	313.564000	53
313.052000	313.311000	77
313.056000	313.312000	81
313.311000	313.815000	77
313.312000	313.815000	81
313.561000	314.382000	57
313.564000	314.382000	53
313.564000	314.382000	60
313.815000	314.089000	77
313.815000	314.089000	81
314.089000	314.382000	77
314.089000	314.382000	81
314.376000	315.971000	86
314.380000	315.971000	34
314.380000	315.971000	46
314.380000	315.971000	74
314.652000	314.911000	77
314.653000	314.915000	82
314.911000	315.412000	77
314.915000	315.411000	82
315.160000	315.971000	53
315.160000	315.971000	58
315.163000	315.971000	62
315.411000	315.674000	82
315.412000	315.671000	77
315.671000	315.971000	77
315.674000	315.962000	82
315.962000	317.543000	70
315.962000	317.543000	82
315.964000	317.543000	39
315.965000	317.543000	51
316.238000	316.497000	75
316.238000	316.498000	79
316.497000	316.994000	75
316.498000	316.993000	79
316.745000	317.543000	58
316.746000	317.543000	55
316.749000	317.543000	63
316.993000	317.246000	79
316.994000	317.249000	75
317.246000	317.543000	79
317.249000	317.543000	75
317.536000	319.136000	72
317.536000	319.136000	84
317.537000	318.323000	56
317.539000	319.136000	44
317.809000	318.075000	75
317.809000	318.076000	80
318.075000	318.575000	75
318.076000	318.576000	80
318.321000	319.136000	60
318.323000	319.136000	56
318.324000	319.136000	63
318.575000	318.839000	75
318.576000	318.839000	80
318.839000	319.136000	75
318.839000	319.136000	80
319.132000	320.739000	74
319.132000	320.739000	86
319.133000	319.923000	53
319.135000	320.739000	41
319.405000	319.665000	80
319.405000	319.668000	77
319.665000	320.169000	80
319.668000	320.164000	77
319.920000	320.739000	56
319.920000	320.739000	58
319.923000	320.739000	53
319.923000	320.739000	62
320.164000	320.431000	77
320.169000	320.428000	80
320.428000	320.739000	80
320.431000	320.739000	77
320.735000	321.547000	87
320.735000	321.548000	75
320.736000	321.369000	51
320.739000	321.369000	39
321.015000	321.279000	82
321.015000	321.281000	79
321.279000	321.550000	82
321.281000	321.551000	79
321.551000	324.688000	39
321.645000	324.688000	46
321.740000	324.688000	51
321.838000	324.688000	55
321.932000	324.688000	58
322.023000	324.688000	63
322.115000	322.472000	67
322.206000	322.380000	70
322.289000	322.646000	75
322.380000	322.559000	70
322.472000	324.688000	67
322.559000	324.688000	70
322.646000	324.686000	75
322.727000	324.688000	79
322.815000	324.688000	82
322.902000	324.684000	87
322.989000	324.688000	91
323.088000	324.688000	94
323.193000	324.688000	99
324.684000	326.269000	87
324.686000	326.265000	75
324.687000	325.464000	60
324.687000	326.272000	48
324.963000	325.215000	79
324.963000	325.216000	84
325.215000	325.730000	79
325.216000	325.726000	84
325.464000	326.272000	55
325.464000	326.272000	60
325.467000	326.272000	63
325.726000	325.982000	84
325.730000	325.982000	79
325.982000	326.272000	79
325.982000	326.272000	84
326.265000	327.840000	75
326.269000	327.043000	56
326.269000	327.840000	44
326.269000	327.840000	87
326.538000	326.794000	84
326.542000	326.795000	80
326.794000	327.291000	84
326.795000	327.290000	80
327.043000	327.840000	56
327.045000	327.840000	60
327.045000	327.840000	63
327.290000	327.544000	80
327.291000	327.546000	84
327.544000	327.840000	80
327.546000	327.840000	84
327.833000	329.420000	82
327.834000	329.419000	70
327.837000	328.604000	55
327.837000	329.426000	43
328.096000	328.359000	75
328.097000	328.355000	79
328.355000	328.862000	79
328.359000	328.862000	75
328.604000	329.426000	55
328.605000	329.426000	63
328.606000	329.426000	58
328.862000	329.129000	75
328.862000	329.129000	79
329.129000	329.426000	75
329.129000	329.426000	79
329.419000	331.011000	70
329.420000	331.011000	34
329.420000	331.011000	82
329.422000	331.011000	46
329.695000	329.951000	77
329.951000	330.451000	77
330.203000	331.011000	53
330.207000	331.011000	58
330.207000	331.011000	65
330.451000	330.714000	77
330.714000	331.011000	77
331.002000	332.582000	67
331.004000	332.582000	39
331.004000	332.582000	79
331.005000	332.582000	51
331.277000	331.537000	75
331.278000	331.540000	70
331.537000	332.038000	75
331.540000	332.037000	70
331.785000	332.582000	55
331.785000	332.582000	58
331.788000	332.582000	63
332.037000	332.293000	70
332.038000	332.293000	75
332.293000	332.576000	70
332.293000	332.582000	75
332.576000	334.178000	70
332.576000	334.178000	82
332.579000	333.370000	52
332.580000	334.178000	40
332.855000	333.115000	79
332.856000	333.119000	73
333.115000	333.619000	79
333.119000	333.619000	73
333.370000	334.178000	52
333.371000	334.178000	58
333.371000	334.178000	61
333.619000	333.878000	73
333.619000	333.878000	79
333.878000	334.178000	73
333.878000	334.178000	79
334.172000	335.786000	68
334.172000	335.786000	80
334.175000	334.963000	53
334.176000	335.786000	41
334.448000	334.707000	72
334.449000	334.704000	77
334.704000	335.216000	77
334.707000	335.215000	72
334.959000	335.786000	60
334.963000	335.786000	53
334.963000	335.786000	56
335.215000	335.786000	72
335.216000	335.786000	77
335.474000	335.786000	34
335.477000	335.786000	46
335.779000	336.594000	79
335.782000	336.576000	48
335.782000	336.597000	67
335.786000	336.576000	36
336.054000	336.325000	72
336.055000	336.328000	75
336.325000	336.598000	72
336.328000	336.598000	75
336.601000	339.265000	36
336.689000	339.265000	48
336.787000	339.265000	51
336.881000	339.265000	55
336.972000	339.265000	60
337.067000	339.265000	63
337.158000	337.511000	67
337.245000	337.427000	72
337.340000	337.686000	75
337.427000	337.602000	72
337.511000	339.265000	67
337.602000	339.265000	72
337.686000	339.265000	75
337.774000	339.265000	79
337.857000	339.265000	84
337.941000	339.265000	87
338.012000	339.265000	91
338.082000	339.265000	96
338.155000	339.265000	99
338.239000	339.722000	103
339.723000	341.316000	79
339.727000	341.316000	36
339.727000	341.316000	48
339.727000	341.316000	67
340.002000	340.259000	72
340.003000	340.256000	75
340.256000	340.770000	75
340.259000	340.769000	72
340.510000	341.316000	55
340.511000	341.316000	63
340.769000	341.032000	72
340.770000	341.029000	75
341.029000	341.316000	75
341.032000	341.312000	72
341.312000	342.876000	84
341.312000	342.877000	72
341.315000	342.878000	44
341.316000	342.090000	56
341.588000	341.844000	75
341.589000	341.842000	80
341.842000	342.334000	80
341.844000	342.337000	75
342.090000	342.877000	56
342.092000	342.886000	60
342.092000	342.886000	63
342.334000	342.586000	80
342.337000	342.586000	75
342.586000	342.886000	75
342.586000	342.886000	80
342.876000	344.469000	84
342.877000	343.651000	56
342.877000	344.469000	72
342.878000	344.469000	44
343.143000	343.398000	74
343.143000	343.399000	77
343.398000	343.905000	74
343.399000	343.901000	77
343.650000	344.469000	58
343.651000	344.469000	56
343.653000	344.469000	62
343.654000	344.469000	65
343.901000	344.172000	77
343.905000	344.172000	74
344.172000	344.469000	74
344.172000	344.469000	77
344.459000	346.058000	70
344.460000	346.058000	82
344.462000	345.249000	55
344.462000	346.058000	43
344.738000	344.998000	79
344.738000	345.001000	75
344.998000	345.502000	79
345.001000	345.497000	75
345.246000	346.058000	63
345.249000	346.058000	55
345.250000	346.058000	58
345.497000	345.762000	75
345.502000	345.761000	79
345.761000	346.058000	79
345.762000	346.058000	75
346.044000	347.629000	74
346.045000	347.629000	47
346.045000	347.629000	86
346.048000	347.629000	35
346.324000	346.577000	77
346.324000	346.579000	80
346.577000	347.080000	77
346.579000	347.079000	80
346.832000	347.629000	53
346.834000	347.629000	62
346.835000	347.629000	56
347.079000	347.333000	80
347.080000	347.335000	77
347.333000	347.629000	80
347.335000	347.629000	77
347.619000	349.222000	87
347.620000	349.222000	48
347.620000	349.222000	75
347.622000	349.222000	36
347.895000	348.159000	79
347.899000	348.158000	84
348.158000	348.666000	84
348.159000	348.662000	79
348.410000	349.222000	60
348.411000	349.222000	55
348.414000	349.222000	63
348.662000	348.918000	79
348.666000	348.918000	84
348.918000	349.215000	84
348.918000	349.222000	79
349.212000	350.826000	72
349.215000	350.826000	84
349.216000	350.003000	53
349.218000	350.826000	41
349.488000	349.754000	81
349.489000	349.754000	75
349.754000	350.254000	75
349.754000	350.254000	81
349.999000	350.826000	63
350.003000	350.826000	53
350.003000	350.826000	57
350.254000	350.514000	75
350.254000	350.514000	81
350.514000	350.826000	75
350.514000	350.826000	81
350.821000	351.633000	70
350.822000	351.620000	34
350.822000	351.637000	82
350.825000	351.620000	46
351.094000	351.368000	74
351.095000	351.368000	77
351.368000	351.637000	74
351.368000	351.640000	77
351.641000	353.674000	46
351.736000	353.674000	53
351.829000	353.674000	58
351.928000	353.674000	62
352.019000	353.674000	65
352.107000	353.674000	70
352.200000	352.561000	74
352.292000	352.467000	77
352.380000	352.729000	82
352.467000	352.645000	77
352.561000	353.674000	74
352.645000	353.674000	77
352.729000	353.674000	82
352.820000	353.674000	86
352.925000	353.674000	89
353.037000	353.999000	94
354.000000	355.595000	75
354.000000	355.595000	87
354.003000	354.787000	60
354.004000	355.595000	48
354.282000	354.539000	84
354.286000	354.539000	79
354.539000	355.042000	79
354.539000	355.042000	84
354.783000	355.590000	55
354.787000	355.595000	60
354.788000	355.595000	63
355.042000	355.305000	79
355.042000	355.306000	84
355.305000	355.595000	79
355.306000	355.595000	84
355.589000	357.164000	74
355.589000	357.164000	86
355.590000	356.363000	55
355.591000	357.164000	43
355.861000	356.117000	79
355.862000	356.117000	82
356.117000	356.610000	79
356.117000	356.611000	82
356.363000	357.164000	55
356.365000	357.164000	62
356.366000	357.164000	58
356.610000	356.866000	79
356.611000	356.866000	82
356.866000	357.164000	79
356.866000	357.164000	82
357.150000	358.743000	72
357.150000	358.743000	84
357.151000	357.924000	56
357.153000	358.743000	44
357.416000	357.679000	80
357.419000	357.678000	75
357.678000	358.178000	75
357.679000	358.179000	80
357.924000	358.743000	56
357.926000	358.743000	53
357.927000	358.743000	60
358.178000	358.452000	75
358.179000	358.452000	80
358.452000	358.743000	75
358.452000	358.743000	80
358.739000	360.331000	70
358.742000	360.331000	39
358.742000	360.331000	51
358.742000	360.331000	82
359.012000	359.275000	75
359.015000	359.274000	79
359.274000	359.775000	79
359.275000	359.774000	75
359.527000	360.331000	58
359.529000	360.331000	55
359.529000	360.331000	63
359.774000	360.035000	75
359.775000	360.037000	79
360.035000	360.331000	75
360.037000	360.325000	79
360.325000	361.906000	67
360.325000	361.906000	79
360.328000	361.108000	52
360.328000	361.906000	40
360.597000	360.860000	70
360.600000	360.859000	73
360.859000	361.353000	73
360.860000	361.353000	70
361.107000	361.906000	58
361.108000	361.906000	52
361.108000	361.906000	61
361.353000	361.616000	70
361.353000	361.616000	73
361.616000	361.906000	70
361.616000	361.906000	73
361.896000	362.700000	80
361.899000	362.700000	68
361.900000	362.700000	41
361.900000	362.700000	53
362.175000	362.435000	72
362.179000	362.438000	77
362.435000	362.700000	72
362.438000	362.700000	77
362.690000	363.502000	43
362.690000	363.502000	67
362.690000	363.502000	79
362.693000	363.502000	55
362.942000	363.201000	70
362.942000	363.202000	75
363.201000	363.502000	70
363.202000	363.502000	75
363.496000	365.102000	65
363.498000	365.106000	77
363.499000	364.290000	58
363.499000	364.983000	46
363.775000	364.034000	70
363.776000	364.035000	75
364.034000	364.542000	70
364.035000	364.542000	75
364.290000	365.109000	58
364.290000	365.109000	63
364.542000	364.791000	70
364.542000	364.793000	75
364.791000	365.109000	70
364.793000	365.109000	75
364.983000	366.744000	46
365.021000	366.744000	53
365.063000	366.744000	56
365.102000	366.744000	65
365.105000	366.744000	68
365.106000	366.744000	74
365.106000	366.744000	77
365.108000	366.744000	62
366.466000	366.743000	75
366.740000	367.555000	63
366.740000	367.689000	67
366.743000	367.013000	51
366.743000	367.948000	75
366.744000	369.967000	39
367.010000	367.289000	55
367.012000	367.286000	58
367.013000	367.290000	51
367.286000	367.559000	58
367.289000	367.559000	55
367.290000	367.559000	51
367.555000	369.676000	63
367.559000	367.825000	51
367.559000	367.826000	58
367.559000	367.828000	55
367.689000	369.963000	67
367.825000	368.087000	51
367.825000	369.960000	70
367.826000	368.087000	58
367.828000	368.091000	55
367.948000	369.677000	75
368.085000	369.967000	79
368.087000	368.361000	51
368.087000	368.363000	58
368.091000	368.361000	55
368.217000	369.967000	82
368.360000	369.967000	87
368.361000	368.620000	55
368.361000	368.621000	51
368.363000	368.622000	58
368.620000	368.886000	55
368.621000	368.888000	51
368.622000	368.889000	58
368.886000	369.149000	55
368.888000	369.148000	51
368.889000	369.149000	58
369.148000	369.414000	51
369.149000	369.415000	58
369.149000	369.417000	55
369.414000	369.679000	51
369.415000	369.677000	58
369.417000	369.677000	55
369.676000	369.964000	63
369.677000	369.966000	75
369.677000	369.967000	55
369.677000	369.967000	58
369.679000	369.967000	51
369.960000	371.035000	70
369.963000	370.898000	67
369.964000	370.778000	63
369.966000	371.164000	75
369.967000	370.226000	49
369.967000	373.179000	37
370.225000	370.505000	58
370.226000	370.502000	49
370.229000	370.502000	55
370.230000	370.502000	51
370.502000	370.779000	49
370.502000	370.779000	51
370.502000	370.782000	55
370.505000	370.780000	58
370.778000	372.889000	63
370.779000	371.039000	49
370.779000	371.041000	51
370.780000	371.039000	58
370.782000	371.038000	55
370.898000	373.179000	67
371.035000	373.179000	70
371.038000	371.300000	55
371.039000	371.297000	49
371.039000	371.300000	58
371.041000	371.301000	51
371.164000	372.886000	75
371.296000	373.179000	79
371.297000	371.570000	49
371.300000	371.573000	58
371.300000	371.574000	55
371.301000	371.574000	51
371.430000	373.179000	82
371.570000	371.840000	49
371.570000	373.179000	87
371.573000	371.837000	58
371.574000	371.839000	51
371.574000	371.840000	55
371.837000	372.099000	58
371.839000	372.102000	51
371.840000	372.098000	49
371.840000	372.098000	55
372.098000	372.358000	49
372.098000	372.362000	55
372.099000	372.361000	58
372.102000	372.361000	51
372.358000	372.621000	49
372.361000	372.621000	58
372.361000	372.623000	51
372.362000	372.620000	55
372.620000	372.890000	55
372.621000	372.892000	49
372.621000	372.892000	58
372.623000	372.890000	51
372.886000	373.173000	75
372.889000	373.173000	63
372.890000	373.179000	51
372.890000	373.179000	55
372.892000	373.179000	49
372.892000	373.179000	58
373.173000	373.986000	63
373.173000	374.370000	75
373.176000	374.108000	68
373.177000	373.442000	48
373.177000	376.400000	36
373.442000	373.719000	48
373.443000	373.715000	51
373.443000	373.719000	56
373.446000	373.719000	60
373.715000	373.992000	51
373.719000	373.988000	48
373.719000	373.988000	56
373.719000	373.989000	60
373.986000	376.102000	63
373.988000	374.248000	56
373.988000	374.251000	48
373.989000	374.247000	60
373.992000	374.248000	51
374.108000	376.397000	68
374.247000	374.503000	60
374.247000	376.400000	72
374.248000	374.502000	51
374.248000	374.506000	56
374.251000	374.503000	48
374.370000	376.103000	75
374.500000	376.400000	80
374.502000	374.776000	51
374.503000	374.776000	60
374.503000	374.779000	48
374.506000	374.776000	56
374.632000	376.400000	84
374.773000	376.400000	87
374.776000	375.042000	56
374.776000	375.043000	60
374.776000	375.045000	51
374.779000	375.042000	48
375.042000	375.309000	48
375.042000	375.309000	56
375.043000	375.311000	60
375.045000	375.308000	51
375.308000	375.568000	51
375.309000	375.571000	56
375.309000	375.574000	48
375.311000	375.570000	60
375.568000	375.839000	51
375.570000	375.837000	60
375.571000	375.839000	56
375.574000	375.836000	48
375.836000	376.106000	48
375.837000	376.106000	60
375.839000	376.105000	51
375.839000	376.109000	56
376.102000	376.400000	63
376.103000	376.397000	75
376.105000	376.400000	51
376.106000	376.400000	48
376.106000	376.400000	60
376.109000	376.400000	56
376.393000	377.590000	77
376.397000	377.335000	71
376.397000	377.467000	75
376.397000	379.623000	68
376.399000	379.623000	44
376.400000	379.623000	32
376.663000	376.939000	56
376.666000	376.939000	51
376.666000	376.939000	59
376.939000	377.215000	51
376.939000	377.216000	56
376.939000	377.216000	59
377.215000	377.468000	51
377.215000	379.336000	65
377.216000	377.468000	59
377.216000	377.470000	56
377.335000	379.623000	71
377.467000	379.620000	75
377.468000	377.723000	51
377.468000	377.723000	59
377.470000	377.726000	56
377.590000	379.337000	77
377.722000	379.623000	83
377.723000	378.003000	51
377.723000	378.003000	59
377.726000	378.003000	56
377.856000	379.623000	87
378.000000	379.623000	89
378.003000	378.276000	51
378.003000	378.276000	56
378.003000	378.276000	59
378.276000	378.542000	56
378.276000	378.542000	59
378.276000	378.543000	51
378.542000	378.802000	56
378.542000	378.802000	59
378.543000	378.804000	51
378.802000	379.067000	59
378.802000	379.071000	56
378.804000	379.070000	51
379.067000	379.339000	59
379.070000	379.337000	51
379.071000	379.339000	56
379.336000	379.623000	65
379.337000	379.623000	51
379.337000	379.623000	77
379.339000	379.623000	56
379.339000	379.623000	59
379.617000	380.558000	70
379.617000	380.824000	79
379.619000	380.432000	67
379.620000	380.695000	75
379.620000	382.834000	39
379.620000	386.018000	27
379.886000	380.162000	55
379.887000	380.160000	63
379.889000	380.162000	51
379.889000	380.163000	58
380.160000	380.433000	63
380.162000	380.435000	51
380.162000	380.436000	55
380.163000	380.435000	58
380.432000	387.524000	67
380.433000	380.695000	63
380.435000	380.697000	58
380.435000	380.698000	51
380.436000	380.698000	55
380.558000	387.523000	70
380.695000	380.957000	63
380.695000	387.526000	75
380.697000	380.960000	58
380.698000	380.961000	51
380.698000	380.961000	55
380.824000	381.622000	79
380.957000	381.496000	82
380.957000	387.597000	63
380.960000	381.227000	58
380.961000	381.224000	51
380.961000	381.227000	55
381.086000	381.353000	87
381.223000	382.025000	91
381.224000	381.499000	51
381.227000	381.499000	55
381.227000	381.500000	46
381.353000	381.888000	87
381.496000	381.758000	82
381.499000	381.759000	51
381.499000	381.759000	55
381.499000	381.762000	58
381.500000	381.762000	46
381.622000	382.416000	79
381.758000	382.286000	82
381.759000	382.028000	51
381.759000	382.029000	55
381.762000	382.029000	46
381.762000	387.596000	58
381.888000	382.150000	87
382.025000	382.833000	91
382.028000	382.287000	43
382.028000	382.291000	51
382.029000	382.287000	55
382.029000	382.290000	46
382.150000	382.687000	87
382.286000	382.553000	82
382.287000	382.553000	55
382.287000	382.554000	43
382.290000	382.556000	46
382.291000	382.557000	51
382.416000	383.638000	79
382.553000	383.767000	82
382.553000	387.596000	55
382.554000	383.641000	43
382.556000	382.833000	46
382.557000	382.837000	51
382.687000	383.904000	87
382.833000	383.106000	46
382.833000	384.030000	91
382.834000	383.106000	39
382.837000	383.102000	51
383.102000	383.372000	51
383.106000	383.369000	39
383.106000	383.373000	46
383.369000	383.639000	39
383.372000	383.641000	51
383.373000	383.639000	46
383.638000	387.523000	79
383.639000	383.908000	39
383.639000	383.910000	46
383.641000	383.907000	43
383.641000	383.908000	51
383.767000	393.844000	82
383.904000	393.844000	87
383.907000	384.170000	43
383.908000	384.169000	39
383.908000	384.170000	51
383.910000	384.167000	46
384.030000	384.814000	91
384.167000	384.432000	46
384.167000	384.684000	94
384.169000	384.430000	39
384.170000	384.432000	43
384.170000	387.594000	51
384.290000	384.552000	99
384.429000	384.685000	34
384.429000	385.206000	103
384.430000	384.688000	39
384.432000	384.684000	46
384.432000	384.688000	43
384.552000	385.073000	99
384.684000	384.944000	94
384.684000	384.948000	46
384.685000	384.947000	34
384.688000	384.947000	43
384.688000	384.948000	39
384.814000	385.592000	91
384.944000	385.468000	94
384.947000	385.206000	43
384.947000	385.210000	34
384.948000	385.210000	39
384.948000	389.231000	46
385.073000	385.335000	99
385.206000	385.469000	43
385.206000	386.012000	103
385.209000	385.469000	31
385.210000	385.472000	34
385.210000	385.472000	39
385.335000	385.868000	99
385.468000	385.727000	94
385.469000	385.731000	31
385.469000	385.732000	43
385.472000	385.731000	34
385.472000	385.731000	39
385.592000	386.014000	91
385.727000	386.014000	94
385.731000	386.018000	39
385.731000	386.019000	34
385.731000	393.844000	31
385.732000	393.844000	43
385.868000	386.015000	99
386.012000	393.844000	103
386.014000	393.844000	91
386.014000	393.844000	94
386.015000	393.844000	99
386.018000	389.228000	39
386.018000	393.844000	27
386.019000	393.844000	34
387.523000	387.589000	70
387.523000	387.593000	79
387.524000	387.593000	67
387.526000	387.594000	75
387.589000	393.844000	70
387.593000	393.844000	67
387.593000	393.844000	79
387.594000	389.231000	51
387.594000	393.844000	75
387.596000	389.143000	55
387.596000	389.144000	58
387.597000	389.144000	63
389.143000	389.228000	55
389.144000	389.227000	58
389.144000	389.228000	63
389.227000	393.844000	58
389.228000	393.844000	39
389.228000	393.844000	55
389.228000	393.844000	63
389.231000	393.844000	46
389.231000	393.844000	51
