OnsetTime	OffsetTime	MidiPitch
0.519987	0.578995	50
0.771994	1.009970	55
0.771994	2.251940	43
0.772986	2.252950	31
0.848987	1.009970	50
0.922976	1.009970	57
0.998976	1.061980	58
1.264970	1.503960	57
1.339970	1.503960	50
1.415970	1.503960	58
1.492960	1.555950	60
1.755950	1.989950	58
1.832960	1.989950	50
1.909950	1.989950	60
1.986950	2.052950	62
2.252950	2.490940	55
2.328950	2.490940	50
2.402950	2.490940	57
2.479950	2.542940	58
2.480940	2.543940	34
2.480940	2.543940	46
2.745940	2.986940	48
2.745940	2.986940	57
2.746930	2.986940	36
2.815930	2.986940	51
2.889930	2.986940	58
2.972920	3.036920	60
3.231920	3.470910	54
3.232920	3.470910	38
3.235930	3.470910	50
3.308940	3.470910	48
3.382920	3.470910	55
3.459920	3.530920	57
3.722920	3.963890	43
3.722920	3.963890	55
3.723910	3.963890	31
3.795920	3.963890	50
3.873900	3.963890	57
3.950900	4.016910	58
4.204900	4.327910	57
4.387910	4.443910	54
4.446900	4.509910	50
4.450900	4.510900	38
4.702910	4.939880	55
4.702910	6.178850	43
4.703900	6.182840	31
4.779900	4.939880	50
4.852900	4.939880	57
4.926900	4.989890	58
5.195880	5.433860	57
5.269890	5.433860	50
5.346880	5.433860	58
5.423870	5.485870	60
5.685870	5.919850	58
5.762860	5.919850	50
5.840860	5.919850	60
5.916850	5.979850	62
6.183850	6.416830	55
6.256850	6.416830	50
6.333840	6.416830	57
6.410830	6.469830	58
6.411840	6.472830	46
6.411840	6.473840	34
6.669830	6.914820	48
6.669830	6.914820	57
6.670830	6.914820	36
6.746820	6.914820	51
6.820820	6.914820	58
6.896810	6.963820	60
7.158820	7.401820	59
7.162830	7.401820	38
7.165820	7.239840	50
7.239840	7.401820	50
7.313830	7.401820	60
7.390820	7.452820	62
7.649830	7.894790	60
7.652820	7.894790	39
7.652820	7.894790	51
7.726820	7.894790	55
7.800810	7.894790	62
7.880800	7.939790	63
8.121800	8.344800	59
8.188790	8.344800	53
8.265810	8.344800	60
8.335800	8.397800	62
8.336790	8.460810	38
8.338810	8.464800	50
8.590800	8.831800	39
8.590800	8.831800	60
8.591810	8.831800	51
8.667790	8.831800	55
8.744780	8.831800	62
8.817780	8.881780	63
9.076790	9.315770	63
9.081780	9.315770	36
9.081780	9.315770	48
9.158780	9.315770	55
9.234780	9.315770	65
9.311780	9.374780	67
9.570770	9.815750	38
9.570770	9.815750	66
9.571780	9.815750	50
9.647780	9.815750	54
9.725760	9.815750	67
9.801760	9.861760	69
10.056800	10.123800	62
10.320800	10.382800	62
10.320800	10.385800	50
10.578800	10.823800	67
10.578800	11.575800	43
10.579800	11.075800	46
10.579800	11.075800	55
10.652700	10.823800	62
10.733800	10.823800	69
10.807800	10.876800	70
11.076800	11.330700	69
11.078800	11.576800	50
11.079800	11.576800	57
11.152800	11.330700	62
11.229700	11.330700	70
11.307700	11.376800	72
11.577700	11.835800	70
11.579700	12.072800	55
11.579700	12.072800	58
11.657800	11.835800	62
11.730800	11.835800	72
11.814800	11.877800	74
12.076800	12.310700	67
12.150800	12.310700	62
12.223700	12.310700	69
12.301700	12.370700	70
12.302700	12.371700	55
12.304700	12.371700	46
12.567700	12.797700	69
12.567700	13.060700	57
12.570700	13.060700	55
12.570700	13.061700	48
12.644700	12.797700	63
12.717700	12.797700	70
12.794700	12.860700	72
13.063700	13.297700	66
13.064700	13.547700	62
13.064700	13.550700	54
13.067700	13.550700	50
13.133700	13.297700	60
13.210700	13.297700	67
13.294700	13.357700	69
13.550700	13.795700	67
13.553700	14.022700	55
13.554700	14.026700	43
13.554700	14.027700	46
13.630700	13.795700	62
13.705700	13.795700	69
13.781700	13.844700	70
14.027700	14.141700	69
14.197700	14.256700	66
14.257700	14.319700	62
14.258700	14.320700	50
14.505700	14.747700	67
14.509700	15.002700	46
14.509700	15.503700	43
14.510700	15.006700	55
14.582700	14.747700	62
14.663700	14.747700	69
14.736700	14.806700	70
15.007700	15.240700	69
15.009700	15.503700	50
15.009700	15.507700	57
15.079700	15.240700	62
15.160700	15.240700	70
15.237700	15.306700	72
15.507700	15.744700	70
15.508700	16.021700	58
15.510700	16.022700	55
15.587700	15.744700	62
15.661700	15.744700	72
15.737700	15.808700	74
16.022700	16.251700	75
16.091700	16.251700	67
16.168700	16.251700	77
16.242700	16.304700	79
16.244700	16.305700	51
16.245700	16.305700	39
16.500700	16.752700	69
16.504700	16.752700	41
16.504700	16.752700	53
16.585700	16.752700	60
16.661700	16.752700	70
16.735700	16.798700	72
16.976700	17.210700	74
16.980700	17.210700	34
16.980700	17.210700	46
17.053700	17.210700	65
17.131700	17.210700	75
17.200700	17.263700	77
17.460700	17.711700	51
17.460700	17.711700	67
17.463700	17.711700	39
17.544700	17.711700	58
17.620700	17.711700	69
17.697700	17.757700	70
17.942700	18.173700	72
18.019700	18.173700	63
18.093700	18.173700	74
18.163700	18.225700	75
18.163700	18.425700	45
18.166700	18.426700	33
18.426700	18.667700	66
18.427700	18.919700	50
18.429700	18.919700	38
18.502700	18.667700	57
18.577700	18.667700	67
18.649700	18.720700	69
18.920600	19.149600	72
18.992700	19.149600	63
19.070600	19.149600	74
19.143600	19.209600	75
19.147600	19.405600	32
19.147600	19.406600	44
19.406600	19.647600	66
19.408600	19.899600	50
19.409600	19.899600	38
19.479600	19.647600	57
19.557600	19.647600	67
19.633600	19.693600	69
19.900600	20.129600	72
19.976600	20.129600	63
20.050600	20.129600	74
20.127600	20.186600	75
20.127600	20.385600	33
20.128600	20.386600	45
20.386600	20.623600	66
20.389600	21.383600	50
20.389600	21.890600	38
20.463600	20.623600	57
20.536600	20.623600	67
20.620600	20.683600	69
20.879600	21.123600	60
20.956600	21.123600	57
21.037600	21.123600	62
21.114600	21.183600	63
21.383600	21.639600	54
21.467600	21.639600	50
21.547600	21.639600	55
21.621600	21.690600	57
21.890600	21.950600	50
22.149600	22.212600	50
22.150600	22.216600	38
22.397600	22.649600	55
22.402600	23.896600	31
22.402600	23.899600	43
22.483600	22.649600	50
22.555600	22.649600	57
22.633600	22.702600	58
22.898600	23.143600	57
22.979600	23.143600	50
23.056600	23.143600	58
23.141600	23.203600	60
23.402600	23.638600	58
23.479600	23.638600	50
23.553600	23.638600	60
23.637600	23.699600	62
23.899600	24.134600	55
23.973600	24.134600	50
24.049600	24.134600	57
24.124600	24.193600	58
24.127600	24.193600	46
24.127600	24.197600	34
24.393600	24.634600	57
24.394500	24.880500	36
24.394500	24.880500	48
24.470500	24.634600	51
24.543500	24.634600	58
24.617500	24.679500	60
24.883500	25.117500	59
24.883500	25.373500	38
24.884500	25.373500	50
24.960500	25.117500	53
25.030500	25.117500	60
25.114500	25.177600	62
25.374500	25.614500	60
25.376500	25.450500	51
25.377500	25.838500	39
25.450500	25.838500	51
25.524500	25.614500	62
25.597500	25.656500	63
25.839500	26.076500	59
25.912500	26.076500	53
25.989500	26.076500	60
26.066500	26.132500	62
26.067500	26.195500	38
26.067500	26.196500	50
26.324500	26.672500	60
26.325500	26.795500	36
26.325500	26.795500	48
26.406500	26.795500	55
26.482500	26.791500	62
26.556500	26.795500	63
26.672500	26.795500	60
26.791500	27.025500	62
26.794500	27.294500	38
26.794500	27.295500	50
26.864500	27.025500	55
26.941500	27.025500	63
27.018500	27.084500	65
27.295500	27.542500	64
27.297500	28.071500	37
27.298500	28.072500	49
27.376500	27.542500	55
27.452500	27.542500	66
27.533500	27.672500	67
27.809500	28.078500	67
27.899500	28.078500	58
27.978500	28.078500	69
28.069500	28.221500	70
28.071500	28.386500	37
28.072500	28.386500	49
28.387500	28.936500	62
28.387500	28.937500	74
28.390500	28.939500	50
28.390500	28.940500	38
28.940500	29.488500	62
28.943500	29.489500	66
28.944500	29.489500	57
28.944500	29.492500	38
28.944500	29.493500	50
29.493500	29.730500	64
29.495500	30.260400	49
29.496500	30.260400	37
29.570500	29.730500	55
29.647500	29.730500	66
29.727500	29.866400	67
30.007500	30.266400	67
30.088500	30.266400	58
30.168400	30.266400	69
30.259400	30.424400	70
30.260400	30.591400	37
30.260400	30.591400	49
30.592400	31.173400	74
30.595400	31.182400	70
30.595400	31.182400	79
30.596400	31.173400	38
30.596400	31.176400	50
31.169400	31.942400	66
31.173400	31.942400	38
31.173400	31.942400	69
31.173400	31.942400	74
31.176400	31.942400	50
31.936400	32.908400	62
31.939400	32.908400	58
31.939400	32.908400	67
31.940400	32.908400	31
31.940400	32.908400	43
33.454400	34.207400	53
33.458400	35.653400	34
33.459400	35.653400	46
33.647400	34.207400	50
33.822400	34.207400	55
34.207400	34.946400	57
34.385400	34.946400	50
34.574400	34.946400	58
34.946400	35.653400	60
35.120400	35.653400	50
35.291400	35.653400	62
35.649400	36.378400	48
35.653400	36.378400	32
35.653400	36.378400	63
35.813400	36.378400	50
35.981400	36.378400	65
36.374400	38.516400	47
36.378400	38.516400	31
36.401400	37.798400	67
36.552400	37.101400	50
36.728400	37.101400	65
37.088400	37.808400	63
37.263400	37.808400	50
37.442400	37.808400	62
37.798400	38.516400	67
37.799400	38.516400	60
37.976400	38.516400	50
38.151400	38.516400	59
38.513400	39.255400	57
38.516400	39.255400	69
38.683400	39.255400	50
38.859400	39.255400	71
38.862400	39.255400	55
39.146400	41.385400	63
39.254400	39.996400	48
39.285400	41.385400	75
39.432400	39.996400	36
39.615400	39.996400	50
39.972400	40.682400	51
40.150400	40.682400	48
40.326400	40.682400	53
40.679400	41.385400	55
40.854400	41.385400	48
41.033400	41.385400	57
41.033400	42.166400	74
41.385400	42.166400	59
41.529400	42.166400	72
41.621400	42.166400	60
41.670400	42.166400	70
41.819400	42.166400	69
41.872400	42.166400	62
41.981400	42.166400	67
42.163400	45.110300	65
42.164400	43.587300	57
42.165400	45.110300	41
42.169400	42.904300	63
42.337400	42.904300	53
42.527400	42.904300	62
42.895300	43.597300	60
43.066300	43.597300	53
43.230300	43.597300	58
43.587300	44.297300	57
43.762300	44.290300	53
43.944300	44.297300	55
44.290300	45.110300	53
44.434300	45.110300	67
44.473300	45.110300	51
44.588300	45.110300	69
44.665300	45.110300	50
44.739300	45.110300	70
44.865300	45.110300	48
44.907300	45.110300	72
45.106300	45.858300	34
45.106300	45.858300	74
45.110300	45.858300	46
45.277300	45.858300	62
45.456300	45.858300	72
45.834300	46.556300	70
45.835300	47.297300	79
46.016300	46.556300	58
46.202300	46.556300	69
46.555300	47.297300	67
46.733300	48.068300	58
46.923300	47.297300	65
46.924300	47.297300	77
47.294300	48.068300	64
47.297300	47.581300	76
47.501300	48.068300	77
47.581300	48.068300	76
47.665300	48.068300	62
47.668300	48.068300	74
47.867300	48.067300	72
47.867300	48.069300	60
48.067300	48.819300	72
48.068300	48.819300	45
48.239300	48.819300	60
48.407300	48.819300	70
48.791300	49.517300	69
48.795300	50.303300	77
49.032272	49.580272	57
49.152300	49.517300	67
49.516300	50.303300	65
49.705300	51.194300	57
49.894300	50.303300	76
49.895300	50.303300	64
50.293300	51.196300	62
50.297300	50.577300	74
50.297300	51.196300	47
50.297300	51.196300	56
50.524300	50.727300	76
50.577300	50.685300	74
50.630300	51.196300	73
50.685300	51.196300	74
50.727300	51.196300	76
50.734300	51.196300	64
50.947300	51.197300	65
50.952300	51.193300	77
51.193300	52.054300	77
51.193300	52.880300	60
51.194300	52.880300	57
51.196300	52.880300	48
51.409300	52.054300	65
51.631300	52.054300	76
52.054300	52.880300	74
52.242300	52.880300	65
52.653300	52.876300	72
52.876300	53.691300	72
52.876300	54.537300	58
52.877300	54.537300	64
52.880300	54.537300	48
53.072300	53.691300	60
53.279300	53.691300	70
53.689300	54.537300	69
53.951782	54.539300	60
54.319300	54.536300	67
54.536300	55.372300	53
54.536300	56.183300	67
54.539300	57.153300	60
54.731300	55.557300	58
54.944300	55.372300	52
55.347300	56.183300	50
55.560300	56.183300	58
55.760300	56.183300	48
56.181300	57.153300	65
56.190300	58.004300	53
56.390300	57.153300	57
56.604300	57.153300	63
57.046300	58.018300	62
57.048300	58.018300	41
57.276300	58.018300	51
57.514300	58.764300	61
58.004300	58.764300	53
58.011300	60.188300	46
58.012300	60.188300	34
58.199300	58.764300	50
58.367300	58.764300	55
58.382300	58.764300	62
58.763300	59.477300	57
58.931300	59.477300	50
59.124300	59.484300	58
59.470300	60.188300	60
59.649300	60.188300	50
59.816300	60.188300	62
60.181300	60.909300	48
60.182300	60.909300	32
60.184300	60.909300	63
60.353300	60.909300	50
60.527300	60.916300	65
60.906300	63.050300	31
60.909300	63.050300	47
60.916300	62.327300	67
61.083300	61.637300	50
61.266300	61.637300	65
61.619300	62.336300	63
61.790300	62.336300	50
61.973300	62.336300	62
62.327300	63.050300	67
62.330300	63.050300	60
62.505300	63.050300	50
62.687300	63.050300	59
63.044300	63.793300	57
63.047300	63.793300	69
63.215300	63.793300	50
63.393300	63.793300	55
63.394300	63.794300	71
63.680300	65.921300	63
63.793300	64.528300	48
63.796300	65.921300	75
63.967300	64.528300	36
64.153300	64.528300	50
64.510300	65.215300	51
64.685300	65.215300	48
64.860300	65.215300	53
65.214300	65.921300	55
65.392200	65.921300	48
65.570200	66.698300	74
65.571300	65.921300	57
65.914300	66.698300	59
66.062200	66.698300	72
66.152200	66.698300	60
66.205300	66.698300	70
66.358300	66.698300	69
66.404300	66.698300	62
66.513300	66.698300	67
66.680300	67.436300	63
66.695200	69.642200	41
66.695200	69.642200	65
66.698300	68.123200	57
66.873300	67.436300	53
67.051300	67.436300	62
67.429200	68.132200	60
67.597200	68.132200	53
67.765300	68.132200	58
68.123200	68.832200	57
68.301200	68.823200	53
68.469200	68.832200	55
68.823200	69.642200	53
68.969200	69.642200	67
69.004200	69.642200	51
69.120200	69.642200	69
69.196200	69.642200	50
69.278200	69.642200	70
69.400200	69.642200	48
69.446200	69.642200	72
69.639200	70.398200	74
69.641200	70.398200	34
69.641200	70.398200	46
69.809200	70.398200	62
69.992200	70.398200	72
70.366200	71.088200	70
70.373200	71.832200	79
70.548200	71.088200	58
70.741200	71.088200	69
71.087200	71.832200	67
71.272200	72.602200	58
71.455200	71.832200	65
71.458300	71.832200	77
71.826300	72.116200	76
71.826300	72.602200	64
72.036200	72.602200	77
72.116200	72.602200	76
72.189200	72.602200	74
72.197200	72.602200	62
72.400200	72.602200	60
72.409200	72.599200	72
72.599200	73.351200	72
72.600200	73.351200	45
72.770200	73.351200	60
72.946200	73.351200	70
73.325200	74.051200	69
73.326200	74.835200	77
73.502200	74.051200	57
73.691200	74.051200	67
74.048200	74.835200	65
74.237300	75.729200	57
74.426300	74.835200	64
74.429200	74.835200	76
74.828200	75.113200	74
74.829200	75.732200	47
74.829200	75.732200	62
74.832200	75.732200	56
75.056200	75.256200	76
75.113200	75.213300	74
75.164200	75.732200	73
75.213300	75.732200	74
75.256200	75.732200	76
75.266200	75.732200	64
75.472200	75.728200	77
75.486200	75.735200	65
75.728200	76.587200	77
75.729200	77.411200	57
75.731200	77.411200	48
75.732200	77.411200	60
75.944200	76.587200	65
76.163200	76.587200	76
76.586200	77.411200	74
76.774200	77.411200	65
77.188200	77.409200	72
77.409200	78.231200	72
77.409200	79.070200	64
77.410200	79.070200	58
77.411200	79.070200	48
77.607200	78.231200	60
77.817200	78.231200	70
78.230200	79.070200	69
78.430200	79.070200	60
78.850200	79.068200	67
79.063200	79.903200	53
79.068200	80.803200	67
79.070200	81.909200	60
79.273200	80.103200	58
79.486200	79.903200	52
79.875200	80.803200	50
80.103200	80.803200	58
80.316200	80.803200	48
80.803200	81.909200	65
80.810200	81.909200	53
81.048200	81.909200	57
82.661200	85.637200	41
82.774200	83.505200	65
82.783200	85.637200	57
82.962200	83.505200	63
83.133200	83.505200	67
83.487200	84.205200	69
83.673200	84.205200	63
83.851200	84.206200	70
84.201200	84.908200	72
84.380200	84.908200	63
84.548200	84.908200	74
84.901200	85.637200	75
85.076200	85.637200	63
85.241200	85.637200	77
85.535200	88.504200	39
85.637200	87.039200	58
85.651200	86.346200	78
85.808200	86.346200	63
85.987200	86.346200	77
86.326200	87.039200	75
86.504200	87.039200	63
86.679200	87.039200	73
87.033200	90.616200	48
87.037200	87.754200	72
87.208200	87.754200	63
87.394200	87.754200	70
87.748200	88.504200	69
87.922200	88.504200	63
88.107200	88.504200	70
88.492200	89.203100	65
88.493200	90.616200	41
88.504200	89.186100	69
88.670200	89.203100	63
88.846200	89.203100	67
89.186100	89.907100	69
89.374200	89.907100	63
89.552200	89.907100	70
89.903100	90.616200	72
90.081100	90.616200	63
90.242100	90.616200	73
90.609200	91.342200	75
90.778100	91.342200	63
90.945200	91.342200	77
91.239200	92.745100	39
91.341100	92.745100	58
91.352100	92.055100	78
91.513100	92.055100	63
91.691100	92.055100	77
92.039100	92.745100	75
92.212100	92.745100	63
92.560100	92.745100	73
92.738100	94.260100	42
92.752100	93.459100	73
92.913100	93.459100	63
93.155229	93.519229	72
93.449100	93.623100	70
93.536100	94.260100	72
93.623100	94.260100	70
93.624100	94.260100	60
93.795100	94.260100	44
93.984100	94.260100	68
94.202100	94.922100	41
94.202100	94.922100	49
94.208100	96.329100	73
94.376100	95.089100	61
94.551100	94.922100	51
94.904100	98.124100	53
95.090100	95.794100	61
95.265100	95.632100	54
95.616100	96.329100	56
95.794100	96.484100	61
95.961100	96.329100	58
96.315100	97.074100	60
96.484100	96.658100	61
96.658100	97.242100	61
97.088100	98.485100	62
97.242100	97.950100	61
97.424100	98.485100	59
97.772100	98.485100	56
97.950100	98.657100	61
98.124100	98.485100	53
98.475100	102.564000	49
98.657100	99.371100	61
98.828100	99.927100	47
99.189100	99.927100	44
99.371100	99.732100	61
99.549100	99.927100	41
99.732100	100.651000	61
99.917100	102.566000	42
100.095000	100.651000	58
100.277000	100.651000	63
100.638000	101.348000	65
100.812000	101.348000	58
100.991000	101.348000	66
101.338000	102.044000	68
101.513000	102.044000	58
101.688000	102.044000	70
102.035000	102.791000	71
102.206000	102.791000	58
102.384000	102.791000	73
102.564000	102.791000	49
102.566000	105.776000	42
102.791000	105.332000	50
102.804000	105.783000	74
102.968000	103.686000	59
103.148000	105.783000	71
103.508000	105.783000	68
103.509000	104.225000	62
103.686000	104.576000	59
103.865000	105.783000	65
104.225000	105.783000	62
104.397000	104.943000	56
104.576000	105.783000	59
104.943000	105.783000	56
105.135000	105.783000	53
105.332000	105.783000	50
105.542000	105.783000	47
105.773000	106.510000	61
105.776000	108.425000	49
105.776000	108.657000	42
105.950000	106.510000	58
106.140000	106.510000	63
106.493000	107.203000	65
106.672000	107.203000	58
106.851000	107.203000	66
107.197000	107.900000	68
107.368000	107.900000	58
107.546000	107.900000	70
107.893000	108.657000	71
108.065000	108.657000	58
108.240000	108.657000	72
108.425000	108.657000	49
108.656000	111.694000	36
108.656000	111.694000	52
108.657000	111.694000	73
108.831000	109.562000	58
109.013000	111.694000	70
109.377000	111.694000	67
109.378000	110.123000	61
109.562000	110.512000	58
109.752000	111.694000	64
110.123000	111.694000	61
110.315000	111.694000	55
110.512000	111.694000	58
110.907000	111.711000	57
110.907000	111.827000	41
111.201000	111.712000	53
111.519000	111.712000	51
111.713000	111.828000	58
111.828000	112.576000	58
111.830000	112.576000	53
111.831000	114.021000	34
111.831000	114.021000	46
112.012000	112.576000	50
112.202000	112.576000	55
112.562000	113.311000	57
112.754000	113.311000	50
112.944000	113.311000	58
113.308000	114.021000	60
113.479000	114.021000	50
113.662000	114.021000	62
114.012000	114.740000	63
114.015000	114.740000	32
114.015000	114.740000	48
114.183000	114.740000	50
114.355000	114.740000	65
114.739000	116.881000	31
114.740000	116.881000	47
114.749000	116.165000	67
114.914000	115.467000	50
115.096000	115.467000	65
115.451000	116.167000	63
115.628000	116.167000	50
115.804000	116.167000	62
116.165000	116.881000	67
116.167000	116.881000	60
116.335000	116.881000	50
116.518000	116.881000	59
116.864000	117.624000	69
116.875000	117.624000	57
117.046000	117.624000	50
117.217000	117.624000	71
117.227000	117.624000	55
117.507000	119.758000	63
117.620000	118.358000	48
117.626000	119.758000	75
117.798000	118.358000	36
117.983000	118.358000	50
118.342000	119.051000	51
118.516000	119.051000	48
118.698000	119.051000	53
119.048000	119.758000	55
119.222000	119.758000	48
119.399000	120.529000	74
119.401000	119.758000	57
119.744000	120.529000	59
119.892000	120.529000	72
119.989000	120.529000	60
120.035000	120.529000	70
120.186000	120.529000	69
120.241000	120.529000	62
120.343000	120.529000	67
120.525000	121.267000	63
120.528000	123.472000	65
120.529000	121.960000	57
120.529000	123.472000	41
120.889000	121.267000	62
121.263000	121.963000	60
121.427000	121.963000	53
121.611000	121.963000	58
121.960000	122.663000	57
122.131000	122.653000	53
122.307000	122.663000	55
122.653000	123.472000	53
122.807000	123.472000	67
122.839000	123.472000	51
122.950000	123.472000	69
123.024000	123.472000	50
123.108000	123.472000	70
123.234000	123.472000	48
123.276000	123.472000	72
123.468000	124.228000	74
123.471000	124.228000	46
123.472000	124.228000	34
123.643000	124.228000	62
123.822000	124.228000	72
124.194000	124.918000	70
124.207000	125.662000	79
124.382000	124.918000	58
124.571000	124.918000	69
124.917000	125.662000	67
125.102000	126.430000	58
125.289000	125.662000	65
125.296000	125.662000	77
125.656000	125.947000	76
125.657000	126.430000	64
125.862000	126.430000	77
125.947000	126.430000	76
126.030000	126.430000	62
126.037000	126.430000	74
126.219000	126.426000	72
126.237000	126.433000	60
126.426000	127.185000	72
126.429000	127.185000	45
126.600000	127.185000	60
126.777000	127.185000	70
127.155000	127.887000	69
127.164000	128.672000	77
127.394141	127.949141	57
127.521000	127.887000	67
127.886000	128.672000	65
128.067000	129.562000	57
128.257000	128.672000	64
128.260000	128.672000	76
128.658000	129.565000	62
128.659000	128.946000	74
128.659000	129.565000	47
128.662000	129.565000	56
128.894000	129.103000	76
128.946000	129.045000	74
128.994000	129.565000	73
129.045000	129.565000	74
129.089000	129.565000	64
129.103000	129.565000	76
129.299000	129.565000	65
129.309000	129.559000	77
129.559000	130.417000	77
129.560000	131.241000	48
129.562000	131.242000	57
129.562000	131.242000	60
129.775000	130.417000	65
129.999000	130.417000	76
130.416000	131.242000	74
130.611000	131.242000	65
131.019000	131.238000	72
131.238000	132.061000	72
131.239000	132.901000	58
131.239000	132.901000	64
131.241000	132.901000	48
131.438000	132.061000	60
131.645000	132.061000	70
132.061000	132.901000	69
132.260000	132.898000	60
132.684000	132.898000	67
132.898000	133.740000	53
132.898000	134.633000	67
132.898000	135.739000	60
133.104000	133.933000	58
133.307000	133.740000	52
133.720000	134.633000	50
133.934000	135.739000	58
134.154000	134.633000	48
134.631000	135.739000	65
134.633000	135.739000	53
134.879000	135.739000	57
136.622000	139.468000	41
136.622000	139.468000	57
136.625000	137.329000	65
136.793000	137.329000	63
136.958000	137.329000	67
137.378431	138.091431	69
137.503000	138.035000	63
137.688000	138.036000	70
138.024000	138.742000	72
138.203000	138.742000	63
138.378000	138.742000	74
138.747000	139.468000	75
138.907000	139.468000	63
139.085000	139.477000	77
139.365000	142.333000	39
139.467000	140.871000	58
139.478000	140.177000	78
139.638000	140.177000	63
139.814000	140.177000	77
140.167000	140.871000	75
140.338000	140.871000	63
140.503000	140.871000	73
140.864000	144.448000	48
140.867000	141.586000	72
141.035000	141.586000	63
141.231000	141.586000	70
141.584000	142.309000	69
141.752000	142.333000	63
141.992816	142.398816	70
142.309000	143.026000	69
142.320000	143.033000	65
142.323000	144.448000	41
142.598676	143.129676	63
142.687000	143.040000	67
143.026000	143.737000	69
143.205000	143.737000	63
143.376000	143.737000	70
143.740000	144.448000	72
143.912000	144.448000	63
144.080000	144.448000	73
144.448000	145.172000	75
144.608000	145.172000	63
144.777000	145.172000	77
145.071000	146.575000	39
145.168000	146.575000	58
145.182000	145.886000	78
145.343000	145.886000	63
145.521000	145.886000	77
145.869000	146.575000	75
146.044000	146.575000	63
146.390000	146.568000	73
146.568000	147.282000	73
146.569000	148.090000	42
146.743000	147.282000	63
146.926000	147.282000	72
147.280000	147.454000	70
147.363000	148.090000	72
147.454000	148.090000	60
147.454000	148.090000	70
147.633000	148.090000	44
147.812000	148.090000	68
148.021000	148.752000	49
148.032000	148.752000	41
148.032000	150.156000	73
148.206000	148.920000	61
148.385000	148.752000	51
148.746000	151.959000	53
148.921000	149.624000	61
149.095000	149.459000	54
149.456000	150.156000	56
149.624000	150.314000	61
149.806000	150.156000	58
150.138000	150.905000	60
150.314000	150.489000	61
150.489000	151.074000	61
150.919000	152.315000	62
151.074000	151.780000	61
151.255000	152.315000	59
151.602000	152.315000	56
151.780000	152.480000	61
151.959000	152.315000	53
152.304000	156.394000	49
152.480000	153.198000	61
152.658000	153.757000	47
153.020000	153.757000	44
153.198000	153.562000	61
153.380000	153.757000	41
153.562000	154.482000	61
153.747000	156.397000	42
153.925000	154.482000	58
154.107000	154.482000	63
154.465000	155.179000	65
154.643000	155.179000	58
154.884354	155.241354	66
155.168000	155.874000	68
155.343000	155.874000	58
155.518000	155.874000	70
155.865000	156.627000	71
156.036000	156.627000	58
156.214000	156.627000	73
156.394000	156.627000	49
156.397000	159.606000	42
156.625000	159.162000	50
156.634000	159.613000	74
156.799000	157.513000	59
156.978000	159.613000	71
157.339000	158.053000	62
157.339000	159.613000	68
157.513000	158.406000	59
157.693000	159.613000	65
158.053000	159.613000	62
158.227000	158.774000	56
158.406000	159.613000	59
158.774000	159.613000	56
158.965000	159.613000	53
159.162000	159.613000	50
159.372000	159.613000	47
159.603000	160.338000	61
159.606000	162.256000	49
159.606000	162.487000	42
159.789000	160.338000	58
159.964000	160.338000	63
160.387918	161.096918	65
160.502000	161.033000	58
160.743873	161.099873	66
161.031000	161.730000	68
161.198000	161.730000	58
161.374000	161.730000	70
161.723000	162.487000	71
161.895000	162.487000	58
162.071000	162.487000	72
162.256000	162.487000	49
162.484000	165.525000	36
162.486000	165.525000	52
162.493000	165.525000	73
162.662000	163.389000	58
162.843000	165.525000	70
163.209000	163.953000	61
163.209000	165.525000	67
163.389000	164.342000	58
163.582000	165.525000	64
163.953000	165.525000	61
164.145000	165.525000	55
164.342000	165.525000	58
164.737000	165.542000	57
164.738000	165.654000	41
165.027000	165.542000	53
165.349000	165.543000	51
165.658000	166.406000	53
165.662000	166.406000	58
165.662000	167.845000	34
165.662000	167.845000	46
165.843000	166.406000	50
166.080363	166.465363	55
166.385000	167.142000	57
166.585000	167.142000	50
166.764000	167.142000	58
167.197642	167.904642	60
167.316000	167.845000	50
167.492000	167.845000	62
167.828000	168.574000	63
167.842000	168.574000	32
167.842000	168.574000	48
168.013000	168.574000	50
168.188000	168.577000	65
168.573000	170.712000	47
168.574000	170.712000	31
168.580000	169.995000	67
168.745000	169.297000	50
168.927000	169.297000	65
169.281000	169.998000	63
169.459000	169.998000	50
169.634000	169.998000	62
169.995000	170.712000	67
169.998000	170.712000	60
170.166000	170.712000	50
170.349000	170.712000	59
170.705000	171.454000	69
170.708000	171.454000	57
170.876000	171.454000	50
171.058000	171.454000	71
171.062000	171.454000	55
171.345000	173.585000	63
171.447000	172.188000	48
171.454000	173.585000	75
171.629000	172.188000	36
171.800000	172.188000	50
172.174000	172.878000	51
172.346000	172.878000	48
172.525000	172.879000	53
172.881000	173.585000	55
173.053000	173.585000	48
173.229000	174.359000	74
173.233000	173.585000	57
173.575000	174.359000	59
173.722000	174.359000	72
173.820000	174.359000	60
173.865000	174.359000	70
174.016000	174.359000	69
174.069000	174.359000	62
174.174000	174.359000	67
174.356000	177.303000	65
174.357000	175.097000	63
174.357000	175.790000	57
174.359000	177.303000	41
174.537000	175.097000	53
174.720000	175.097000	62
175.087000	175.791000	60
175.258000	175.791000	53
175.440000	175.791000	58
175.790000	176.494000	57
175.962000	176.484000	53
176.138000	176.494000	55
176.484000	177.303000	53
176.631000	177.303000	67
176.669000	177.303000	51
176.780000	177.303000	69
176.854000	177.303000	50
176.935000	177.303000	70
177.058000	177.303000	48
177.103000	177.303000	72
177.300000	178.058000	74
177.302000	178.058000	34
177.303000	178.058000	46
177.470000	178.058000	62
177.653000	178.058000	72
178.024000	178.749000	70
178.027000	179.507000	66
178.212000	178.749000	62
178.401000	178.749000	69
178.765000	179.507000	79
178.989315	179.573315	67
179.102000	179.507000	77
179.476000	180.204000	75
179.477000	180.204000	69
179.723029	180.270029	65
179.854000	180.204000	74
179.855000	180.204000	70
180.202000	180.959000	46
180.202000	180.959000	72
180.450939	181.037939	60
180.547000	180.959000	70
180.925000	181.650000	68
180.929000	182.402000	63
181.190458	181.730458	60
181.300000	181.650000	67
181.660000	182.402000	77
181.890757	182.467757	65
182.000000	182.402000	75
182.377000	183.099000	74
182.378000	183.099000	67
182.559000	183.099000	63
182.752000	183.099000	68
182.752000	183.099000	72
183.096000	183.854000	70
183.099000	184.565000	46
183.273000	183.854000	62
183.452000	183.854000	68
183.827000	184.562000	67
184.012000	184.565000	56
184.201000	184.565000	34
184.201000	184.565000	66
184.562000	185.342000	39
184.562000	185.342000	67
184.744000	185.342000	55
184.926000	185.342000	63
185.315000	186.116000	62
185.317000	186.119000	33
185.317000	187.554000	45
185.499000	186.119000	55
185.692000	186.119000	61
186.116000	186.903000	62
186.118000	187.624000	38
186.371000	186.903000	57
186.630000	186.903000	55
186.889000	187.554000	54
187.289000	187.732000	55
187.289000	187.733000	52
187.291000	187.735000	46
187.624000	188.506000	38
187.736000	188.507000	54
187.740000	188.509000	57
187.740000	188.510000	45
187.740000	188.510000	62
188.807000	188.870000	50
188.808000	188.870000	38
189.055000	189.301000	55
189.058000	190.536000	43
189.059000	190.536000	31
189.140000	189.301000	50
189.216000	189.301000	57
189.290000	189.352000	58
189.556000	189.794000	57
189.626000	189.794000	50
189.707000	189.794000	58
189.784000	189.846000	60
190.049000	190.281000	58
190.126000	190.281000	50
190.200000	190.281000	60
190.277000	190.340000	62
190.539000	190.781000	55
190.620000	190.781000	50
190.696000	190.781000	57
190.770000	190.833000	58
190.774000	190.833000	34
190.774000	190.834000	46
191.029000	191.274000	57
191.032000	191.274000	36
191.032000	191.274000	48
191.107000	191.274000	51
191.183000	191.274000	58
191.257000	191.326000	60
191.523000	191.761000	54
191.527000	191.761000	38
191.527000	191.761000	50
191.600000	191.761000	48
191.674000	191.761000	55
191.751000	191.813000	57
192.013000	192.254000	55
192.014000	192.254000	31
192.014000	192.254000	43
192.086000	192.254000	50
192.163000	192.254000	57
192.242000	192.303000	58
192.500000	192.614000	57
192.678000	192.737000	54
192.738000	192.804000	38
192.738000	192.804000	50
192.985000	193.230000	55
192.986000	194.467000	31
192.989000	194.467000	43
193.063000	193.230000	50
193.140000	193.230000	57
193.214000	193.283000	58
193.480000	193.717000	57
193.557000	193.717000	50
193.638000	193.717000	58
193.707000	193.777000	60
193.980000	194.210000	58
194.057000	194.210000	50
194.131000	194.210000	60
194.208000	194.270000	62
194.470000	194.704000	55
194.544000	194.704000	50
194.621000	194.704000	57
194.695000	194.764000	58
194.697000	194.764000	34
194.698000	194.765000	46
194.960000	195.204000	57
194.961000	195.204000	36
194.963000	195.204000	48
195.038000	195.204000	51
195.114000	195.204000	58
195.188000	195.250000	60
195.450000	195.688000	38
195.450000	195.688000	59
195.451000	195.533000	50
195.533000	195.688000	50
195.605000	195.688000	60
195.682000	195.744000	62
195.943000	196.177000	60
195.944000	196.177000	39
195.944000	196.177000	51
196.017000	196.177000	55
196.094000	196.177000	62
196.171000	196.227000	63
196.413000	196.630000	59
196.483000	196.630000	53
196.552000	196.630000	60
196.627000	196.689000	62
196.629000	196.756000	38
196.630000	196.756000	50
196.881000	197.123000	60
196.885000	197.123000	51
196.886000	197.123000	39
196.958000	197.123000	55
197.032000	197.123000	62
197.109000	197.171000	63
197.372000	197.609000	48
197.372000	197.609000	63
197.373000	197.609000	36
197.445000	197.609000	55
197.523000	197.609000	65
197.599000	197.665000	67
197.858000	198.107000	66
197.859000	198.107000	38
197.861000	198.107000	50
197.939000	198.107000	54
198.016000	198.107000	67
198.086000	198.152000	69
198.352000	198.415000	62
198.614000	198.677000	50
198.614000	198.677000	62
198.866000	199.117000	67
198.867000	199.367000	46
198.873000	199.370000	55
198.874000	199.867000	43
198.944000	199.117000	62
199.020000	199.117000	69
199.101000	199.163000	70
199.370000	199.622000	69
199.373000	199.868000	57
199.374000	199.870000	50
199.444000	199.622000	62
199.521000	199.622000	70
199.601000	199.661000	72
199.870000	200.126000	70
199.871000	200.368000	55
199.871000	200.368000	58
199.944000	200.126000	62
200.025000	200.126000	72
200.098000	200.168000	74
200.368000	200.602000	67
200.442000	200.602000	62
200.518000	200.602000	69
200.592000	200.658000	70
200.595000	200.658000	55
200.596000	200.659000	46
200.854000	201.088000	69
200.855000	201.348000	48
200.857000	201.348000	55
200.857000	201.348000	57
200.935000	201.088000	63
201.012000	201.088000	70
201.086000	201.148000	72
201.349000	201.589000	66
201.351000	201.841000	54
201.351000	201.841000	62
201.352000	201.842000	50
201.429000	201.589000	60
201.502000	201.589000	67
201.579000	201.642000	69
201.842000	202.082000	67
201.844000	202.317000	46
201.844000	202.317000	55
201.845000	202.317000	50
201.915000	202.082000	62
201.999000	202.082000	69
202.073000	202.135000	70
202.318000	202.432000	69
202.485000	202.541000	66
202.545000	202.608000	50
202.545000	202.608000	62
202.796000	203.041000	67
202.797000	203.797000	43
202.800000	203.297000	46
202.800000	203.297000	55
202.874000	203.041000	62
202.957000	203.041000	69
203.028000	203.094000	70
203.297000	203.535000	69
203.301000	203.797000	57
203.301000	203.798000	50
203.375000	203.535000	62
203.455000	203.535000	70
203.528000	203.597000	72
203.798000	204.035000	70
203.801000	204.319000	55
203.801000	204.320000	58
203.875000	204.035000	62
203.952000	204.035000	72
204.029000	204.105000	74
204.320000	204.542000	75
204.390000	204.542000	67
204.466000	204.542000	77
204.533000	204.595000	79
204.535000	204.595000	51
204.535000	204.599000	39
204.795000	205.050000	41
204.795000	205.050000	53
204.795000	205.050000	69
204.876000	205.050000	60
204.952000	205.050000	70
205.034000	205.103000	72
205.309000	205.536000	74
205.310000	205.536000	34
205.313000	205.536000	46
205.387000	205.536000	65
205.456000	205.536000	75
205.533000	205.595000	77
205.792000	206.036000	51
205.792000	206.036000	67
205.793000	206.036000	39
205.869000	206.036000	58
205.945000	206.036000	69
206.027000	206.082000	70
206.267000	206.502000	72
206.345000	206.502000	63
206.414000	206.502000	74
206.492000	206.555000	75
206.492000	206.744000	33
206.493000	206.744000	45
206.747000	206.992000	66
206.747000	207.237000	50
206.748000	207.238000	38
206.821000	206.992000	57
206.897000	206.992000	67
206.975000	207.037000	69
207.238000	207.475000	72
207.315000	207.475000	63
207.387000	207.475000	74
207.465000	207.534000	75
207.466000	207.724000	44
207.468000	207.727000	32
207.727000	207.975000	66
207.731000	208.220000	50
207.731000	208.221000	38
207.808000	207.975000	57
207.882000	207.975000	67
207.959000	208.021000	69
208.221000	208.459000	72
208.295000	208.459000	63
208.375000	208.459000	74
208.448000	208.515000	75
208.448000	208.711000	33
208.449000	208.711000	45
208.712000	208.955000	66
208.714000	210.208000	38
208.715000	209.705000	50
208.788000	208.955000	57
208.865000	208.955000	67
208.945000	209.008000	69
209.200000	209.455000	60
209.282000	209.455000	57
209.362000	209.455000	62
209.446000	209.508000	63
209.705000	209.963000	54
209.785000	209.963000	50
209.869000	209.963000	55
209.949000	210.013000	57
210.209000	210.278000	50
210.471000	210.534000	50
210.472000	210.537000	38
210.727000	210.965000	55
210.727000	212.203000	31
210.730000	212.207000	43
210.801000	210.965000	50
210.878000	210.965000	57
210.954000	211.017000	58
211.220000	211.458000	57
211.297000	211.458000	50
211.371000	211.458000	58
211.448000	211.510000	60
211.714000	211.945000	58
211.791000	211.945000	50
211.865000	211.945000	60
211.941000	212.008000	62
212.207000	212.445000	55
212.281000	212.445000	50
212.358000	212.445000	57
212.435000	212.497000	58
212.435000	212.498000	46
212.438000	212.498000	34
212.700000	212.942000	57
212.701000	213.187000	36
212.701000	213.187000	48
212.775000	212.942000	51
212.845000	212.942000	58
212.925000	212.988000	60
213.188000	213.425000	59
213.190000	213.674000	50
213.191000	213.677000	38
213.264000	213.425000	53
213.341000	213.425000	60
213.415000	213.477000	62
213.677000	213.919000	60
213.678000	214.146000	39
213.681000	213.754000	51
213.754000	214.146000	51
213.824000	213.919000	62
213.901000	213.964000	63
214.147000	214.384000	59
214.223000	214.384000	53
214.297000	214.384000	60
214.371000	214.433000	62
214.374000	214.503000	38
214.374000	214.506000	50
214.633000	214.976000	60
214.633000	215.105000	48
214.634000	215.105000	36
214.710000	215.105000	55
214.786000	215.102000	62
214.860000	215.105000	63
214.976000	215.105000	60
215.102000	215.336000	62
215.102000	215.602000	38
215.102000	215.602000	50
215.175000	215.336000	55
215.249000	215.336000	63
215.322000	215.392000	65
215.606000	215.851000	64
215.606000	216.380000	49
215.607000	216.380000	37
215.679000	215.851000	55
215.760000	215.851000	66
215.840000	215.980000	67
216.120000	216.382000	67
216.204000	216.382000	58
216.288000	216.382000	69
216.379000	216.449000	70
216.380000	216.694000	37
216.380000	216.695000	49
216.697000	217.244000	62
216.698000	217.247000	38
216.698000	217.247000	74
216.699000	217.247000	50
217.251000	217.797000	57
217.251000	217.797000	62
217.252000	217.798000	66
217.254000	217.800000	38
217.254000	217.800000	50
217.801000	218.041000	64
217.804000	218.562000	37
217.804000	218.563000	49
217.870000	218.041000	55
217.955000	218.041000	66
218.031000	218.168000	67
218.307000	218.571000	67
218.396000	218.571000	58
218.476000	218.571000	69
218.560000	218.643000	70
218.562000	218.899000	37
218.563000	218.900000	49
218.902000	219.481000	74
218.903000	219.484000	70
218.903000	219.484000	79
218.907000	219.484000	38
218.907000	219.484000	50
219.480000	219.868000	66
219.481000	219.868000	69
219.481000	219.868000	74
219.484000	220.239000	50
219.484000	220.243000	38
219.861000	220.244000	65
220.244000	220.377000	80
220.245000	220.659000	43
220.246000	220.659000	31
220.307000	220.443000	68
220.377000	220.443000	80
220.439000	220.547000	77
220.439000	220.551000	56
220.660000	220.867000	77
220.663000	220.867000	69
220.731000	220.867000	56
220.731000	220.867000	65
220.794000	220.867000	75
220.796000	220.867000	58
220.866000	220.971000	74
220.867000	220.974000	59
221.076000	221.283000	65
221.076000	221.283000	74
221.150000	221.283000	53
221.150000	221.283000	62
221.219000	221.283000	72
221.220000	221.283000	55
221.282000	221.388000	71
221.283000	221.391000	56
221.500000	221.707000	71
221.504000	221.707000	62
221.574000	221.707000	50
221.574000	221.707000	59
221.637000	221.707000	68
221.638000	221.707000	51
221.704000	221.812000	67
221.706000	221.815000	53
221.919000	222.134000	67
221.920000	222.134000	51
221.920000	222.134000	63
221.991000	222.134000	60
222.056000	222.134000	71
222.126000	222.241000	72
222.354000	223.303000	72
222.354000	223.586000	31
222.357000	223.450000	43
222.424000	223.586000	63
222.494000	223.586000	74
222.564000	222.787000	75
222.787000	223.586000	75
222.861000	223.586000	67
222.931000	223.586000	77
223.002000	223.233000	79
223.002000	223.586000	36
223.005000	223.586000	48
223.233000	223.586000	51
223.233000	223.586000	79
223.235000	223.586000	39
223.303000	223.586000	72
223.369000	223.586000	83
223.450000	223.586000	43
223.450000	223.586000	84
223.451000	223.586000	55
223.705000	223.915000	87
223.705000	224.131000	45
223.708000	224.132000	43
223.708000	224.132000	57
223.775000	223.915000	75
223.845000	223.915000	86
223.909000	224.020000	84
223.911000	224.020000	66
224.132000	224.338000	84
224.135000	224.338000	78
224.202000	224.338000	66
224.202000	224.338000	72
224.272000	224.338000	67
224.272000	224.338000	82
224.335000	224.443000	81
224.338000	224.444000	69
224.555000	224.762000	81
224.556000	224.762000	75
224.626000	224.762000	67
224.629000	224.762000	63
224.695000	224.762000	65
224.695000	224.762000	79
224.759000	224.866000	78
224.761000	224.867000	66
224.975000	225.186000	78
224.979000	225.186000	69
225.053000	225.186000	60
225.053000	225.186000	66
225.119000	225.186000	75
225.120000	225.186000	61
225.182000	225.301000	74
225.185000	225.304000	62
225.426000	225.633000	82
225.427000	225.854000	43
225.427000	225.854000	55
225.496000	225.633000	70
225.567000	225.633000	81
225.630000	225.734000	79
225.631000	225.739000	63
225.857000	226.061000	79
225.858000	226.057000	75
225.927000	226.061000	67
225.928000	226.061000	63
225.990000	226.061000	65
225.990000	226.061000	77
226.057000	226.168000	75
226.061000	226.169000	67
226.281000	226.490000	82
226.281000	226.707000	55
226.348000	226.490000	70
226.418000	226.490000	81
226.488000	226.596000	63
226.488000	226.596000	79
226.708000	226.914000	79
226.711000	226.912000	75
226.778000	226.914000	67
226.781000	226.914000	63
226.849000	226.914000	77
226.851000	226.914000	65
226.912000	227.019000	75
226.914000	227.023000	67
227.124000	227.335000	82
227.125000	227.548000	55
227.194000	227.335000	70
227.261000	227.335000	81
227.331000	227.439000	79
227.331000	227.440000	63
227.548000	227.757000	79
227.551000	227.755000	75
227.614000	227.757000	67
227.618000	227.757000	63
227.685000	227.757000	77
227.687000	227.757000	65
227.755000	227.856000	75
227.757000	227.857000	67
227.968000	228.172000	72
227.968000	228.175000	75
228.038000	228.174000	63
228.041000	228.175000	60
228.101000	228.175000	74
228.104000	228.175000	62
228.172000	228.278000	72
228.174000	228.282000	63
228.384000	228.592000	72
228.385000	228.592000	66
228.455000	228.592000	60
228.521000	228.592000	70
228.591000	228.699000	69
228.592000	228.801000	50
228.804000	229.010000	70
228.805000	229.010000	43
228.874000	229.010000	58
228.938000	229.010000	69
229.008000	229.116000	67
229.009000	229.221000	51
229.221000	229.431000	67
229.222000	229.427000	63
229.291000	229.428000	55
229.295000	229.431000	51
229.361000	229.431000	65
229.365000	229.431000	53
229.427000	229.536000	63
229.428000	229.536000	55
229.644000	229.852000	70
229.645000	229.852000	43
229.710000	229.852000	58
229.781000	229.852000	69
229.851000	229.952000	67
229.852000	230.060000	51
230.064000	230.271000	67
230.065000	230.268000	63
230.128000	230.270000	55
230.131000	230.271000	51
230.198000	230.271000	53
230.198000	230.271000	65
230.268000	230.368000	63
230.270000	230.373000	55
230.481000	230.683000	43
230.481000	230.683000	70
230.544000	230.683000	58
230.614000	230.683000	69
230.681000	230.789000	67
230.681000	230.898000	51
230.898000	231.100000	67
230.901000	231.098000	63
230.964000	231.100000	55
230.965000	231.100000	51
231.027000	231.100000	65
231.030000	231.100000	53
231.098000	231.201000	63
231.100000	231.202000	55
231.310000	231.518000	63
231.311000	231.517000	60
231.381000	231.518000	51
231.385000	231.518000	48
231.447000	231.518000	62
231.448000	231.518000	50
231.517000	231.618000	60
231.518000	231.619000	51
231.727000	231.933000	60
231.730000	231.933000	54
231.793000	231.933000	48
231.864000	231.933000	58
231.927000	232.035000	57
231.930000	232.147000	38
232.147000	232.350000	31
232.147000	232.350000	58
232.210000	232.350000	46
232.280000	232.350000	57
232.347000	232.448000	55
232.347000	232.552000	38
232.553000	232.756000	54
232.553000	232.756000	60
232.616000	232.756000	48
232.687000	232.756000	58
232.752000	232.853000	57
232.756000	232.958000	38
232.959000	233.162000	58
232.962000	233.162000	31
233.022000	233.162000	46
233.092000	233.162000	57
233.159000	233.252000	55
233.162000	233.361000	38
233.361000	233.561000	60
233.362000	233.561000	54
233.424000	233.561000	48
233.491000	233.561000	58
233.560000	233.655000	57
233.561000	233.760000	38
233.760000	233.960000	62
233.761000	234.940000	31
233.764000	234.941000	43
233.826000	233.960000	46
233.890000	233.960000	60
233.954000	234.058000	58
234.155000	234.349000	67
234.219000	234.349000	55
234.283000	234.349000	63
234.348000	234.447000	62
234.544000	234.747000	70
234.615000	234.747000	58
234.675000	234.747000	69
234.737000	234.842000	67
234.941000	235.135000	74
235.003000	235.135000	62
235.066000	235.135000	70
235.126000	235.226000	69
235.127000	235.328000	38
235.128000	235.328000	50
235.329000	235.524000	79
235.332000	236.486000	31
235.332000	236.491000	43
235.395000	235.524000	67
235.458000	235.524000	75
235.514000	235.619000	74
235.717000	235.913000	82
235.780000	235.913000	70
235.847000	235.913000	81
235.903000	236.000000	79
236.102000	236.301000	86
236.165000	236.301000	74
236.229000	236.301000	84
236.295000	236.389000	82
236.491000	236.686000	91
236.554000	236.686000	79
236.617000	236.686000	87
236.676000	236.908000	86
236.677000	236.908000	38
236.679000	236.908000	50
236.903000	239.670000	94
236.904000	237.473000	82
236.907000	239.670000	31
236.908000	239.670000	43
237.316000	237.807000	79
237.316000	239.670000	91
237.473000	237.971000	82
237.639000	238.132000	74
237.642000	239.670000	86
237.807000	238.297000	79
237.971000	238.458000	70
237.971000	239.670000	82
238.132000	238.623000	74
238.296000	238.787000	67
238.297000	239.670000	79
238.458000	238.954000	70
238.623000	239.112000	62
238.623000	239.670000	74
238.787000	239.283000	67
238.952000	239.445000	58
238.954000	239.670000	70
239.112000	239.670000	62
239.281000	242.412000	55
239.283000	239.670000	67
239.445000	239.670000	58
239.665000	240.712000	60
239.669000	240.880000	48
239.669000	241.047000	63
239.669000	242.412000	68
240.032000	242.412000	56
240.197000	242.412000	54
240.372000	241.713000	69
240.372000	242.412000	57
240.536000	242.412000	51
240.712000	242.412000	60
240.880000	242.412000	48
241.047000	242.412000	63
241.215000	242.412000	45
241.376000	242.412000	66
241.544000	242.412000	42
241.713000	242.412000	69
241.877000	242.412000	39
242.037000	242.412000	72
242.206000	242.412000	36
242.406000	242.745000	62
242.406000	242.748000	67
242.409000	242.748000	70
242.410000	242.749000	31
242.410000	242.752000	43
242.753000	243.077000	67
242.755000	243.078000	79
242.910000	243.235000	70
243.081000	243.403000	62
243.082000	243.404000	74
243.235000	243.567000	67
243.406000	243.728000	58
243.407000	243.729000	70
243.568000	243.889000	62
243.729000	244.057000	55
243.732000	244.061000	67
243.890000	244.222000	58
244.061000	244.383000	50
244.062000	244.386000	62
244.222000	244.557000	55
244.386000	244.736000	46
244.387000	244.740000	58
244.558000	244.928000	50
244.741000	245.150000	55
244.741000	248.034000	43
244.932000	245.150000	46
245.153000	246.220000	48
245.153000	246.567000	51
245.154000	248.034000	56
245.157000	246.393000	36
245.524000	248.034000	44
245.695000	248.034000	42
245.874000	247.278000	57
245.874000	248.034000	45
246.045000	248.034000	39
246.220000	248.034000	48
246.393000	246.570000	36
246.567000	248.034000	51
246.570000	248.034000	36
246.738000	248.034000	33
246.920000	248.034000	54
247.096000	248.034000	30
247.278000	248.034000	57
247.449000	248.034000	27
247.627000	248.034000	60
247.806000	248.034000	24
248.030000	248.772000	50
248.031000	249.164000	55
248.033000	248.964000	58
248.033000	251.079000	31
248.405000	250.186000	46
248.583000	249.976000	62
248.772000	249.766000	50
248.964000	249.563000	58
249.164000	249.364000	55
249.364000	254.429000	55
249.563000	254.429000	58
249.766000	254.429000	50
249.976000	254.429000	62
250.186000	254.429000	46
250.403000	254.429000	67
250.620000	254.429000	43
250.848000	254.429000	70
251.079000	254.429000	31
251.379000	254.429000	79
