OnsetTime	OffsetTime	MidiPitch
0.521985	1.590980	61
0.588987	1.589990	64
0.654982	1.590980	69
0.657987	1.590980	45
0.658979	1.590980	57
1.589990	2.071980	40
1.589990	2.071980	64
1.590980	2.071980	52
2.064980	2.548990	73
2.065990	2.548990	49
2.065990	2.548990	61
2.310990	2.548990	74
2.422980	2.548990	71
2.541980	2.789970	45
2.541980	2.789970	69
2.542980	2.789970	57
3.500970	3.993960	73
3.737970	3.993960	74
3.860960	3.993960	71
3.983970	4.851940	69
4.469960	4.851940	85
4.473970	4.851940	57
4.473970	4.851940	66
4.952940	5.425950	75
4.953950	5.428960	59
4.953950	5.428960	69
5.432950	6.373950	64
5.432950	6.373950	76
5.433940	6.373950	68
6.135950	6.373950	77
6.373950	6.604960	80
6.607950	6.838950	78
6.839950	7.070940	76
7.070940	7.307940	74
7.308940	7.535940	73
7.536930	7.777940	71
7.780950	8.259940	52
7.780950	8.259940	69
8.018950	8.259940	68
8.019940	8.259940	62
8.257940	8.715940	59
8.257940	8.725930	76
8.480940	8.725930	74
8.484930	8.725930	62
8.715940	9.194930	59
8.952920	9.194930	62
9.184920	9.664920	52
9.184920	9.664920	71
9.424910	9.664920	69
9.425920	9.664920	61
9.663910	10.119900	57
9.663910	10.125900	78
9.888910	10.125900	76
9.889910	10.125900	61
10.349900	10.594900	61
10.587900	11.049900	76
10.590900	11.049900	50
10.822900	11.049900	74
10.825900	11.049900	59
11.046900	11.515900	79
11.049900	11.514900	54
11.280900	11.515900	78
11.281900	11.515900	59
11.514900	11.984900	54
11.743900	11.984900	59
11.980900	12.484900	66
11.984900	12.484900	50
12.453900	12.676900	76
12.679900	12.904900	74
12.904900	13.135900	73
13.136900	13.373900	71
13.374900	13.849900	69
13.377900	13.853900	52
13.377900	13.853900	62
13.608900	13.853900	68
13.849900	14.332900	57
13.849900	14.332900	69
13.850900	14.332900	61
14.615900	14.675900	71
14.676900	14.731900	76
14.732900	14.794900	80
14.797900	16.198900	83
14.798900	15.735900	52
15.029900	15.501900	56
15.260900	15.735900	59
15.501900	15.735900	56
15.733900	15.963900	54
15.964900	16.201900	52
16.205900	16.670900	51
16.205900	16.670900	83
16.317900	16.670900	81
16.436900	16.670900	80
16.437900	16.670900	52
16.544900	16.660900	78
16.660900	17.136900	78
16.663900	17.136900	54
16.775900	17.136900	76
16.894900	17.136900	47
16.894900	17.136900	75
17.009900	17.136900	73
17.125900	17.650900	71
17.129900	17.650900	49
17.241900	17.479900	69
17.357900	17.595900	68
17.359900	17.650900	51
17.479900	17.650900	69
17.595900	17.709900	68
17.597900	18.070900	52
17.710900	18.070900	71
17.829900	18.070900	56
17.829900	18.070900	76
17.941900	18.070900	80
18.061900	18.976900	83
18.063900	18.287900	59
18.288900	18.518900	56
18.518900	18.742900	54
18.746900	18.977900	52
18.977900	19.443900	83
18.980900	19.443900	51
19.092900	19.443900	81
19.208900	19.443900	80
19.212900	19.443900	52
19.324900	19.442900	78
19.442900	19.907900	54
19.442900	19.907900	78
19.558900	19.907900	76
19.670900	19.907900	75
19.671900	19.907900	47
19.785900	19.907900	73
19.901900	20.426900	71
19.902900	20.426900	49
20.017900	20.255900	69
20.132900	20.378900	68
20.135900	20.426900	51
20.255900	20.426900	69
20.378900	20.492900	68
20.378900	20.845900	52
20.493900	20.845900	71
20.608900	20.829900	69
20.720900	20.845900	68
20.829900	21.297900	69
20.950900	21.297900	71
21.059900	21.297900	73
21.175900	21.297900	75
21.287900	21.755900	76
21.406900	21.755900	78
21.518900	21.755900	80
21.637900	21.755900	81
21.752900	22.210900	83
21.861900	22.210900	85
21.980900	22.197900	87
22.088900	22.210900	88
22.197900	22.309900	87
22.309900	22.652900	85
22.425900	22.652900	83
22.533900	22.652900	81
22.645900	23.104900	80
22.757900	23.104900	78
22.866900	23.104900	76
22.981900	23.104900	75
23.099900	23.331900	73
23.100900	23.562900	57
23.100900	23.562900	66
23.446900	23.563900	85
23.565900	24.073900	76
23.565900	24.613900	59
23.566900	24.073900	68
23.992900	24.073900	80
24.070900	24.613900	75
24.071900	24.613900	78
24.072900	24.613900	69
24.612900	25.143900	76
24.612900	25.147900	64
24.613900	25.150900	68
25.112900	25.651900	52
26.229900	27.294900	61
26.292900	27.293900	64
26.361900	27.294900	69
26.362900	27.294900	45
26.362900	27.294900	57
27.293900	27.776900	40
27.293900	27.776900	52
27.293900	27.776900	64
27.769900	28.252900	73
27.770900	28.252900	49
27.770900	28.252900	61
28.018900	28.252900	74
28.130900	28.252900	71
28.249900	28.497900	69
28.251900	28.497900	45
28.252900	28.497900	57
29.203900	29.697900	73
29.445900	29.697900	74
29.565900	29.697900	71
29.687900	30.559900	69
30.180900	30.559900	85
30.181900	30.559900	57
30.184900	30.559900	66
30.656900	31.132900	75
30.657900	31.132900	59
30.657900	31.133900	69
31.136900	32.077900	64
31.136900	32.077900	76
31.137900	32.077900	68
31.840900	32.077900	77
32.077900	32.301900	80
32.305900	32.542900	78
32.543900	32.774900	76
32.777900	33.012900	74
33.012900	33.246900	73
33.247900	33.494900	71
33.495900	33.968900	69
33.498900	33.968900	52
33.729900	33.968900	68
33.730900	33.968900	62
33.967900	34.426900	59
33.967900	34.430900	76
34.192900	34.430900	74
34.194900	34.430900	62
34.426900	34.905900	59
34.660900	34.905900	62
34.895900	35.374900	71
34.896900	35.374900	52
35.133900	35.374900	69
35.136900	35.374900	61
35.371900	35.832800	78
35.374900	35.830800	57
35.596900	35.832800	76
35.598900	35.832800	61
35.924245	36.396245	57
36.061900	36.302800	61
36.298800	36.767800	76
36.302800	36.767800	50
36.533800	36.767800	74
36.534800	36.767800	59
36.757800	37.226800	79
36.761800	37.223800	54
36.991800	37.226800	78
36.992800	37.226800	59
37.223800	37.698800	54
37.461800	37.698800	59
37.692800	38.202800	50
37.692800	38.202800	66
38.164800	38.387800	76
38.388800	38.619800	74
38.619800	38.846800	73
38.846800	39.084800	71
39.085800	39.553800	69
39.087800	39.560800	52
39.088800	39.560800	62
39.319800	39.560800	68
39.553800	40.043800	57
39.553800	40.043800	69
39.554800	40.043800	61
40.326800	40.386800	71
40.387800	40.442800	76
40.442800	40.505800	80
40.509800	41.908800	83
40.510800	41.447800	52
40.741800	41.209800	56
40.978800	41.447800	59
41.209800	41.447800	56
41.443800	41.677800	54
41.678800	41.913800	52
41.915800	42.381700	83
41.916800	42.381700	51
42.029800	42.381700	81
42.147800	42.381700	52
42.147800	42.381700	80
42.256800	42.372800	78
42.372800	42.844700	78
42.374800	42.844700	54
42.486800	42.844700	76
42.605800	42.844700	75
42.606800	42.844700	47
42.721700	42.844700	73
42.837700	43.361800	71
42.838800	43.361800	49
42.952700	43.190800	69
43.068800	43.306800	68
43.071800	43.361800	51
43.190800	43.361800	69
43.306800	43.421800	68
43.308800	43.779800	52
43.421800	43.779800	71
43.540800	43.779800	56
43.540800	43.779800	76
43.653800	43.779800	80
43.775800	44.688800	83
43.778800	44.002800	59
44.003800	44.225800	56
44.226800	44.454800	54
44.454800	44.689800	52
44.689800	45.157800	51
44.689800	45.157800	83
44.804800	45.157800	81
44.919800	45.157800	80
44.923800	45.157800	52
45.034800	45.154800	78
45.154800	45.619800	54
45.154800	45.619800	78
45.269800	45.619800	76
45.385800	45.619800	75
45.388800	45.619800	47
45.493800	45.619800	73
45.612800	46.137800	71
45.613800	46.137800	49
45.724800	45.963800	69
45.847800	46.088800	68
45.850800	46.137800	51
45.963800	46.137800	69
46.088800	46.199800	68
46.088800	46.553800	52
46.200800	46.553800	71
46.319800	46.542800	69
46.435800	46.553800	68
46.542800	47.008800	69
46.662800	47.008800	71
46.778800	47.008800	73
46.887800	47.008800	75
47.005800	47.473800	76
47.121800	47.473800	78
47.237800	47.473800	80
47.351800	47.473800	81
47.460800	47.922800	83
47.579800	47.922800	85
47.688800	47.916800	87
47.803800	47.922800	88
47.916800	48.024800	87
48.027800	48.367700	85
48.136800	48.367700	83
48.245800	48.367700	81
48.356700	48.818700	80
48.465700	48.818700	78
48.580800	48.818700	76
48.699700	48.818700	75
48.810800	49.046700	73
48.811700	49.273700	57
48.811700	49.273700	66
49.157700	49.274700	85
49.276700	49.787700	76
49.276700	50.324700	59
49.277700	49.787700	68
49.707700	49.787700	80
49.777700	50.324700	75
49.780700	50.324700	78
49.781700	50.324700	69
50.320700	50.855700	76
50.323700	50.858700	64
50.323700	50.859700	68
50.827700	51.365700	52
51.873700	52.359700	64
51.943700	52.359700	76
52.357700	52.836700	66
52.419700	52.836700	78
52.832700	53.375700	67
52.896700	53.375700	79
53.372700	53.858700	54
53.372700	53.858700	71
53.610700	53.858700	61
53.849700	54.323700	70
53.951782	54.423782	66
54.079700	54.323700	64
54.407982	54.890982	62
54.551700	54.796700	61
54.670700	54.796700	70
54.793700	55.268700	73
54.796700	55.268700	54
55.024700	55.268700	62
55.264700	55.730700	71
55.265700	55.730700	66
55.496700	55.730700	62
55.724700	56.206700	61
55.959700	56.206700	59
56.077700	56.206700	71
56.200700	56.675700	74
56.201700	56.675700	54
56.423700	56.675700	58
56.665700	57.138700	73
56.666700	57.138700	64
56.896700	57.138700	61
57.134700	57.600700	59
57.365700	57.600700	58
57.480700	57.600700	73
57.597700	58.079700	76
57.600700	58.079700	59
57.831700	58.079700	74
58.069700	58.537700	77
58.293700	58.537700	76
58.531700	59.004700	79
58.765700	59.004700	77
59.003700	59.482700	69
59.004700	59.482700	52
59.234700	59.482700	59
59.472700	59.941700	68
59.476700	59.941700	64
59.707700	59.941700	62
59.938700	60.424700	60
60.176700	60.424700	59
60.291700	60.424700	68
60.415700	60.893700	71
60.417700	60.893700	52
60.652700	60.893700	60
60.890700	61.359700	69
60.891700	61.359700	64
61.114700	61.359700	60
61.348700	61.828700	59
61.586700	61.828700	57
61.702700	61.828700	69
61.825700	62.297700	72
61.827700	62.297700	52
62.058700	62.297700	56
62.291600	62.769700	62
62.291600	62.769700	71
62.525600	62.769700	59
62.766700	63.238700	57
62.997700	63.238700	56
63.115700	63.238700	71
63.235700	63.711700	74
63.238700	64.173600	57
63.466700	63.711700	72
63.704700	64.173600	71
63.938700	64.173600	69
64.170700	64.400700	81
64.170700	64.637700	43
64.172700	64.638700	55
64.400700	64.582700	81
64.638700	65.583600	83
64.642700	65.583600	41
64.642700	65.583600	53
64.877700	65.583600	81
65.110700	65.583600	79
65.348700	65.583600	77
65.583600	65.810700	76
65.810700	66.059700	75
66.062600	67.007600	84
66.063700	66.532600	57
66.063700	67.495600	54
66.297700	67.007600	56
66.532600	67.007600	57
66.762600	67.007600	60
67.005600	67.495600	59
67.005600	67.495600	75
67.246600	67.495600	57
67.491600	68.191600	76
67.494600	67.959600	52
67.494600	67.960600	56
68.191600	68.313600	78
68.314600	68.436600	76
68.436600	68.554700	76
68.558600	68.673600	74
68.674700	68.793700	73
68.796700	68.929700	71
68.930700	69.996600	61
68.993600	69.993600	64
69.062600	69.996600	69
69.063700	69.996600	45
69.066600	69.996600	57
69.993600	70.473700	64
69.994700	70.473700	40
69.996600	70.473700	52
70.469600	70.952700	73
70.470600	70.952700	49
70.473700	70.952700	61
70.711700	70.952700	74
70.826700	70.952700	71
70.945700	71.197600	69
70.946700	71.197600	45
70.948700	71.197600	57
71.904700	72.394700	73
72.146700	72.394700	74
72.268700	72.394700	71
72.384700	73.258700	69
72.878700	73.258700	57
72.878700	73.258700	85
72.880700	73.258700	66
73.357700	73.832700	75
73.360700	73.836600	59
73.360700	73.837700	69
73.837700	74.782700	64
73.837700	74.782700	76
73.839700	74.782700	68
74.544700	74.782700	77
74.781700	75.005700	80
75.005700	75.243700	78
75.244600	75.470700	76
75.471700	75.708600	74
75.709700	75.940600	73
75.940600	76.184600	71
76.184600	76.660600	69
76.185600	76.660600	52
76.423700	76.660600	68
76.426700	76.660600	62
76.656600	77.119600	76
76.657700	77.116600	59
76.885700	77.119600	62
76.885700	77.119600	74
77.116600	77.595600	59
77.354600	77.595600	62
77.585600	78.058600	71
77.586600	78.058600	52
77.824600	78.058600	69
77.826600	78.058600	61
78.054600	78.523600	78
78.057600	78.516600	57
78.282600	78.523600	76
78.285600	78.523600	61
78.601578	79.073578	57
78.744600	78.988600	61
78.982600	79.464600	71
78.985600	79.464600	52
79.219600	79.464600	61
79.219600	79.464600	69
79.462600	79.927600	57
79.462600	79.927600	81
79.695600	79.927600	79
79.696600	79.927600	61
79.927600	80.396600	57
80.161600	80.399600	61
80.395600	80.626600	79
80.396600	80.857600	50
80.396600	80.857600	57
80.399600	80.861600	62
80.627600	80.861600	78
80.861600	81.095600	76
81.095600	81.333600	74
81.334600	81.571600	73
81.572600	81.816600	71
81.816600	81.938600	76
81.817600	82.170600	49
81.939600	81.994600	78
81.995600	82.054600	76
82.054600	82.110600	74
82.114600	82.170600	76
82.170600	82.309600	78
82.173600	82.310600	50
82.310600	82.796600	69
82.313600	83.275600	52
82.314600	82.796600	61
82.800600	83.279600	68
82.800600	83.280600	59
83.161600	83.220600	69
83.220600	83.282600	73
83.282600	83.746600	76
83.283600	84.217600	57
83.511600	83.977600	61
83.746600	84.217600	64
83.746600	84.676500	76
83.977600	84.217600	61
84.213600	84.445600	59
84.445600	84.679600	57
84.680500	85.145500	56
84.680500	85.145500	76
84.795600	85.145500	74
84.911600	85.145500	73
84.913600	85.145500	57
85.026600	85.142600	71
85.142600	85.610500	71
85.145500	85.610500	59
85.254600	85.610500	69
85.370600	85.610500	68
85.372600	85.610500	52
85.485500	85.610500	66
85.601500	86.128600	64
85.603500	86.128600	54
85.719600	85.953500	62
85.834500	86.073600	61
85.837500	86.128600	56
85.953500	86.128600	62
86.073600	86.184600	61
86.075500	86.544600	57
86.187600	86.538600	64
86.311600	86.544600	61
86.311600	86.544600	69
86.425600	86.544600	73
86.538600	86.768600	64
86.538600	87.220600	76
86.769600	86.993500	61
86.993500	87.221600	59
87.221600	87.451600	88
87.224600	87.452500	57
87.452500	87.924500	88
87.454500	87.924500	56
87.567600	87.924500	86
87.686600	87.924500	85
87.689600	87.924500	57
87.802500	87.920500	83
87.920500	88.385600	59
87.920500	88.385600	83
88.035600	88.385600	81
88.151600	88.385600	80
88.152600	88.385600	52
88.267600	88.385600	78
88.376600	88.904600	76
88.379600	88.904600	54
88.499600	88.729500	74
88.614600	88.852500	73
88.617600	88.904600	56
88.729500	88.904600	74
88.852500	88.967500	73
88.855600	89.314600	57
88.967500	89.321500	76
89.085600	89.310600	74
89.201600	89.321500	73
89.310600	89.776600	74
89.313600	89.772600	54
89.314600	89.775600	57
89.426600	89.776600	76
89.542500	89.776600	78
89.653600	89.776600	80
89.772600	90.241600	50
89.772600	90.241600	54
89.772600	90.241600	81
89.775600	90.234600	57
89.884600	90.241600	83
90.003600	90.241600	85
90.119600	90.241600	86
90.230600	90.686500	88
90.234600	90.686500	49
90.234600	90.686500	52
90.234600	90.686500	57
90.345500	90.686500	86
90.455500	90.686500	85
90.563500	90.686500	83
90.685500	90.790500	81
90.791500	91.130500	80
90.902600	91.130500	78
91.011500	91.130500	76
91.124500	91.606500	74
91.231500	91.606500	73
91.347500	91.606500	71
91.460600	91.606500	69
91.599500	91.721500	80
91.603500	92.103600	50
91.603500	92.103600	59
91.662600	91.785500	78
91.721500	91.969500	80
91.785500	91.907500	78
91.840600	92.103600	76
91.907500	92.103600	78
91.969500	92.103600	80
92.033600	92.103600	81
92.092600	92.631500	69
92.096500	92.631500	61
92.096500	93.136500	52
92.544600	92.631500	73
92.621600	93.136500	68
92.622500	93.136500	71
92.624500	93.136500	62
93.135500	93.674500	69
93.135500	93.675500	57
93.136500	93.677500	61
93.678500	94.228500	45
94.707500	95.200500	64
94.777500	95.200500	76
95.197500	95.669500	66
95.256500	95.669500	78
95.666500	96.210500	67
95.722500	96.210500	79
96.209500	96.682500	71
96.210500	96.682500	54
96.440500	96.682500	61
96.677500	97.146500	70
96.774385	97.239385	66
96.963265	97.200265	64
97.143500	97.626500	62
97.381500	97.626500	61
97.496500	97.626500	70
97.620500	98.098500	54
97.620500	98.098500	73
97.857500	98.098500	62
98.095500	98.564500	71
98.169179	98.637179	66
98.320500	98.564500	62
98.554500	99.033500	61
98.791500	99.033500	59
98.903500	99.033500	71
99.024500	99.498500	74
99.026500	99.498500	54
99.254500	99.498500	58
99.495500	99.974500	73
99.496500	99.974500	64
99.723500	99.974500	61
99.964500	100.437000	59
100.199000	100.437000	58
100.314000	100.437000	73
100.433000	100.905000	76
100.437000	100.905000	59
100.668000	100.905000	74
100.898000	101.374000	77
101.130000	101.374000	76
101.368000	101.841000	79
101.598000	101.841000	77
101.837000	102.313000	69
101.840000	102.313000	52
102.070000	102.313000	59
102.302000	102.767000	68
102.306000	102.767000	64
102.600490	102.833490	62
102.764000	103.247000	60
102.999000	103.247000	59
103.121000	103.247000	68
103.244000	103.716000	71
103.245000	103.716000	52
103.475000	103.716000	60
103.715000	104.181000	69
103.716000	104.181000	64
103.947000	104.181000	60
104.172000	104.657000	59
104.410000	104.657000	57
104.524000	104.657000	69
104.647000	105.130000	72
104.651000	105.130000	52
104.885000	105.130000	56
105.119000	105.591000	71
105.120000	105.591000	62
105.351000	105.591000	59
105.582000	106.061000	57
105.819000	106.061000	56
105.934000	106.061000	71
106.058000	106.534000	74
106.061000	106.999000	57
106.284000	106.534000	72
106.523000	106.999000	71
106.754000	106.999000	69
106.995000	107.222000	81
106.996000	107.461000	43
106.996000	107.461000	55
107.222000	107.405000	81
107.465000	108.402000	41
107.465000	108.402000	83
107.468000	108.402000	53
107.688000	108.402000	81
107.927000	108.402000	79
108.165000	108.402000	77
108.400000	108.633000	76
108.637000	108.892000	75
108.893000	109.361000	57
108.893000	109.834000	84
108.894000	110.325000	54
109.131000	109.834000	56
109.361000	109.834000	57
109.593000	109.834000	60
109.831000	110.325000	75
109.834000	110.325000	59
110.076000	110.325000	57
110.321000	111.021000	76
110.324000	110.789000	52
110.324000	110.790000	56
111.021000	111.142000	78
111.143000	111.265000	76
111.266000	111.381000	76
111.381000	111.496000	74
111.497000	111.619000	73
111.619000	111.751000	71
111.752000	112.820000	61
111.819000	112.818000	64
111.886000	112.820000	69
111.888000	112.820000	45
111.889000	112.820000	57
112.818000	113.296000	64
112.819000	113.296000	40
112.820000	113.296000	52
113.293000	113.779000	73
113.296000	113.779000	49
113.296000	113.779000	61
113.537000	113.779000	74
113.653000	113.779000	71
113.776000	114.020000	45
113.776000	114.020000	69
113.778000	114.020000	57
114.730000	115.217000	73
114.969000	115.217000	74
115.085000	115.217000	71
115.207000	116.078000	69
115.700000	116.078000	57
115.700000	116.078000	85
115.703000	116.078000	66
116.179000	116.651000	75
116.183000	116.652000	59
116.183000	116.652000	69
116.655000	117.597000	76
116.656000	117.597000	64
116.656000	117.597000	68
117.360000	117.597000	77
117.597000	117.825000	80
117.825000	118.062000	78
118.063000	118.293000	76
118.294000	118.532000	74
118.532000	118.762000	73
118.766000	119.014000	71
119.015000	119.484000	52
119.015000	119.484000	69
119.249000	119.484000	62
119.249000	119.484000	68
119.480000	119.949000	76
119.484000	119.939000	59
119.707000	119.949000	62
119.707000	119.949000	74
119.939000	120.418000	59
120.170000	120.418000	62
120.408000	120.883000	71
120.409000	120.883000	52
120.646000	120.883000	69
120.649000	120.883000	61
120.879000	121.349000	78
120.880000	121.338000	57
121.105000	121.349000	76
121.108000	121.349000	61
121.445986	121.918986	57
121.570000	121.811000	61
121.808000	122.287000	71
121.809000	122.287000	52
122.040000	122.287000	69
122.042000	122.287000	61
122.284000	122.753000	81
122.287000	122.749000	57
122.515000	122.753000	79
122.519000	122.753000	61
122.749000	123.221000	57
122.981000	123.222000	61
123.219000	123.449000	79
123.219000	123.687000	50
123.221000	123.687000	57
123.222000	123.688000	62
123.449000	123.691000	78
123.691000	123.918000	76
123.919000	124.156000	74
124.157000	124.398000	73
124.398000	124.639000	71
124.639000	124.761000	76
124.643000	124.993000	49
124.762000	124.817000	78
124.818000	124.877000	76
124.878000	124.933000	74
124.937000	124.993000	76
124.994000	125.132000	78
124.996000	125.133000	50
125.133000	125.619000	69
125.136000	126.102000	52
125.137000	125.623000	61
125.623000	126.103000	68
125.624000	126.103000	59
125.987000	126.043000	69
126.046000	126.106000	73
126.106000	126.575000	76
126.110000	127.043000	57
126.340000	126.806000	61
126.575000	127.505000	76
126.576000	127.043000	64
126.806000	127.043000	61
127.037000	127.268000	59
127.268000	127.506000	57
127.509000	127.971000	76
127.510000	127.971000	56
127.625000	127.971000	74
127.743000	127.971000	73
127.744000	127.971000	57
127.850000	127.968000	71
127.968000	128.429000	71
127.969000	128.429000	59
128.080000	128.429000	69
128.195000	128.429000	52
128.195000	128.429000	68
128.311000	128.429000	66
128.427000	128.948000	54
128.427000	128.948000	64
128.542000	128.780000	62
128.658000	128.896000	61
128.660000	128.948000	56
128.780000	128.948000	62
128.896000	129.010000	61
128.899000	129.371000	57
129.011000	129.361000	64
129.127000	129.371000	69
129.129000	129.371000	61
129.242000	129.371000	73
129.361000	129.585000	64
129.361000	130.043000	76
129.588000	129.816000	61
129.817000	130.044000	59
130.046000	130.277000	88
130.047000	130.278000	57
130.278000	130.739000	88
130.279000	130.739000	56
130.394000	130.739000	86
130.505000	130.739000	57
130.505000	130.739000	85
130.620000	130.730000	83
130.730000	131.198000	83
130.732000	131.198000	59
130.845000	131.198000	81
130.964000	131.198000	80
130.965000	131.198000	52
131.076000	131.198000	78
131.195000	131.712000	54
131.195000	131.712000	76
131.311000	131.541000	74
131.429000	131.667000	73
131.429000	131.712000	56
131.541000	131.712000	74
131.667000	131.779000	73
131.668000	132.133000	57
131.779000	132.140000	76
131.899000	132.130000	74
132.011000	132.140000	73
132.130000	132.585000	54
132.130000	132.591000	74
132.133000	132.587000	57
132.245000	132.591000	76
132.354000	132.591000	78
132.472000	132.591000	80
132.584000	133.054000	81
132.585000	133.054000	50
132.585000	133.054000	54
132.587000	133.053000	57
132.697000	133.054000	83
132.812000	133.054000	85
132.928000	133.054000	86
133.050000	133.505000	88
133.051000	133.505000	49
133.053000	133.505000	52
133.053000	133.505000	57
133.158000	133.505000	86
133.274000	133.505000	85
133.382000	133.505000	83
133.495000	133.602000	81
133.603000	133.942000	80
133.718000	133.942000	78
133.830000	133.942000	76
133.939000	134.422000	74
134.047000	134.422000	73
134.159000	134.422000	71
134.278000	134.422000	69
134.408000	134.538000	80
134.411000	134.925000	50
134.411000	134.925000	59
134.474000	134.604000	78
134.538000	134.786000	80
134.604000	134.730000	78
134.664000	134.925000	76
134.730000	134.925000	78
134.786000	134.925000	80
134.853000	134.925000	81
134.918000	135.465000	69
134.919000	135.465000	61
134.919000	136.001000	52
135.377000	135.465000	73
135.454000	136.001000	68
135.458000	136.001000	62
135.458000	136.001000	71
135.998000	136.532000	69
136.000000	136.536000	57
136.001000	136.536000	61
136.539000	137.075000	45
139.231000	139.794000	66
139.234000	140.814000	69
139.234000	141.334000	38
139.238000	141.334000	50
139.519000	140.049000	57
139.791000	140.816000	62
139.794000	140.814000	66
140.049000	140.547000	57
140.291000	140.816000	64
140.292000	140.816000	67
140.547000	140.816000	57
140.814000	141.328000	66
140.814000	141.334000	69
141.083000	141.334000	57
141.328000	141.824000	62
141.328000	141.825000	66
141.573000	141.835000	61
141.576000	141.835000	64
141.824000	142.332000	62
141.825000	142.331000	66
142.080000	142.332000	64
142.083000	142.332000	67
142.331000	142.839000	66
142.332000	142.839000	69
142.579000	142.839000	62
142.829000	143.340000	67
142.830000	143.350000	71
143.078000	143.350000	62
143.340000	143.861000	45
143.340000	143.861000	67
143.340000	143.861000	73
143.343000	143.861000	57
143.595000	143.861000	64
143.858000	144.383000	66
143.858000	144.390000	74
143.859000	144.390000	38
143.861000	144.390000	50
144.118000	144.390000	69
144.379000	144.880000	62
144.383000	144.880000	66
144.384000	144.880000	78
144.631000	144.891000	61
144.632000	144.891000	64
144.632000	144.891000	76
144.880000	145.384000	66
144.880000	145.387000	62
144.880000	145.387000	78
145.135000	145.387000	64
145.135000	145.387000	67
145.136000	145.387000	79
145.384000	145.891000	66
145.385000	145.891000	69
145.387000	145.891000	81
145.626000	145.891000	62
145.881000	146.400000	67
145.885000	146.406000	71
145.885000	146.406000	83
146.136000	146.406000	62
146.400000	146.924000	67
146.400000	146.924000	73
146.402000	146.924000	85
146.654000	146.924000	64
146.921000	147.467000	66
146.922000	147.470000	74
146.923000	147.477000	86
147.187000	147.477000	69
147.467000	147.718000	66
147.470000	147.722000	74
147.722000	147.974000	64
147.723000	147.977000	73
147.978000	148.225000	62
147.978000	148.226000	71
148.226000	148.499000	61
148.229000	148.499000	69
148.499000	149.024000	59
148.502000	149.024000	68
148.503000	149.024000	52
148.756000	149.024000	64
149.018000	149.528000	69
149.018000	149.538000	61
149.020000	149.538000	49
149.272000	149.538000	64
149.528000	150.036000	69
149.528000	150.036000	73
149.532000	150.036000	45
149.784000	150.036000	64
150.033000	150.567000	68
150.036000	150.567000	52
150.036000	150.567000	71
150.288000	150.567000	64
150.554000	151.065000	66
150.557000	151.065000	74
150.558000	151.065000	86
150.799000	151.065000	64
150.802000	151.065000	73
150.802000	151.065000	85
151.061000	151.586000	71
151.065000	151.586000	83
151.143147	151.668147	62
151.316000	151.586000	61
151.317000	151.586000	69
151.317000	151.586000	81
151.513000	151.586000	87
151.580000	152.073000	59
151.580000	152.073000	68
151.581000	152.073000	88
151.825000	152.073000	64
152.006000	152.073000	87
152.069000	152.562000	61
152.072000	152.560000	69
152.073000	152.561000	88
152.314000	152.562000	64
152.493000	152.562000	87
152.560000	153.054000	69
152.560000	153.054000	73
152.561000	153.053000	88
152.801000	153.054000	64
152.986000	153.054000	87
153.052000	153.564000	68
153.053000	153.564000	71
153.053000	153.564000	88
153.302000	153.561000	64
153.561000	155.068000	64
153.563000	153.815000	73
153.563000	153.816000	45
153.816000	154.063000	71
153.820000	154.067000	44
154.068000	154.309000	45
154.068000	154.309000	73
154.312000	154.561000	74
154.313000	154.561000	47
154.562000	155.068000	76
154.564000	155.068000	49
154.803000	155.061000	69
155.061000	155.569000	69
155.065000	155.569000	73
155.066000	155.569000	52
155.303000	155.569000	64
155.560000	156.067000	68
155.562000	156.067000	40
155.562000	156.067000	71
155.803000	156.067000	64
156.066000	156.577000	69
156.067000	156.578000	45
156.307000	156.578000	64
156.577000	156.825000	69
156.577000	156.829000	73
156.578000	156.830000	85
156.832000	157.070000	68
156.832000	157.071000	71
156.833000	157.074000	83
157.075000	157.326000	69
157.077000	157.329000	73
157.078000	157.330000	85
157.330000	157.578000	71
157.334000	157.578000	74
157.334000	157.581000	86
157.582000	158.079000	73
157.582000	158.089000	76
157.585000	158.089000	88
157.823000	158.078000	69
158.078000	158.589000	69
158.079000	158.589000	73
158.082000	158.589000	85
158.321000	158.589000	64
158.576000	159.086000	68
158.579000	159.086000	71
158.579000	159.086000	83
158.822000	159.086000	64
159.084000	159.590000	69
159.086000	159.590000	81
159.325000	159.590000	64
159.580000	160.084000	66
159.584000	160.084000	50
159.584000	160.084000	59
159.825000	160.084000	74
160.077000	160.584000	71
160.078000	160.584000	52
160.078000	160.584000	62
160.325000	160.584000	68
160.578000	161.078000	61
160.578000	161.078000	69
160.579000	161.078000	57
160.823000	161.078000	64
161.075000	161.585000	50
161.075000	161.585000	66
161.078000	161.585000	59
161.323000	161.585000	74
161.579000	162.107000	71
161.582000	162.107000	62
161.583000	162.107000	52
161.834000	162.107000	68
162.104000	162.597000	69
162.104000	162.604000	57
162.104000	162.604000	61
162.345000	162.604000	68
162.597000	162.842000	69
162.845000	163.083000	71
163.087000	163.353000	67
163.353000	163.651000	64
163.651000	164.204000	66
163.652000	165.229000	69
163.654000	165.744000	38
163.654000	165.744000	50
163.928000	164.460000	57
164.203000	165.232000	62
164.204000	165.232000	66
164.460000	164.957000	57
164.708000	165.232000	64
164.708000	165.232000	67
164.957000	165.232000	57
165.229000	165.744000	69
165.232000	165.744000	66
165.491000	165.744000	57
165.743000	166.234000	62
165.744000	166.237000	66
165.985000	166.244000	61
165.986000	166.244000	64
166.234000	166.742000	62
166.237000	166.741000	66
166.490000	166.742000	64
166.492000	166.742000	67
166.741000	167.249000	66
166.742000	167.249000	69
166.990000	167.249000	62
167.238000	167.753000	67
167.239000	167.766000	71
167.490000	167.766000	62
167.753000	168.278000	67
167.756000	168.278000	73
167.757000	168.278000	45
167.757000	168.278000	57
168.005000	168.278000	64
168.274000	168.792000	66
168.274000	168.795000	74
168.275000	168.795000	38
168.277000	168.795000	50
168.527000	168.795000	69
168.788000	169.288000	62
168.792000	169.289000	66
168.793000	169.289000	78
169.040000	169.299000	61
169.041000	169.299000	64
169.041000	169.299000	76
169.288000	169.798000	62
169.289000	169.794000	66
169.289000	169.798000	78
169.545000	169.798000	64
169.548000	169.798000	67
169.548000	169.798000	79
169.794000	170.301000	66
169.797000	170.301000	69
169.797000	170.301000	81
170.042000	170.301000	62
170.298000	170.809000	67
170.298000	170.819000	71
170.301000	170.819000	83
170.547000	170.819000	62
170.809000	171.334000	67
170.809000	171.334000	73
170.812000	171.334000	85
171.063000	171.334000	64
171.330000	171.876000	66
171.333000	171.878000	74
171.333000	171.885000	86
171.600000	171.885000	69
171.876000	172.131000	66
171.878000	172.131000	74
172.132000	172.383000	64
172.135000	172.387000	73
172.388000	172.635000	62
172.390000	172.636000	71
172.636000	172.908000	61
172.638000	172.909000	69
172.911000	173.436000	59
172.912000	173.436000	52
172.912000	173.436000	68
173.164000	173.436000	64
173.427000	173.954000	61
173.430000	173.941000	69
173.430000	173.954000	49
173.682000	173.954000	64
173.941000	174.452000	69
173.944000	174.452000	73
173.945000	174.452000	45
174.193000	174.452000	64
174.449000	174.977000	68
174.449000	174.977000	71
174.452000	174.977000	52
174.700000	174.977000	64
174.963000	175.477000	66
174.966000	175.477000	74
174.967000	175.477000	86
175.218000	175.477000	64
175.219000	175.477000	73
175.219000	175.477000	85
175.473000	175.996000	71
175.474000	175.996000	83
175.559039	176.083039	62
175.726000	175.996000	61
175.729000	175.996000	69
175.729000	175.996000	81
175.922000	175.996000	87
175.995000	176.492000	59
175.995000	176.492000	68
175.996000	176.482000	88
176.237000	176.492000	64
176.422000	176.492000	87
176.481000	176.975000	61
176.482000	176.968000	69
176.482000	176.972000	88
176.723000	176.975000	64
176.902000	176.975000	87
176.968000	177.472000	69
176.969000	177.472000	73
176.972000	177.462000	88
177.213000	177.472000	64
177.395000	177.472000	87
177.461000	177.983000	68
177.462000	177.983000	71
177.462000	177.983000	88
177.711000	177.980000	64
177.980000	178.225000	73
177.980000	179.477000	64
177.981000	178.228000	45
178.228000	178.473000	71
178.229000	178.476000	44
178.477000	178.718000	73
178.480000	178.719000	45
178.721000	178.970000	74
178.722000	178.970000	47
178.971000	179.477000	76
178.974000	179.477000	49
179.215000	179.471000	69
179.471000	179.978000	69
179.474000	179.978000	73
179.475000	179.978000	52
179.713000	179.978000	64
179.971000	180.479000	40
179.971000	180.479000	68
179.971000	180.479000	71
180.213000	180.479000	64
180.476000	180.983000	69
180.476000	180.987000	45
180.724000	180.987000	64
180.983000	181.238000	69
180.987000	181.242000	73
180.987000	181.242000	85
181.243000	181.490000	68
181.243000	181.490000	71
181.245000	181.491000	83
181.491000	181.735000	69
181.494000	181.738000	73
181.494000	181.739000	85
181.742000	181.987000	71
181.743000	181.988000	74
181.743000	181.988000	86
181.990000	182.491000	73
181.991000	182.498000	76
181.994000	182.498000	88
182.232000	182.489000	69
182.489000	182.998000	69
182.491000	182.998000	73
182.491000	182.998000	85
182.733000	182.998000	64
182.988000	183.496000	68
182.989000	183.496000	71
182.991000	183.496000	83
183.232000	183.496000	64
183.492000	183.999000	69
183.496000	183.999000	81
183.741000	183.999000	64
183.993000	184.497000	66
183.994000	184.497000	50
183.996000	184.497000	59
184.238000	184.497000	74
184.493000	184.994000	62
184.493000	184.994000	71
184.497000	184.994000	52
184.735000	184.994000	68
184.991000	185.494000	69
184.993000	185.494000	61
184.994000	185.494000	57
185.236000	185.494000	64
185.484000	185.998000	66
185.487000	185.998000	50
185.487000	185.998000	59
185.732000	185.998000	74
185.991000	186.519000	71
185.992000	186.519000	52
185.992000	186.519000	62
186.251000	186.519000	68
186.513000	187.006000	69
186.513000	187.013000	57
186.516000	187.013000	61
186.758000	187.013000	68
187.006000	187.254000	69
187.255000	187.504000	71
187.504000	187.752000	67
187.752000	188.007000	64
188.007000	188.568000	66
188.008000	189.586000	69
188.011000	190.107000	35
188.011000	190.107000	47
188.567000	189.589000	63
188.568000	189.589000	66
188.822000	189.321000	59
189.065000	189.589000	64
189.068000	189.589000	67
189.321000	189.589000	59
189.586000	190.107000	69
189.589000	190.103000	66
189.851000	190.107000	59
190.101000	190.601000	63
190.103000	190.601000	66
190.104000	190.601000	84
190.350000	190.601000	59
190.352000	190.601000	83
190.598000	191.111000	64
190.598000	191.111000	67
190.601000	191.111000	81
190.843000	191.111000	59
190.846000	191.111000	79
191.104000	191.605000	69
191.105000	191.605000	66
191.108000	191.605000	78
191.354000	191.605000	59
191.603000	192.098000	63
191.605000	192.098000	66
191.605000	192.098000	81
191.848000	192.098000	59
191.850000	192.098000	79
192.096000	192.603000	64
192.097000	192.603000	67
192.098000	192.603000	78
192.341000	192.603000	59
192.343000	192.603000	76
192.599000	193.170000	69
192.603000	193.170000	66
192.603000	193.170000	75
193.124000	193.342000	71
193.125000	193.342000	83
193.128000	193.345000	47
193.128000	193.345000	59
193.365000	193.586000	69
193.366000	193.590000	81
193.369000	193.590000	45
193.370000	193.590000	57
193.608000	193.831000	67
193.611000	193.831000	79
193.611000	193.832000	43
193.611000	193.832000	55
193.859000	194.083000	66
193.859000	194.087000	78
193.860000	194.087000	42
193.863000	194.088000	54
194.115000	194.590000	64
194.116000	194.591000	40
194.116000	194.591000	76
194.118000	194.594000	52
194.643000	195.672000	64
194.644000	195.673000	40
194.644000	195.673000	76
194.646000	195.673000	52
195.158000	196.057000	71
195.158000	196.057000	83
195.161000	196.057000	47
195.161000	196.057000	59
195.672000	196.117000	64
195.673000	196.117000	76
195.673000	196.118000	40
195.673000	196.120000	52
196.169000	196.386000	71
196.169000	196.387000	83
196.170000	196.387000	47
196.173000	196.387000	59
196.411000	196.631000	69
196.414000	196.632000	81
196.415000	196.634000	45
196.418000	196.638000	57
196.655000	196.883000	67
196.656000	196.884000	79
196.659000	196.884000	43
196.660000	196.886000	55
196.911000	197.142000	66
196.912000	197.146000	78
196.914000	197.146000	42
196.915000	197.149000	54
197.171000	197.650000	64
197.174000	197.651000	76
197.178000	197.653000	40
197.178000	197.653000	52
197.699000	198.728000	64
197.702000	198.728000	76
197.703000	198.731000	40
197.706000	198.731000	52
198.213000	199.067000	71
198.214000	199.067000	47
198.214000	199.067000	83
198.216000	199.067000	59
198.728000	199.207000	64
198.728000	199.208000	76
198.731000	199.208000	40
198.731000	199.209000	52
199.256000	199.511000	76
199.512000	199.768000	74
199.768000	200.023000	76
200.026000	200.278000	77
200.278000	200.797000	79
200.279000	201.311000	60
200.540000	201.049000	64
200.797000	201.557000	79
200.800000	201.311000	67
201.049000	201.311000	64
201.301000	201.825000	59
201.304000	201.825000	65
201.557000	201.825000	79
201.642848	201.908848	62
201.815000	202.833000	60
201.815000	202.833000	84
202.067000	202.575000	64
202.326000	202.833000	67
202.326000	202.833000	79
202.575000	202.833000	64
202.824000	203.345000	59
202.826000	203.345000	65
203.072000	203.345000	62
203.328000	203.828000	79
203.331000	204.328000	60
203.582000	204.076000	64
203.828000	204.581000	79
203.831000	204.328000	67
204.076000	204.328000	64
204.328000	204.846000	59
204.328000	204.846000	65
204.581000	204.846000	79
204.583000	204.846000	62
204.842000	206.357000	84
204.843000	205.833000	60
205.087000	205.577000	64
205.336000	206.211000	79
205.340000	206.357000	67
205.577000	206.079000	64
205.833000	206.357000	60
206.079000	206.357000	64
206.211000	206.357000	79
206.348000	207.856000	88
206.350000	207.867000	58
206.593000	207.594000	60
206.845000	207.723000	79
206.848000	207.348000	64
207.096000	207.867000	67
207.348000	207.867000	64
207.594000	207.867000	60
207.723000	207.867000	79
207.856000	209.351000	88
207.857000	209.350000	57
208.104000	209.091000	61
208.350000	209.218000	79
208.353000	208.844000	64
208.595000	209.351000	67
208.844000	209.351000	64
209.091000	209.351000	61
209.218000	209.348000	79
209.348000	209.595000	79
209.350000	210.334000	57
209.350000	210.335000	62
209.596000	209.841000	77
209.841000	210.085000	76
210.085000	210.337000	77
210.338000	210.582000	76
210.338000	210.583000	64
210.338000	210.831000	56
210.585000	210.831000	74
210.586000	210.835000	65
210.835000	211.076000	73
210.838000	211.324000	57
210.838000	211.328000	64
211.076000	211.328000	80
211.329000	211.569000	81
211.570000	211.814000	80
211.815000	212.063000	81
212.063000	212.308000	76
212.309000	212.553000	79
212.309000	213.789000	62
212.311000	213.789000	58
212.311000	213.789000	68
212.554000	212.795000	77
212.795000	213.043000	76
213.043000	213.295000	77
213.296000	213.536000	76
213.540000	213.792000	74
213.792000	214.030000	81
213.793000	214.282000	61
213.793000	214.283000	57
213.796000	214.283000	69
214.030000	214.283000	80
214.285000	214.523000	81
214.524000	214.775000	76
214.776000	215.017000	77
214.777000	215.269000	57
214.778000	215.270000	62
214.779000	215.270000	65
215.017000	215.272000	74
215.272000	215.510000	81
215.273000	215.765000	61
215.276000	215.770000	57
215.276000	215.770000	64
215.514000	215.771000	80
215.772000	216.004000	81
216.004000	216.252000	76
216.256000	216.497000	77
216.256000	216.745000	57
216.259000	216.750000	62
216.259000	216.750000	65
216.498000	216.752000	74
216.753000	216.998000	69
216.753000	217.247000	57
216.754000	217.250000	61
216.757000	217.250000	64
216.998000	217.250000	68
217.251000	217.502000	69
217.505000	217.757000	68
217.758000	218.019000	69
218.020000	218.286000	68
218.286000	218.840000	66
218.287000	219.865000	69
218.290000	220.386000	38
218.290000	220.386000	50
218.574000	219.102000	57
218.839000	219.869000	62
218.840000	219.868000	66
219.102000	219.596000	57
219.343000	219.869000	64
219.346000	219.869000	67
219.596000	219.869000	57
219.865000	220.386000	69
219.868000	220.386000	66
220.130000	220.386000	62
220.380000	220.880000	71
220.382000	220.887000	74
220.628000	220.887000	69
220.628000	220.887000	73
220.877000	221.381000	67
220.880000	221.383000	71
221.133000	221.383000	66
221.135000	221.383000	69
221.381000	221.891000	67
221.383000	221.891000	47
221.626000	221.891000	62
221.881000	222.402000	66
221.884000	222.402000	45
221.884000	222.402000	69
222.130000	222.402000	62
222.392000	222.913000	67
222.395000	222.913000	71
222.396000	222.913000	43
222.641000	222.913000	62
222.909000	223.428000	69
222.910000	223.428000	50
222.910000	223.428000	66
223.172000	223.428000	62
223.421000	223.922000	71
223.421000	223.928000	74
223.424000	223.928000	86
223.672000	223.928000	69
223.673000	223.928000	73
223.673000	223.928000	85
223.921000	224.429000	67
223.922000	224.430000	71
223.922000	224.430000	83
224.177000	224.430000	66
224.178000	224.430000	69
224.180000	224.430000	81
224.425000	224.932000	64
224.429000	224.932000	67
224.429000	224.932000	79
224.673000	224.932000	62
224.923000	225.444000	66
224.925000	225.444000	69
224.926000	225.444000	81
225.173000	225.444000	62
225.433000	225.954000	67
225.437000	225.954000	71
225.437000	225.954000	83
225.683000	225.954000	62
225.952000	226.472000	66
225.952000	226.472000	69
225.954000	226.472000	81
226.211000	226.472000	62
226.462000	226.963000	67
226.465000	226.970000	71
226.711000	226.970000	66
226.714000	226.970000	69
226.960000	227.471000	64
226.963000	227.471000	67
227.211000	227.471000	62
227.212000	227.471000	66
227.468000	227.967000	61
227.471000	227.967000	45
227.471000	227.967000	64
227.708000	227.967000	57
227.965000	228.478000	62
227.967000	228.485000	42
227.967000	228.485000	69
228.215000	228.485000	57
228.478000	228.996000	62
228.479000	228.996000	38
228.479000	228.996000	66
228.731000	228.996000	57
228.994000	229.514000	61
228.994000	229.514000	64
228.996000	229.514000	45
229.253000	229.514000	57
229.504000	230.007000	67
229.507000	230.015000	71
229.507000	230.015000	83
229.755000	230.015000	66
229.756000	230.015000	69
229.759000	230.015000	81
230.005000	230.505000	64
230.007000	230.508000	67
230.008000	230.508000	79
230.256000	230.508000	66
230.257000	230.508000	78
230.350585	230.604585	62
230.442000	230.508000	80
230.504000	231.012000	61
230.505000	231.005000	81
230.505000	231.012000	64
230.750000	231.012000	57
230.935000	231.012000	80
231.002000	231.502000	66
231.003000	231.509000	69
231.005000	231.503000	81
231.251000	231.509000	57
231.432000	231.509000	80
231.502000	232.003000	62
231.502000	232.003000	66
231.503000	232.003000	81
231.748000	232.003000	57
231.933000	232.003000	80
232.000000	232.514000	64
232.001000	232.514000	61
232.003000	232.514000	81
232.262000	232.514000	69
232.511000	232.762000	74
232.511000	234.011000	62
232.514000	232.765000	59
232.766000	233.014000	73
232.769000	233.015000	58
233.015000	233.255000	74
233.017000	233.259000	59
233.259000	233.508000	71
233.260000	233.508000	55
233.511000	234.018000	54
233.511000	234.018000	69
233.753000	234.018000	57
234.009000	234.519000	67
234.011000	234.519000	62
234.012000	234.519000	52
234.254000	234.519000	59
234.509000	235.017000	61
234.509000	235.017000	64
234.512000	235.017000	45
234.751000	235.017000	57
235.012000	235.534000	62
235.013000	235.534000	66
235.016000	235.534000	50
235.255000	235.534000	69
235.523000	235.779000	71
235.524000	235.779000	74
235.524000	235.780000	86
235.780000	236.024000	70
235.783000	236.025000	73
235.783000	236.031000	85
236.031000	236.276000	71
236.032000	236.277000	74
236.032000	236.279000	86
236.280000	236.524000	67
236.280000	236.525000	71
236.281000	236.528000	83
236.529000	237.036000	66
236.532000	237.036000	69
236.532000	237.036000	81
236.773000	237.036000	62
237.029000	237.527000	64
237.030000	237.536000	67
237.030000	237.536000	79
237.271000	237.536000	59
237.526000	238.037000	61
237.527000	238.037000	64
237.529000	238.037000	76
237.771000	238.037000	57
238.031000	238.540000	62
238.033000	238.540000	66
238.033000	238.540000	74
238.275000	238.532000	69
238.531000	239.034000	59
238.532000	239.034000	69
238.533000	239.034000	43
238.775000	239.034000	67
239.024000	239.531000	55
239.024000	239.531000	64
239.027000	239.531000	45
239.272000	239.531000	61
239.525000	240.032000	62
239.527000	240.032000	54
239.528000	240.032000	50
239.773000	240.025000	69
240.022000	240.535000	59
240.025000	240.535000	69
240.026000	240.535000	43
240.271000	240.535000	67
240.526000	241.054000	64
240.528000	241.054000	45
240.528000	241.054000	55
240.781000	241.054000	61
241.051000	241.545000	62
241.054000	241.554000	50
241.054000	241.554000	54
241.292000	241.554000	61
241.545000	241.792000	62
241.793000	242.041000	64
242.041000	242.300000	66
242.303000	242.597000	67
242.597000	243.151000	66
242.601000	244.176000	69
242.601000	244.697000	35
242.602000	244.697000	47
242.885000	243.406000	59
243.151000	244.179000	66
243.151000	244.180000	63
243.406000	243.906000	59
243.655000	244.180000	64
243.658000	244.180000	67
243.906000	244.180000	59
244.176000	244.697000	69
244.179000	244.693000	66
244.442000	244.697000	59
244.691000	245.194000	63
244.693000	245.194000	66
244.694000	245.194000	84
244.939000	245.194000	59
244.943000	245.194000	83
245.184000	245.696000	64
245.184000	245.696000	67
245.185000	245.696000	81
245.436000	245.696000	59
245.437000	245.696000	79
245.694000	246.195000	69
245.695000	246.188000	66
245.695000	246.195000	78
245.944000	246.195000	59
246.188000	246.692000	63
246.188000	246.692000	66
246.189000	246.692000	81
246.440000	246.692000	59
246.440000	246.692000	79
246.681000	247.189000	64
246.682000	247.189000	67
246.682000	247.189000	78
246.931000	247.189000	59
246.933000	247.189000	76
247.186000	247.760000	66
247.186000	247.760000	69
247.189000	247.760000	75
247.715000	247.927000	71
247.718000	247.928000	47
247.718000	247.928000	83
247.719000	247.931000	59
247.955000	248.168000	69
247.956000	248.173000	81
247.959000	248.173000	45
247.960000	248.173000	57
248.198000	248.421000	67
248.201000	248.422000	43
248.201000	248.422000	79
248.202000	248.422000	55
248.446000	248.673000	66
248.446000	248.677000	78
248.447000	248.678000	42
248.447000	248.680000	54
248.705000	249.181000	64
248.705000	249.181000	76
248.706000	249.181000	40
248.708000	249.184000	52
249.233000	250.258000	64
249.234000	250.262000	76
249.234000	250.263000	40
249.236000	250.263000	52
249.744000	250.644000	71
249.744000	250.644000	83
249.745000	250.644000	47
249.748000	250.644000	59
250.258000	250.707000	64
250.262000	250.710000	76
250.263000	250.711000	40
250.263000	250.711000	52
250.756000	250.976000	71
250.756000	250.976000	83
250.757000	250.977000	47
250.757000	250.977000	59
251.001000	251.224000	69
251.002000	251.225000	45
251.002000	251.225000	81
251.002000	251.228000	57
251.245000	251.473000	67
251.246000	251.474000	79
251.249000	251.476000	43
251.250000	251.477000	55
251.497000	251.735000	66
251.498000	251.736000	42
251.498000	251.736000	78
251.501000	251.739000	54
251.757000	252.240000	64
251.761000	252.241000	76
251.761000	252.243000	40
251.762000	252.243000	52
252.292000	253.314000	64
252.293000	253.314000	76
252.293000	253.315000	40
252.296000	253.318000	52
252.803000	253.657000	71
252.804000	253.657000	47
252.804000	253.657000	83
252.806000	253.657000	59
253.314000	253.793000	64
253.314000	253.794000	76
253.315000	253.797000	40
253.318000	253.798000	52
253.850000	254.094000	76
254.099000	254.358000	74
254.361000	254.609000	76
254.609000	254.868000	77
254.869000	255.383000	79
254.872000	255.895000	60
255.123000	255.639000	64
255.383000	255.895000	67
255.383000	256.143000	79
255.639000	255.895000	64
255.891000	256.409000	59
255.894000	256.409000	65
256.143000	256.409000	79
256.233905	256.496905	62
256.405000	257.420000	84
256.408000	257.420000	60
256.657000	257.157000	64
256.910000	257.420000	79
256.912000	257.420000	67
257.157000	257.420000	64
257.410000	257.928000	59
257.410000	257.928000	65
257.658000	257.928000	62
257.922000	258.418000	79
257.922000	258.922000	60
258.172000	258.666000	64
258.418000	259.173000	79
258.421000	258.922000	67
258.666000	258.922000	64
258.918000	259.433000	59
258.919000	259.433000	65
259.173000	259.433000	62
259.173000	259.433000	79
259.429000	260.944000	84
259.432000	260.423000	60
259.677000	260.171000	64
259.923000	260.801000	79
259.924000	260.944000	67
260.171000	260.669000	64
260.423000	260.944000	60
260.669000	260.944000	64
260.801000	260.944000	79
260.938000	262.443000	88
260.939000	262.450000	58
261.186000	262.184000	60
261.432000	261.938000	64
261.432000	262.313000	79
261.686000	262.450000	67
261.938000	262.450000	64
262.184000	262.450000	60
262.313000	262.450000	79
262.443000	263.941000	57
262.443000	263.941000	88
262.687000	263.678000	61
262.940000	263.810000	79
262.943000	263.434000	64
263.184000	263.941000	67
263.434000	263.941000	64
263.678000	263.941000	61
263.810000	263.940000	79
263.940000	264.178000	79
263.941000	264.924000	57
263.941000	264.925000	62
264.182000	264.423000	77
264.424000	264.675000	76
264.675000	264.927000	77
264.927000	265.168000	76
264.928000	265.418000	56
264.931000	265.169000	64
265.169000	265.421000	74
265.173000	265.421000	65
265.422000	265.666000	73
265.422000	265.914000	57
265.424000	265.918000	64
265.666000	265.918000	80
265.921000	266.159000	81
266.160000	266.405000	80
266.405000	266.650000	81
266.650000	266.898000	76
266.898000	267.143000	79
266.901000	268.378000	62
266.901000	268.379000	58
266.902000	268.381000	68
267.144000	267.385000	77
267.388000	267.633000	76
267.637000	267.878000	77
267.879000	268.126000	76
268.130000	268.382000	74
268.382000	268.624000	81
268.382000	268.872000	61
268.383000	268.872000	57
268.385000	268.875000	69
268.624000	268.875000	80
268.876000	269.117000	81
269.118000	269.365000	76
269.366000	269.607000	77
269.368000	269.859000	57
269.369000	269.859000	62
269.373000	269.860000	65
269.607000	269.862000	74
269.862000	270.100000	81
269.863000	270.353000	57
269.863000	270.353000	61
269.866000	270.353000	64
270.104000	270.355000	80
270.356000	270.598000	81
270.598000	270.839000	76
270.839000	271.091000	77
270.842000	271.332000	57
270.846000	271.333000	62
270.846000	271.333000	65
271.092000	271.336000	74
271.337000	271.581000	69
271.337000	271.837000	57
271.339000	271.840000	61
271.343000	271.840000	64
271.581000	271.841000	68
271.841000	272.085000	69
272.086000	272.347000	68
272.348000	272.609000	69
272.610000	272.876000	68
272.876000	273.430000	66
272.877000	274.458000	69
272.880000	274.972000	38
272.880000	274.972000	50
273.157000	273.688000	57
273.430000	274.458000	66
273.430000	274.459000	62
273.688000	274.185000	57
273.930000	274.459000	64
273.930000	274.459000	67
274.185000	274.459000	57
274.458000	274.972000	66
274.458000	274.972000	69
274.720000	274.972000	62
274.966000	275.463000	71
274.966000	275.473000	74
275.211000	275.473000	69
275.213000	275.473000	73
275.463000	275.967000	67
275.463000	275.971000	71
275.718000	275.971000	69
275.785506	276.038506	66
275.967000	276.474000	67
275.970000	276.474000	47
276.216000	276.474000	62
276.465000	276.992000	66
276.467000	276.992000	45
276.467000	276.992000	69
276.723000	276.992000	62
276.982000	277.497000	67
276.985000	277.497000	71
276.986000	277.497000	43
277.231000	277.497000	62
277.493000	278.014000	69
277.496000	278.014000	66
277.497000	278.014000	50
277.761000	278.014000	62
278.005000	278.508000	71
278.007000	278.514000	74
278.007000	278.514000	86
278.255000	278.514000	69
278.255000	278.514000	73
278.256000	278.514000	85
278.505000	279.012000	67
278.508000	279.015000	71
278.508000	279.015000	83
278.761000	279.015000	66
278.763000	279.015000	69
278.763000	279.015000	81
279.012000	279.519000	64
279.012000	279.519000	67
279.013000	279.519000	79
279.260000	279.519000	62
279.508000	280.034000	66
279.509000	280.034000	69
279.509000	280.034000	81
279.758000	280.034000	62
280.027000	280.538000	67
280.027000	280.538000	71
280.028000	280.538000	83
280.273000	280.538000	62
280.535000	281.055000	69
280.537000	281.055000	66
280.537000	281.055000	81
280.803000	281.055000	62
281.053000	281.549000	67
281.053000	281.556000	71
281.294000	281.556000	66
281.297000	281.556000	69
281.546000	282.054000	64
281.549000	282.055000	67
281.802000	282.055000	62
281.804000	282.055000	66
282.053000	282.561000	61
282.054000	282.561000	45
282.054000	282.561000	64
282.301000	282.561000	57
282.550000	283.068000	62
282.551000	283.075000	69
282.554000	283.075000	42
282.799000	283.075000	57
283.068000	283.580000	62
283.069000	283.580000	38
283.069000	283.580000	66
283.316000	283.580000	57
283.577000	284.098000	64
283.579000	284.098000	45
283.579000	284.098000	61
283.846000	284.098000	57
284.094000	284.591000	67
284.094000	284.598000	71
284.097000	284.598000	83
284.339000	284.598000	66
284.339000	284.598000	69
284.342000	284.598000	81
284.591000	285.096000	64
284.591000	285.098000	67
284.592000	285.098000	79
284.846000	285.098000	66
284.847000	285.098000	78
284.941642	285.193642	62
285.025000	285.098000	80
285.096000	285.602000	61
285.096000	285.602000	64
285.098000	285.595000	81
285.340000	285.602000	57
285.525000	285.602000	80
285.592000	286.093000	66
285.595000	286.094000	81
285.595000	286.103000	69
285.837000	286.103000	57
286.025000	286.103000	80
286.093000	286.593000	62
286.093000	286.593000	66
286.094000	286.593000	81
286.340000	286.593000	57
286.526000	286.593000	80
286.590000	287.104000	64
286.592000	287.104000	61
286.593000	287.104000	81
286.852000	287.104000	69
287.101000	287.355000	74
287.101000	288.602000	62
287.104000	287.356000	59
287.356000	287.604000	73
287.359000	287.605000	58
287.605000	287.845000	74
287.607000	287.850000	59
287.850000	288.098000	71
287.852000	288.098000	55
288.101000	288.602000	54
288.101000	288.602000	69
288.344000	288.602000	57
288.601000	289.105000	67
288.602000	289.105000	52
288.602000	289.105000	62
288.840000	289.105000	59
289.102000	289.602000	61
289.102000	289.602000	64
289.103000	289.602000	45
289.340000	289.602000	57
289.598000	290.116000	62
289.599000	290.116000	50
289.599000	290.116000	66
289.846000	290.116000	69
290.106000	290.368000	71
290.109000	290.368000	74
290.109000	290.369000	86
290.372000	290.610000	70
290.372000	290.611000	73
290.372000	290.613000	85
290.613000	290.865000	71
290.617000	290.866000	74
290.617000	290.868000	86
290.869000	291.113000	67
290.869000	291.114000	71
290.869000	291.120000	83
291.121000	291.621000	66
291.121000	291.621000	69
291.122000	291.621000	81
291.362000	291.621000	62
291.615000	292.119000	64
291.618000	292.120000	67
291.621000	292.120000	79
291.860000	292.120000	59
292.115000	292.626000	61
292.119000	292.626000	64
292.119000	292.626000	76
292.361000	292.626000	57
292.622000	293.129000	62
292.623000	293.129000	66
292.623000	293.129000	74
292.864000	293.121000	69
293.120000	293.623000	59
293.121000	293.623000	69
293.122000	293.623000	43
293.365000	293.623000	67
293.616000	294.123000	55
293.616000	294.123000	64
293.617000	294.123000	45
293.855000	294.123000	61
294.116000	294.615000	62
294.117000	294.615000	50
294.117000	294.615000	54
294.362000	294.614000	69
294.614000	295.124000	59
294.614000	295.124000	69
294.615000	295.124000	43
294.860000	295.124000	67
295.115000	295.650000	64
295.117000	295.650000	45
295.117000	295.650000	55
295.370000	295.650000	61
295.636000	296.525000	50
295.636000	296.525000	54
295.636000	296.525000	62
296.252000	296.560000	38
297.487000	298.559000	61
297.554000	298.555000	64
297.624000	298.559000	45
297.624000	298.559000	69
297.627000	298.559000	57
298.555000	299.038000	64
298.556000	299.038000	40
298.559000	299.038000	52
299.031000	299.515000	73
299.032000	299.515000	49
299.032000	299.515000	61
299.280000	299.515000	74
299.391000	299.515000	71
299.513000	299.759000	69
299.514000	299.759000	45
299.514000	299.759000	57
300.469000	300.959000	73
300.704000	300.959000	74
300.830000	300.959000	71
300.952000	301.821000	69
301.442000	301.821000	85
301.443000	301.821000	57
301.446000	301.821000	66
301.925000	302.394000	75
301.926000	302.394000	59
301.926000	302.395000	69
302.398000	303.339000	64
302.398000	303.339000	76
302.399000	303.339000	68
303.102000	303.339000	77
303.339000	303.567000	80
303.570000	303.804000	78
303.808000	304.032000	76
304.032000	304.267000	74
304.270000	304.501000	73
304.502000	304.753000	71
304.754000	305.226000	52
304.754000	305.226000	69
304.992000	305.226000	62
304.992000	305.226000	68
305.222000	305.692000	76
305.226000	305.682000	59
305.450000	305.692000	74
305.453000	305.692000	62
305.682000	306.160000	59
305.919000	306.160000	62
306.151000	306.629000	52
306.151000	306.629000	71
306.388000	306.629000	69
306.392000	306.629000	61
306.627000	307.094000	78
306.629000	307.088000	57
306.857000	307.094000	76
306.858000	307.094000	61
307.210195	307.680195	57
307.316000	307.558000	61
307.554000	308.025000	76
307.557000	308.025000	50
307.789000	308.025000	74
307.792000	308.025000	59
308.016000	308.484000	79
308.018000	308.481000	54
308.247000	308.484000	78
308.250000	308.484000	59
308.481000	308.954000	54
308.716000	308.954000	59
308.950000	309.454000	50
308.950000	309.454000	66
309.422000	309.642000	76
309.643000	309.874000	74
309.878000	310.108000	73
310.112000	310.346000	71
310.350000	310.815000	69
310.350000	310.822000	52
310.350000	310.822000	62
310.581000	310.822000	68
310.815000	311.305000	57
310.815000	311.305000	69
310.819000	311.305000	61
311.588000	311.648000	71
311.649000	311.704000	76
311.708000	311.771000	80
311.771000	313.175000	83
311.772000	312.709000	52
312.003000	312.471000	56
312.233000	312.709000	59
312.471000	312.709000	56
312.705000	312.936000	54
312.937000	313.175000	52
313.175000	313.643000	83
313.177000	313.643000	51
313.291000	313.643000	81
313.410000	313.643000	52
313.410000	313.643000	80
313.518000	313.636000	78
313.636000	314.102000	78
313.637000	314.102000	54
313.752000	314.102000	76
313.868000	314.102000	75
313.869000	314.102000	47
313.984000	314.102000	73
314.100000	314.627000	71
314.102000	314.627000	49
314.214000	314.445000	69
314.330000	314.568000	68
314.333000	314.627000	51
314.445000	314.627000	69
314.568000	314.683000	68
314.572000	315.043000	52
314.683000	315.043000	71
314.802000	315.043000	76
314.803000	315.043000	56
314.918000	315.043000	80
315.034000	315.950000	83
315.036000	315.257000	59
315.258000	315.487000	56
315.492000	315.716000	54
315.716000	315.950000	52
315.951000	316.419000	83
315.953000	316.419000	51
316.066000	316.419000	81
316.184000	316.419000	80
316.185000	316.419000	52
316.300000	316.416000	78
316.416000	316.884000	78
316.418000	316.884000	54
316.532000	316.884000	76
316.640000	316.884000	75
316.643000	316.884000	47
316.755000	316.884000	73
316.874000	317.398000	71
316.875000	317.398000	49
316.989000	317.227000	69
317.108000	317.347000	68
317.109000	317.398000	51
317.227000	317.398000	69
317.347000	317.461000	68
317.347000	317.812000	52
317.466000	317.812000	71
317.581000	317.801000	69
317.690000	317.812000	68
317.801000	318.270000	69
317.917000	318.270000	71
318.036000	318.270000	73
318.151000	318.270000	75
318.260000	318.729000	76
318.376000	318.729000	78
318.492000	318.729000	80
318.610000	318.729000	81
318.726000	319.180000	83
318.835000	319.180000	85
318.953000	319.173000	87
319.062000	319.180000	88
319.173000	319.282000	87
319.282000	319.625000	85
319.393000	319.625000	83
319.509000	319.625000	81
319.618000	320.076000	80
319.729000	320.076000	78
319.842000	320.076000	76
319.958000	320.076000	75
320.066000	320.304000	73
320.066000	320.535000	57
320.069000	320.538000	66
320.419000	320.539000	85
320.539000	321.046000	76
320.542000	321.046000	68
320.542000	321.582000	59
320.966000	321.046000	80
321.038000	321.582000	75
321.039000	321.582000	69
321.039000	321.582000	78
321.578000	322.120000	76
321.578000	322.121000	64
321.582000	322.121000	68
322.085000	322.624000	52
323.128000	323.621000	64
323.199000	323.621000	76
323.619000	324.087000	66
323.674000	324.087000	78
324.081000	324.631000	67
324.140000	324.631000	79
324.627000	325.103000	71
324.631000	325.103000	54
324.861000	325.103000	61
325.100000	325.565000	70
325.189732	325.651732	66
325.331000	325.565000	64
325.640127	326.123127	62
325.796000	326.047000	61
325.914000	326.047000	70
326.040000	326.519000	73
326.041000	326.519000	54
326.276000	326.519000	62
326.517000	326.978000	71
326.518000	326.978000	66
326.741000	326.978000	62
326.976000	327.455000	61
327.214000	327.455000	59
327.328000	327.455000	71
327.444000	327.917000	74
327.448000	327.917000	54
327.676000	327.917000	58
327.914000	328.396000	73
327.916000	328.396000	64
328.147000	328.396000	61
328.386000	328.858000	59
328.623000	328.858000	58
328.736000	328.858000	73
328.855000	329.331000	76
328.858000	329.331000	59
329.086000	329.331000	74
329.320000	329.796000	77
329.551000	329.796000	76
329.790000	330.262000	79
330.024000	330.262000	77
330.261000	330.734000	52
330.261000	330.734000	69
330.486000	330.734000	59
330.724000	331.192000	68
330.726000	331.192000	64
330.955000	331.192000	62
331.183000	331.668000	60
331.421000	331.668000	59
331.542000	331.668000	68
331.658000	332.138000	71
331.662000	332.138000	52
331.896000	332.138000	60
332.135000	332.603000	69
332.137000	332.603000	64
332.362000	332.603000	60
332.596000	333.075000	59
332.831000	333.075000	57
332.946000	333.075000	69
333.072000	333.548000	72
333.073000	333.548000	52
333.303000	333.548000	56
333.541000	334.013000	71
333.542000	334.013000	62
333.773000	334.013000	59
334.004000	334.482000	57
334.241000	334.483000	56
334.356000	334.483000	71
334.480000	334.955000	74
334.482000	335.418000	57
334.707000	334.955000	72
334.945000	335.418000	71
335.176000	335.418000	69
335.414000	335.644000	81
335.417000	335.883000	43
335.417000	335.883000	55
335.644000	335.823000	81
335.886000	336.824000	41
335.886000	336.824000	83
335.887000	336.824000	53
336.111000	336.824000	81
336.349000	336.824000	79
336.586000	336.824000	77
336.822000	337.055000	76
337.056000	337.314000	75
337.315000	337.783000	57
337.315000	338.259000	84
337.316000	338.746000	54
337.549000	338.259000	56
337.783000	338.259000	57
338.014000	338.259000	60
338.255000	338.746000	75
338.256000	338.746000	59
338.497000	338.746000	57
338.742000	339.442000	76
338.743000	339.204000	52
338.746000	339.205000	56
339.442000	339.564000	78
339.565000	339.684000	76
339.687000	339.798000	76
339.803000	339.918000	74
339.919000	340.037000	73
340.041000	340.173000	71
340.174000	341.242000	61
340.237000	341.239000	64
340.307000	341.242000	69
340.310000	341.242000	45
340.310000	341.242000	57
341.239000	341.718000	64
341.241000	341.718000	40
341.242000	341.718000	52
341.714000	342.201000	73
341.717000	342.201000	49
341.717000	342.201000	61
341.959000	342.201000	74
342.071000	342.201000	71
342.197000	342.441000	69
342.200000	342.441000	45
342.201000	342.441000	57
343.152000	343.639000	73
343.390000	343.639000	74
343.509000	343.639000	71
343.628000	344.499000	69
344.122000	344.499000	57
344.122000	344.499000	85
344.125000	344.499000	66
344.601000	345.073000	75
344.605000	345.074000	59
344.606000	345.074000	69
345.077000	346.019000	76
345.078000	346.019000	64
345.078000	346.019000	68
345.781000	346.019000	77
346.018000	346.246000	80
346.246000	346.484000	78
346.485000	346.711000	76
346.712000	346.950000	74
346.950000	347.174000	73
347.177000	347.425000	71
347.426000	347.895000	52
347.426000	347.895000	69
347.657000	347.895000	68
347.661000	347.895000	62
347.891000	348.349000	59
347.891000	348.353000	76
348.116000	348.353000	74
348.119000	348.353000	62
348.349000	348.829000	59
348.581000	348.829000	62
348.819000	349.292000	71
348.820000	349.292000	52
349.057000	349.292000	61
349.057000	349.292000	69
349.291000	349.757000	78
349.292000	349.750000	57
349.515000	349.757000	76
349.519000	349.757000	61
349.839528	350.312528	57
349.981000	350.223000	61
350.219000	350.698000	52
350.219000	350.698000	71
350.451000	350.698000	69
350.453000	350.698000	61
350.695000	351.164000	81
350.696000	351.158000	57
350.926000	351.164000	79
350.929000	351.164000	61
351.158000	351.630000	57
351.388000	351.632000	61
351.626000	351.856000	79
351.630000	352.091000	50
351.630000	352.095000	62
351.861000	352.095000	78
352.096000	352.329000	76
352.333000	352.567000	74
352.568000	352.802000	73
352.802000	353.050000	71
353.050000	353.169000	76
353.051000	353.404000	49
353.172000	353.228000	78
353.229000	353.285000	76
353.288000	353.344000	74
353.345000	353.404000	76
353.407000	353.543000	78
353.407000	353.544000	50
353.544000	354.030000	69
353.547000	354.513000	52
353.548000	354.030000	61
354.031000	354.514000	68
354.034000	354.514000	59
354.398000	354.453000	69
354.454000	354.515000	73
354.516000	354.983000	76
354.517000	355.451000	57
354.745000	355.217000	61
354.983000	355.917000	76
354.986000	355.451000	64
355.217000	355.451000	61
355.448000	355.679000	59
355.679000	355.918000	57
355.918000	356.383000	76
355.920000	356.383000	56
356.033000	356.383000	74
356.145000	356.383000	73
356.147000	356.383000	57
356.260000	356.372000	71
356.372000	356.841000	71
356.373000	356.841000	59
356.484000	356.841000	69
356.604000	356.841000	68
356.606000	356.841000	52
356.719000	356.841000	66
356.831000	357.356000	54
356.831000	357.356000	64
356.953000	357.185000	62
357.069000	357.306000	61
357.071000	357.356000	56
357.185000	357.356000	62
357.306000	357.421000	61
357.310000	357.778000	57
357.422000	357.771000	64
357.538000	357.778000	69
357.541000	357.778000	61
357.653000	357.778000	73
357.769000	358.454000	76
357.771000	357.996000	64
357.996000	358.223000	61
358.223000	358.455000	59
358.455000	358.686000	88
358.458000	358.689000	57
358.689000	359.151000	56
358.689000	359.151000	88
358.798000	359.151000	86
358.914000	359.151000	85
358.916000	359.151000	57
359.029000	359.141000	83
359.141000	359.610000	83
359.144000	359.610000	59
359.256000	359.610000	81
359.374000	359.610000	80
359.375000	359.610000	52
359.488000	359.610000	78
359.600000	360.124000	76
359.603000	360.124000	54
359.718000	359.953000	74
359.837000	360.075000	73
359.840000	360.124000	56
359.953000	360.124000	74
360.075000	360.190000	73
360.078000	360.541000	57
360.190000	360.544000	76
360.306000	360.540000	74
360.422000	360.544000	73
360.540000	360.998000	74
360.541000	360.996000	54
360.541000	360.997000	57
360.656000	360.998000	76
360.764000	360.998000	78
360.880000	360.998000	80
360.995000	361.461000	81
360.996000	361.461000	50
360.996000	361.461000	54
360.997000	361.457000	57
361.108000	361.461000	83
361.223000	361.461000	85
361.339000	361.461000	86
361.454000	361.912000	88
361.455000	361.912000	49
361.457000	361.912000	52
361.457000	361.912000	57
361.566000	361.912000	86
361.682000	361.912000	85
361.793000	361.912000	83
361.906000	362.010000	81
362.014000	362.353000	80
362.123000	362.353000	78
362.238000	362.353000	76
362.344000	362.830000	74
362.458000	362.830000	73
362.571000	362.830000	71
362.680000	362.830000	69
362.819000	362.949000	80
362.820000	363.337000	50
362.822000	363.337000	59
362.882000	363.012000	78
362.949000	363.197000	80
363.012000	363.134000	78
363.074000	363.337000	76
363.134000	363.337000	78
363.197000	363.337000	80
363.260000	363.337000	81
363.327000	363.869000	69
363.331000	363.869000	61
363.331000	364.416000	52
363.788000	363.869000	73
363.866000	364.416000	68
363.869000	364.416000	62
363.869000	364.416000	71
364.415000	365.031000	57
364.415000	365.031000	69
364.416000	365.034000	61
365.034000	365.647000	45
