OnsetTime	OffsetTime	MidiPitch
0.519987	1.064990	77
0.882984	1.246990	58
1.061990	1.247990	74
1.249990	1.425980	70
1.251000	1.607990	62
1.608990	1.800980	70
1.610990	1.985990	67
1.987000	2.349980	75
1.987000	2.352980	60
2.353990	2.716970	63
2.353990	2.716970	79
2.717980	3.081970	69
2.720980	3.084970	65
3.085960	3.448960	63
3.448960	3.626950	72
3.452960	3.816960	62
3.627960	3.816960	70
3.817950	3.990970	74
3.817950	4.172970	57
3.994970	4.176970	72
4.176970	4.358970	75
4.177970	4.536960	58
4.359970	4.541960	74
4.541960	4.726970	77
4.543960	4.904970	51
4.544970	4.905960	60
4.726970	4.905960	75
4.907960	5.457960	74
4.908970	5.642970	58
4.911970	6.007960	53
5.457960	5.548970	75
5.549960	5.643960	74
5.643960	5.821950	72
5.646970	6.010960	57
5.824960	6.011960	74
6.011960	6.199960	75
6.200960	6.392960	76
6.392960	6.937950	77
6.756960	7.124960	58
6.938960	7.001960	75
7.001960	7.057960	74
7.060960	7.124960	72
7.124960	7.295960	70
7.125960	7.483960	62
7.484950	7.669960	70
7.484950	7.854960	67
7.855970	8.215960	75
7.855970	8.216950	60
8.216950	8.579950	63
8.216950	8.579950	79
8.583950	8.943950	69
8.583950	8.947950	65
8.947950	9.304950	63
9.125950	9.304950	69
9.307960	9.485960	70
9.307960	9.671960	62
9.486970	9.671960	74
9.672960	9.849950	67
9.675950	10.036000	51
9.675950	10.039000	63
9.850960	10.040000	72
10.040000	10.409900	70
10.044000	10.410900	62
10.044000	10.785000	53
10.410900	10.785900	69
10.414000	10.787900	60
10.789000	10.969900	70
10.791900	11.156000	58
10.971000	11.065000	65
11.156000	11.251000	67
11.338000	11.429000	69
11.524000	11.611000	70
11.698000	11.789000	72
11.884000	11.971000	74
12.055000	12.154000	75
12.248000	12.752000	58
12.248000	12.799000	77
12.437000	12.752000	65
12.616000	12.794000	62
12.795000	12.979000	74
12.798000	12.983000	65
12.984000	13.162000	55
12.984000	13.162000	70
13.163000	13.340000	62
13.341000	13.526000	70
13.344000	13.526000	58
13.529000	13.711000	62
13.712000	13.942900	75
13.712000	14.049900	51
13.893000	14.049900	77
13.894000	14.075000	60
13.942900	14.032900	75
13.984900	14.049900	74
14.032900	14.079000	75
14.079900	14.436000	79
14.081900	14.257000	55
14.257900	14.439000	60
14.439900	14.621000	53
14.439900	14.810000	69
14.625000	14.810000	63
14.811000	14.988000	60
14.989000	15.173000	63
15.174000	15.356000	72
15.178000	15.534000	62
15.357000	15.535000	70
15.535000	15.720000	74
15.539000	15.902000	57
15.539000	16.266000	62
15.720000	15.903000	72
15.903000	16.081000	75
15.904000	16.267000	58
16.081000	16.269000	74
16.270000	16.452000	77
16.270000	16.633000	51
16.271000	16.634000	60
16.452000	16.634000	75
16.634000	17.184000	74
16.637000	17.369000	58
16.638000	17.736000	53
17.184000	17.277000	75
17.278000	17.370000	74
17.370000	17.547000	72
17.372000	17.736000	57
17.551000	17.737000	74
17.740000	17.925000	75
17.928000	18.118000	76
18.118000	18.814000	77
18.121000	18.814000	58
18.301000	18.667000	65
18.486000	18.814000	62
18.665000	18.814000	75
18.667000	18.842000	65
18.727000	18.814000	74
18.787000	18.843000	72
18.845000	18.937000	70
18.846000	19.028000	55
19.028000	19.116000	70
19.031000	19.202000	62
19.203000	19.301000	70
19.203000	19.395000	58
19.395000	19.482000	70
19.396000	19.580000	62
19.581000	19.809000	75
19.581000	19.913000	51
19.763000	19.913000	77
19.767000	19.941000	60
19.809000	19.896000	75
19.851000	19.913000	74
19.896000	19.942000	75
19.942000	20.305000	79
19.945000	20.119000	55
20.123000	20.309000	60
20.309000	20.673000	69
20.310000	20.487000	53
20.488000	20.673000	63
20.674000	20.851000	60
20.855000	21.033000	63
20.855000	21.033000	81
21.034000	21.384000	82
21.037000	21.397000	50
21.037000	21.764000	58
21.156000	21.384000	77
21.275000	21.398000	74
21.401000	21.764000	51
21.401000	21.764000	79
21.517000	21.764000	75
21.635000	21.764000	72
21.761000	22.111000	77
21.762000	22.118000	62
21.762000	22.490000	53
21.881000	22.111000	74
21.996000	22.119000	70
22.121000	22.490000	75
22.122000	22.490000	63
22.241000	22.490000	72
22.364000	22.490000	69
22.486000	22.983000	70
22.490000	22.983000	58
22.490000	22.983000	62
22.875000	23.259000	46
23.070000	23.263000	65
23.263000	23.353000	70
23.451000	23.546000	69
23.637000	23.735000	70
23.830000	23.924000	72
24.022000	24.417000	74
24.418000	24.806000	74
24.418000	24.807000	70
24.419000	24.807000	58
24.810000	25.195000	70
24.810000	25.195000	74
24.811000	25.196000	55
25.198000	25.584000	72
25.198000	25.584000	75
25.199000	25.585000	51
25.587000	25.978000	72
25.587000	25.979000	53
25.587000	25.979000	69
25.982000	26.360000	41
26.175000	26.361000	65
26.363000	26.455000	72
26.552000	26.643000	70
26.738000	26.833000	72
26.930000	27.021000	74
27.116000	27.519000	75
27.523000	27.903000	67
27.526000	27.904000	75
27.526000	27.908000	60
27.908000	28.299000	72
27.911000	28.302000	75
27.911000	28.303000	57
28.303000	28.688000	77
28.304000	28.689000	69
28.306000	28.691000	53
28.691000	29.083000	70
28.695000	29.087000	58
28.695000	29.087000	74
29.087000	29.465000	46
29.279000	29.469000	70
29.469000	29.559000	74
29.654000	29.745000	72
29.839000	29.930000	74
30.025000	30.115000	76
30.206000	30.574000	77
30.389000	30.575000	57
30.577000	30.756000	60
30.697000	30.820000	77
30.756000	30.942000	57
30.820000	30.943000	79
30.945000	31.057000	81
30.946000	31.299000	65
31.061000	31.179000	79
31.180000	31.302000	77
31.303000	31.422000	76
31.425000	31.543000	74
31.544000	31.666000	72
31.666000	32.037000	70
31.851000	32.041000	55
32.041000	32.219000	58
32.160000	32.282000	76
32.220000	32.398000	55
32.283000	32.398000	77
32.402000	32.520000	79
32.402000	32.766100	64
32.521100	32.643100	77
32.643100	32.766100	76
32.766100	32.888100	74
32.889100	33.003100	72
33.003100	33.125100	70
33.126100	33.217100	69
33.127100	33.489100	65
33.218100	33.311100	72
33.311100	33.402100	70
33.403100	33.490100	69
33.493100	33.581100	70
33.584100	33.676100	72
33.679100	33.762100	74
33.763100	33.854100	76
33.855100	33.941100	77
33.945100	34.036100	79
34.036100	34.126100	81
34.130100	34.214100	82
34.215100	34.316100	84
34.218100	34.592100	53
34.406100	34.593100	69
34.407100	34.593100	65
34.596100	34.960100	69
34.597100	34.960100	65
34.599100	34.777100	48
34.778100	34.961100	60
34.963100	35.145100	67
34.963100	35.146100	64
34.964100	35.146100	59
35.147100	35.330100	60
35.331100	36.059100	79
35.332100	35.695100	58
35.509100	35.880100	60
35.695100	36.059100	58
35.878100	36.059100	76
35.880100	36.059100	60
35.968100	36.059100	72
36.058100	36.426100	77
36.059100	36.241100	57
36.244100	36.427100	60
36.427100	36.794100	78
36.430100	36.612100	57
36.612100	36.795100	60
36.795100	37.529100	79
36.797100	37.158100	58
36.980100	37.343100	60
37.158100	37.529100	58
37.340100	37.529100	76
37.343100	37.529100	60
37.432100	37.529100	72
37.526100	37.886100	77
37.529100	37.703100	57
37.704100	37.886100	60
37.887100	38.071100	57
38.072100	38.257100	60
38.257100	38.347100	79
38.258100	38.435100	58
38.435100	38.991200	79
38.439100	38.804100	60
38.625100	38.991200	58
38.804100	38.991200	60
38.804100	38.991200	76
38.894100	38.991200	72
38.989200	39.079200	77
38.989200	39.167200	57
39.167200	39.261200	77
39.168100	39.352100	60
39.353200	39.447200	78
39.353200	39.538200	57
39.538200	39.625200	78
39.539200	39.716200	60
39.720200	39.807200	79
39.721200	40.080200	58
39.899200	40.448200	79
39.900200	40.262200	60
40.080200	40.448200	58
40.259200	40.448200	76
40.262200	40.448200	60
40.351200	40.448200	72
40.445200	40.823200	77
40.448200	40.806200	57
40.626200	40.823200	60
40.806200	41.187200	57
40.991200	41.187200	60
41.172200	41.546200	78
41.173200	41.533200	58
41.264100	41.442200	79
41.352200	41.546200	60
41.352200	41.546200	81
41.442200	41.546200	79
41.533200	41.897200	77
41.533200	41.900200	58
41.625100	41.900200	76
41.718200	41.900200	74
41.719100	41.900200	60
41.803200	41.900200	72
41.897200	42.174200	77
41.898200	42.642200	57
41.989200	42.642200	72
42.082200	42.355200	81
42.174200	42.642200	77
42.269200	42.447200	84
42.355200	42.541200	81
42.447200	42.628200	84
42.541200	42.642200	81
42.628200	43.010200	84
42.719200	43.010200	82
42.807200	43.010200	81
42.902200	43.010200	79
42.993200	43.357200	65
42.993200	43.360200	77
42.996200	43.360200	57
43.080200	43.360200	75
43.175200	43.356200	74
43.266200	43.360200	72
43.356200	43.630200	74
43.357200	43.717200	58
43.357200	43.721200	65
43.448200	43.699200	70
43.539200	43.699200	77
43.630200	43.721200	74
43.721200	43.991200	82
43.812200	44.078200	77
43.900200	44.078200	86
43.991200	44.085200	82
44.085200	44.393200	86
44.172200	44.393200	84
44.266200	44.393200	82
44.350200	44.809200	81
44.445200	44.809200	79
44.446200	44.809200	65
44.446200	44.809200	67
44.449200	44.809200	58
44.533200	44.809200	77
44.624200	44.809200	76
44.711200	44.809200	74
44.808200	45.547200	72
44.809200	45.534200	60
44.984200	45.352200	69
45.170200	45.547200	65
45.352200	45.547200	69
45.531200	45.670200	81
45.534200	45.904200	60
45.600200	45.740200	79
45.670200	45.803200	81
45.716200	45.904200	70
45.740200	45.874200	79
45.803200	45.904200	81
45.874200	46.013200	79
45.895200	46.265200	64
45.943200	46.262200	81
46.013200	46.170200	79
46.080200	46.265200	70
46.080200	46.265200	77
46.170200	46.265200	79
46.262200	46.349200	81
46.265200	46.618200	65
46.349200	46.439200	82
46.440200	46.527200	84
46.528200	46.622200	82
46.622200	46.713200	81
46.717200	46.800200	79
46.801200	46.895200	77
46.804200	46.986200	67
46.896200	46.986200	76
46.987200	47.073200	77
46.990200	47.347300	69
47.074200	47.164200	79
47.168200	47.259300	81
47.262200	47.347300	79
47.348200	47.441300	77
47.442300	47.525300	75
47.528300	47.620300	74
47.529300	47.710300	57
47.620300	47.714300	73
47.714300	47.801300	74
47.717300	48.070300	58
47.802300	47.892300	76
47.892300	47.977300	77
47.980300	48.074300	75
48.075300	48.158300	74
48.159300	48.253300	72
48.253300	48.344300	70
48.344300	48.431300	69
48.432300	48.522300	67
48.436300	48.799300	34
48.436300	48.800300	46
48.526300	48.617300	69
48.617300	48.704300	70
48.705300	48.800300	69
48.801300	48.890300	67
48.891300	48.978300	65
48.978300	49.068300	64
49.072300	49.163300	62
49.164300	49.348300	60
49.166300	49.352300	48
49.352300	49.436300	62
49.353300	49.527300	57
49.437300	49.527300	64
49.530300	49.622300	65
49.534300	49.709300	53
49.622300	49.710300	67
49.712300	49.800300	69
49.713300	49.888300	57
49.803300	49.888300	70
49.891300	49.981300	72
49.891300	50.069300	48
49.982300	50.070300	74
50.073300	50.160300	76
50.074300	50.248300	57
50.164300	50.248300	77
50.252300	50.342300	79
50.252300	50.430300	53
50.343300	50.431300	81
50.433300	50.521300	82
50.434300	50.612300	57
50.521300	50.616300	84
50.619300	51.355300	48
50.619300	51.364300	77
50.679300	50.802300	79
50.742300	50.864300	81
50.802300	50.931300	79
50.804300	51.176300	58
50.864300	50.987300	81
50.931300	51.050300	79
50.987300	51.116300	81
50.989300	51.364300	52
51.050300	51.173300	79
51.116300	51.232300	81
51.173300	51.295300	79
51.176300	51.364300	58
51.232300	51.355300	81
51.295300	51.364300	79
51.355300	51.474300	81
51.355300	52.153300	48
51.418300	51.534300	79
51.474300	51.596300	81
51.534300	51.656300	79
51.536300	51.901400	58
51.596300	51.719300	81
51.656300	51.809400	79
51.719300	52.153300	81
51.721400	52.153300	52
51.809400	51.999300	79
51.900300	52.152400	77
51.901400	52.153300	58
51.999300	52.153300	79
52.152400	52.278400	77
52.152400	52.453300	53
52.153300	52.454300	57
52.278400	52.456300	77
52.460300	53.097300	53
52.460300	53.097300	57
52.638300	52.824400	77
52.824400	53.000400	77
53.000400	53.181300	77
53.181300	53.552300	57
53.182400	53.552300	53
53.366400	53.549400	77
53.549400	53.728400	77
53.551400	53.917400	55
53.552300	53.917400	53
53.552300	53.919400	58
53.728400	54.007400	77
53.917400	54.532400	53
53.917400	54.532400	55
53.919400	54.532400	58
54.091400	54.276400	77
54.276400	54.459400	77
54.459400	54.818400	77
54.638400	55.008400	53
54.641400	55.011400	56
54.641400	55.011400	59
54.818400	55.008400	77
55.008400	55.183400	77
55.008400	55.733400	53
55.009400	55.368400	60
55.011400	55.366400	57
55.183400	55.368400	77
55.366400	55.736400	57
55.368400	55.736400	61
55.547400	55.740400	77
55.740400	55.922400	77
55.741400	56.106400	58
55.743400	56.107400	62
55.743400	56.490300	53
55.922400	56.107400	77
56.110300	56.492300	59
56.111400	56.492300	62
56.292300	56.489300	77
56.489300	57.948400	60
56.489300	57.948400	77
56.490300	57.948400	53
56.491300	57.948400	63
56.664300	56.850300	81
56.850300	57.948400	81
57.029300	57.210300	84
57.210300	57.759400	84
57.395300	57.578300	87
57.578300	57.948400	87
57.759400	57.945400	84
57.945400	58.694300	84
58.127300	58.305300	81
58.305300	58.694300	81
58.494300	58.680400	77
58.680400	58.865300	77
58.866300	59.054300	76
59.054300	59.253300	76
59.254300	59.484300	77
59.485300	60.031300	77
59.845300	60.209300	58
60.030300	60.209300	74
60.212300	60.391300	70
60.216300	60.570300	62
60.570300	60.762300	70
60.571300	60.948300	67
60.948300	61.315400	75
60.949300	61.315400	60
61.316300	61.678300	79
61.319300	61.679300	63
61.682300	62.043300	69
61.683300	62.044300	65
62.046300	62.410300	63
62.411300	62.596300	72
62.414300	62.774300	62
62.596300	62.778300	70
62.779300	62.956300	74
62.779300	63.142300	57
62.957300	63.143300	72
63.143300	63.320300	75
63.146300	63.503300	58
63.321300	63.503300	74
63.504300	63.688300	77
63.506300	63.874300	51
63.506300	63.874300	60
63.689300	63.875300	75
63.877300	64.419300	74
63.877300	64.976300	53
63.878300	64.601300	58
64.420300	64.511300	75
64.511300	64.606300	74
64.608300	64.784300	72
64.609300	64.977300	57
64.787300	64.977300	74
64.979300	65.169300	75
65.169300	65.354300	76
65.355300	65.899300	77
65.718300	66.086300	58
65.900300	65.963300	75
65.964300	66.022300	74
66.023300	66.086300	72
66.087300	66.264300	70
66.089300	66.446300	62
66.446300	66.628300	70
66.447300	66.817300	67
66.817300	67.174300	75
66.818300	67.178300	60
67.178300	67.541300	79
67.181300	67.542300	63
67.546300	67.905300	69
67.546300	67.910300	65
67.910300	68.273300	63
68.088300	68.274300	69
68.274300	68.452300	70
68.277300	68.633300	62
68.455300	68.634300	74
68.634300	68.819300	67
68.637300	68.998300	63
68.637300	69.001300	51
68.820300	69.002400	72
69.002400	69.376300	70
69.005300	69.379400	62
69.005300	69.747400	53
69.379400	69.747400	69
69.380300	69.750400	60
69.750400	69.939400	70
69.754400	70.118400	58
69.940300	70.027400	65
70.122400	70.212400	67
70.300400	70.394400	69
70.486400	70.572400	70
70.664400	70.755400	72
70.845400	70.930400	74
71.024400	71.118400	75
71.216400	71.983400	58
71.217400	71.983400	77
71.399400	71.767400	65
71.578400	71.983400	62
71.763400	71.983400	74
71.767400	71.983400	65
71.945400	72.119400	70
71.945400	72.124400	55
72.127400	72.309400	62
72.309400	72.494400	70
72.310400	72.495400	58
72.495400	72.680400	62
72.680400	72.907400	75
72.681400	72.998300	51
72.862400	72.998300	77
72.862400	73.041300	60
72.907400	72.995300	75
72.953300	72.998300	74
72.995300	73.041300	75
73.042300	73.405300	79
73.044300	73.219300	55
73.220300	73.407300	60
73.408300	73.586300	53
73.408300	73.771300	69
73.586300	73.772300	63
73.772300	73.957300	60
73.957300	74.135400	63
74.136300	74.318300	72
74.139300	74.500400	62
74.318300	74.503400	70
74.507300	74.682300	74
74.508400	74.867300	57
74.508400	75.228400	62
74.686300	74.868300	72
74.871400	75.049400	75
74.872300	75.228400	58
75.050300	75.229400	74
75.231400	75.413400	77
75.231400	75.599400	51
75.232400	75.599400	60
75.414400	75.602400	75
75.602400	76.145400	74
75.606400	76.330400	58
75.606400	76.701400	53
76.146400	76.236400	75
76.239400	76.331400	74
76.334400	76.512400	72
76.334400	76.702400	57
76.512400	76.704400	74
76.705400	76.890400	75
76.890400	77.086400	76
77.087400	77.741400	58
77.087400	77.741400	77
77.265400	77.635400	65
77.447400	77.741400	62
77.633400	77.741400	75
77.635400	77.811400	65
77.689400	77.748400	74
77.749400	77.811400	72
77.814400	77.898400	70
77.814400	77.989400	55
77.992400	78.077400	70
77.993400	78.171400	62
78.171400	78.265400	70
78.172400	78.356400	58
78.357400	78.448400	70
78.360400	78.542400	62
78.543400	78.770400	75
78.546400	78.858400	51
78.725400	78.858400	77
78.726400	78.909400	60
78.770400	78.858400	75
78.815400	78.860400	74
78.861400	78.910400	75
78.910400	79.270400	79
78.911400	79.088400	55
79.088400	79.271400	60
79.271400	79.634400	69
79.272400	79.445400	53
79.449300	79.635400	63
79.637400	79.820400	60
79.820400	79.998300	81
79.821400	79.999300	63
80.002400	80.376300	82
80.003300	80.376300	50
80.005300	80.719300	58
80.121400	80.376300	77
80.237400	80.376300	74
80.360400	80.705400	79
80.362400	80.719300	51
80.482400	80.705400	75
80.604400	80.720400	72
80.723400	81.097300	77
80.723400	81.452400	53
80.724400	81.097300	62
80.842300	81.097300	74
80.965300	81.097300	70
81.087300	81.452400	75
81.090400	81.452400	63
81.209300	81.452400	72
81.328400	81.452400	69
81.448400	81.955300	70
81.451400	81.955300	58
81.451400	81.955300	62
81.844300	82.224400	46
82.032400	82.225400	65
82.225400	82.315400	70
82.413400	82.507400	69
82.602400	82.700300	70
82.791400	82.889400	72
82.984400	83.376300	74
83.379400	83.768400	70
83.379400	83.768400	74
83.383300	83.769300	58
83.772300	84.156300	70
83.772300	84.157300	74
83.773300	84.159300	55
84.160300	84.552300	72
84.160300	84.553300	75
84.161300	84.553300	51
84.555300	84.940300	72
84.556300	84.941300	69
84.556300	84.944300	53
84.944300	85.322300	41
85.136300	85.325300	65
85.325300	85.420300	72
85.514300	85.605300	70
85.700300	85.797300	72
85.892300	85.987300	74
86.081300	86.484300	75
86.487300	86.865300	67
86.488300	86.869300	75
86.488300	86.870300	60
86.872300	87.261300	72
86.872300	87.261300	75
86.873300	87.262300	57
87.264300	87.657300	69
87.264300	87.657300	77
87.268300	87.660300	53
87.660300	88.051300	74
87.660300	88.052300	70
87.661300	88.052300	58
88.055300	88.430300	46
88.244300	88.431300	70
88.431300	88.528300	74
88.619300	88.713300	72
88.808300	88.899300	74
88.989300	89.084300	75
89.175300	89.480300	77
89.578300	89.872300	62
89.578300	89.872300	77
89.582300	89.876300	58
89.976300	90.281400	77
89.981300	90.282300	58
89.981300	90.282300	62
90.379300	90.680400	77
90.380300	90.681300	58
90.380300	90.681300	62
90.785400	92.286400	78
90.789300	91.542400	57
90.789300	91.542400	60
90.988300	91.174300	72
91.174300	91.356400	74
91.357300	91.542400	75
91.543300	91.727400	75
91.545400	92.291400	50
91.545400	92.291400	57
91.728300	91.908400	74
91.913400	92.101400	74
92.105400	92.293400	72
92.294300	93.060400	70
92.294300	93.061400	79
92.294300	93.833300	51
92.494300	92.679400	55
92.680400	92.860400	57
92.865400	93.061400	58
93.064400	93.252400	58
93.064400	93.834400	73
93.253400	93.446400	57
93.446400	93.638400	57
93.639400	93.834400	55
93.837300	94.230300	74
93.838400	94.230300	50
93.838400	94.230300	54
94.519400	94.618400	62
94.619300	95.013300	74
95.013300	95.402300	74
95.402300	96.171300	82
95.403300	96.164300	55
95.599300	95.979300	58
95.794300	96.171300	62
95.977300	96.171300	81
95.979300	96.171300	58
96.039300	96.162300	79
96.102300	96.171300	78
96.162300	96.567300	79
96.164300	96.567300	55
96.347300	96.567300	58
96.533300	96.924300	74
96.537300	96.924300	62
96.729300	96.924300	58
96.922300	97.677300	75
96.924300	97.677300	55
97.121300	97.499300	60
97.313300	97.677300	63
97.499300	97.684300	60
97.589300	97.684300	67
97.685300	98.051400	79
97.685300	98.437300	55
97.863300	98.240400	60
98.051400	98.437300	79
98.052300	98.437300	63
98.240400	98.437300	60
98.433400	99.203400	53
98.433400	99.203400	87
98.622400	98.998300	60
98.808400	99.203400	63
98.997400	99.203400	86
98.998300	99.203400	60
99.056400	99.183400	84
99.116400	99.203400	83
99.183400	99.943400	55
99.183400	99.945400	84
99.364400	99.742400	60
99.547400	99.945400	75
99.549400	99.945400	63
99.742400	99.945400	60
99.942400	100.463000	74
99.943400	100.463000	55
100.138000	100.463000	58
100.342000	100.540000	62
100.541000	100.722000	73
100.723000	100.911000	74
100.911000	101.008000	82
101.107000	101.205000	81
101.300000	101.397000	79
101.495000	101.831000	78
101.495000	101.884000	60
101.499000	101.884000	57
101.499000	101.888000	63
101.787000	101.838000	79
101.838000	101.888000	81
101.889000	101.974000	79
101.891000	102.076000	58
101.891000	102.077000	62
102.077000	102.175000	79
102.279000	102.468000	85
102.472000	102.668000	86
102.669000	102.759000	82
102.854000	102.958000	79
103.056000	103.452000	78
103.057000	103.452000	63
103.060000	103.452000	57
103.061000	103.452000	60
103.348000	103.445000	79
103.396000	103.452000	81
103.445000	103.540000	79
103.446000	103.637000	58
103.446000	103.638000	62
103.641000	103.830000	74
103.830000	103.927000	79
104.026000	104.128000	79
104.226000	104.323000	79
104.421000	104.527000	79
104.624000	104.932000	79
104.625000	105.416000	58
104.625000	106.209000	51
104.933000	104.978000	81
104.979000	105.030000	82
105.031000	105.125000	81
105.222000	105.321000	79
105.416000	105.514000	77
105.417000	106.210000	55
105.611000	105.709000	75
105.808000	105.905000	74
106.007000	106.105000	73
106.210000	106.406000	73
106.214000	106.609000	54
106.214000	106.612000	57
106.406000	106.613000	74
106.613000	106.906000	74
106.613000	107.004000	50
106.616000	107.004000	54
106.617000	107.005000	57
107.008000	107.298000	74
107.008000	107.400000	50
107.009000	107.400000	54
107.011000	107.400000	57
107.404000	107.708000	74
107.404000	107.812000	50
107.405000	107.813000	54
107.407000	107.813000	57
107.813000	107.872000	73
107.877000	107.942000	74
107.946000	108.013000	75
108.016000	109.430000	74
108.205000	108.604000	53
108.208000	108.605000	57
108.209000	108.607000	50
108.604000	108.994000	53
108.605000	108.996000	57
108.607000	108.997000	50
108.994000	109.430000	53
108.996000	109.430000	57
108.997000	109.430000	50
109.430000	111.017000	77
109.815000	110.208000	50
109.816000	110.208000	53
109.816000	110.209000	58
110.208000	110.603000	50
110.208000	110.603000	53
110.209000	110.604000	58
110.603000	111.017000	50
110.603000	111.017000	53
110.604000	111.017000	58
111.016000	112.574000	62
111.017000	112.574000	56
111.401000	111.790000	46
111.401000	111.792000	53
111.790000	112.182000	46
111.792000	112.181000	53
112.181000	112.574000	53
112.182000	112.574000	46
112.570000	112.955000	55
112.571000	113.595000	63
112.573000	112.955000	39
112.573000	112.958000	51
112.958000	113.319000	51
113.322000	113.686000	55
113.595000	113.687000	58
113.687000	113.959000	62
113.690000	114.053000	56
113.959000	114.054000	58
114.054000	114.429000	63
114.057000	114.429000	55
114.331000	114.429000	58
114.424000	114.792000	65
114.428000	114.792000	50
114.698000	114.792000	58
114.786000	115.170000	51
114.786000	115.170000	67
115.062000	115.170000	58
115.157000	115.457000	68
115.157000	115.545000	53
115.444000	115.545000	58
115.546000	116.675000	65
115.923000	116.287000	46
116.291000	116.675000	50
116.560000	116.675000	58
116.650000	117.022000	64
116.651000	117.022000	49
116.928000	117.022000	58
117.019000	117.407000	65
117.021000	117.407000	50
117.292000	117.407000	58
117.386000	117.785000	67
117.389000	117.785000	52
117.659000	117.785000	58
117.751000	118.114000	68
117.753000	118.114000	53
118.023000	118.114000	58
118.111000	118.509000	70
118.114000	118.509000	50
118.408000	118.509000	58
118.506000	118.880000	67
118.509000	118.884000	51
118.884000	119.240000	39
119.062000	119.244000	70
119.245000	119.506000	75
119.509000	119.601000	77
119.602000	119.889000	79
119.605000	119.972000	55
119.605000	119.975000	63
119.888000	119.976000	70
119.976000	120.245000	72
120.246000	120.336000	74
120.340000	120.714000	75
120.343000	120.714000	56
120.343000	120.714000	63
120.619000	120.714000	67
120.714000	120.984000	68
120.984000	121.071000	70
121.071000	121.365000	72
121.072000	121.441000	60
121.075000	121.442000	63
121.348000	121.442000	68
121.446000	121.621000	58
121.446000	121.624000	63
121.446000	121.806000	67
121.809000	121.988000	46
121.988000	122.166000	70
122.170000	122.440000	75
122.440000	122.534000	77
122.535000	122.845000	79
122.535000	122.898000	55
122.537000	122.901000	63
122.814000	122.902000	71
122.902000	123.171000	72
123.172000	123.259000	74
123.262000	123.584000	75
123.263000	123.630000	56
123.263000	123.630000	63
123.545000	123.631000	67
123.633000	123.903000	68
123.906000	123.997000	70
123.997000	124.309000	72
123.998000	124.369000	63
124.001000	124.369000	60
124.274000	124.370000	68
124.372000	124.561000	58
124.372000	124.561000	63
124.372000	124.749000	67
124.750000	124.942000	46
124.942000	125.120000	67
125.124000	125.306000	70
125.310000	125.495000	69
125.496000	125.870000	60
125.496000	125.873000	63
125.685000	125.874000	69
125.877000	126.058000	72
126.059000	126.241000	70
126.244000	126.615000	55
126.244000	126.615000	63
126.433000	126.616000	71
126.619000	126.801000	74
126.619000	126.980000	56
126.620000	126.980000	63
126.802000	126.982000	72
126.983000	127.165000	75
126.983000	127.346000	56
126.987000	127.347000	53
127.166000	127.347000	74
127.350000	127.532000	77
127.351000	127.710000	58
127.351000	127.711000	55
127.532000	127.714000	75
127.715000	127.896000	77
127.715000	128.078000	55
127.717000	128.079000	58
127.896000	128.079000	76
128.079000	128.260000	79
128.081000	128.442000	53
128.082000	128.446000	56
128.082000	128.446000	58
128.264000	128.447000	77
128.447000	128.627000	80
128.449000	128.813000	51
128.450000	128.813000	55
128.450000	128.817000	58
128.628000	128.817000	79
128.818000	128.995000	82
128.820000	129.181000	50
128.820000	129.181000	53
128.824000	129.182000	58
128.996000	129.184000	80
130.098000	130.283000	77
130.284000	130.556000	79
130.286000	130.650000	63
130.287000	130.651000	70
130.557000	130.651000	75
130.651000	130.920000	72
130.654000	131.015000	68
130.655000	131.016000	56
130.923000	131.016000	77
131.018000	131.379000	75
131.019000	131.379000	67
131.019000	131.774000	58
131.382000	131.778000	74
131.383000	131.778000	65
131.778000	131.959000	82
131.779000	132.149000	50
131.781000	132.149000	53
131.781000	132.149000	58
131.964000	132.150000	80
133.059000	133.244000	77
133.245000	133.513000	79
133.245000	133.608000	63
133.247000	133.612000	70
133.518000	133.612000	75
133.613000	133.881000	72
133.615000	133.976000	68
133.616000	133.976000	56
133.882000	133.977000	77
133.977000	134.347000	75
133.979000	134.729000	58
133.980000	134.347000	67
134.350000	134.732000	65
134.350000	134.732000	74
134.732000	134.826000	67
134.829000	135.302000	79
135.306000	135.488000	75
135.492000	135.677000	72
135.492000	136.244000	67
135.494000	136.247000	63
135.862000	136.055000	72
136.247000	136.611000	77
136.248000	136.986000	71
136.251000	136.993000	62
136.611000	136.993000	80
136.993000	137.178000	71
136.997000	137.364000	65
136.997000	137.368000	68
137.556000	137.741000	71
137.742000	137.931000	74
137.745000	139.205000	67
137.746000	138.105000	63
137.931000	138.110000	72
138.110000	138.288000	75
138.112000	138.473000	59
138.292000	138.474000	74
138.474000	138.651000	77
138.477000	138.837000	60
138.656000	138.842000	75
138.842000	139.205000	62
139.026000	139.208000	71
139.208000	139.386000	74
139.209000	140.289000	67
139.212000	139.565000	63
139.387000	139.565000	72
139.566000	139.751000	75
139.569000	139.930000	59
139.752000	139.933000	74
139.933000	140.111000	77
139.934000	140.294000	60
140.112000	140.294000	75
140.294000	140.475000	77
140.479000	140.667000	76
140.668000	141.214000	77
141.214000	141.392000	74
141.393000	141.575000	70
141.397000	142.131000	62
141.397000	142.131000	65
141.760000	141.945000	70
142.132000	142.499000	75
142.134000	142.856000	69
142.134000	142.859000	60
142.499000	142.859000	78
142.860000	143.041000	69
142.863000	143.233000	66
142.863000	143.234000	63
143.412000	143.600000	69
143.601000	143.779000	72
143.604000	143.965000	61
143.605000	145.078000	65
143.779000	143.966000	70
143.966000	144.151000	73
143.969000	144.332000	57
144.151000	144.333000	72
144.333000	144.518000	75
144.336000	144.710000	58
144.518000	144.711000	73
144.711000	145.081000	60
144.895000	145.081000	69
145.085000	145.260000	72
145.085000	145.446000	61
145.086000	146.183000	65
145.263000	145.446000	70
145.447000	145.624000	73
145.449000	145.805000	57
145.627000	145.806000	72
145.806000	145.991000	75
145.810000	146.184000	58
145.991000	146.184000	73
146.187000	146.548000	58
146.188000	146.549000	65
146.369000	146.453000	73
146.551000	146.734000	73
146.737000	146.912000	71
146.915000	147.279000	65
146.916000	147.279000	56
147.093000	147.283000	71
147.283000	147.461000	71
147.462000	147.640000	70
147.640000	148.004000	54
147.643000	148.008000	61
147.821000	148.008000	70
148.009000	148.186000	70
148.189000	148.372000	80
148.372000	148.736000	53
148.373000	148.739000	62
148.557000	148.739000	80
148.743000	148.924000	80
148.925000	149.102000	78
149.103000	149.470000	63
149.104000	149.471000	51
149.288000	149.471000	78
149.474000	149.656000	78
149.656000	149.834000	77
149.835000	150.198000	53
149.838000	150.199000	61
150.020000	150.202000	77
150.202000	150.380000	77
150.381000	150.566000	76
150.566000	150.930000	61
150.569000	150.930000	54
150.747000	150.934000	76
150.934000	151.333000	82
150.937000	151.651000	64
150.937000	152.375000	54
151.291000	151.473000	84
151.333000	151.428000	82
151.378000	151.574000	81
151.428000	151.574000	82
151.473000	151.651000	84
151.651000	152.012000	85
151.655000	152.379000	58
152.012000	152.380000	76
152.382000	152.558000	77
152.383000	153.096000	57
152.383000	153.828000	53
152.558000	152.736000	76
152.737000	152.918000	77
152.918000	153.097000	72
153.100000	153.282000	75
153.101000	153.828000	58
153.282000	153.464000	73
153.465000	153.642000	72
153.643000	153.831000	70
153.831000	154.010000	78
153.832000	154.553000	57
153.835000	155.298000	53
154.011000	154.189000	77
154.189000	154.374000	76
154.375000	154.553000	77
154.556000	154.738000	75
154.556000	155.299000	58
154.739000	154.924000	73
154.927000	155.109000	72
155.112000	155.299000	70
155.301000	155.721000	69
155.302000	155.484000	65
155.302000	155.721000	72
155.484000	155.721000	65
155.672000	156.085000	70
155.673000	156.085000	73
155.848000	156.040000	65
156.037000	156.505000	72
156.040000	156.215000	65
156.040000	156.505000	69
156.215000	156.505000	65
156.398000	156.779000	70
156.398000	156.779000	76
156.585000	156.779000	65
156.775000	157.222000	77
156.776000	157.222000	69
156.779000	156.958000	65
156.958000	157.222000	65
157.146000	157.590000	70
157.146000	157.590000	73
157.321000	157.507000	65
157.506000	157.880000	72
157.507000	157.688000	65
157.507000	157.881000	69
157.688000	157.881000	65
157.884000	158.253000	70
157.885000	158.253000	76
158.060000	158.253000	65
158.249000	158.427000	77
158.252000	158.665000	69
158.253000	158.616000	53
158.253000	158.665000	65
158.427000	158.665000	77
158.616000	159.263000	53
158.617000	159.263000	57
158.790000	158.974000	77
158.974000	159.159000	77
159.159000	159.337000	77
159.337000	159.701000	53
159.338000	159.705000	57
159.515000	159.701000	77
159.701000	159.884000	77
159.701000	160.069000	53
159.702000	160.069000	58
159.702000	160.070000	55
159.884000	160.201000	77
160.069000	160.660000	53
160.069000	160.660000	58
160.070000	160.660000	55
160.243000	160.433000	77
160.433000	160.611000	77
160.611000	160.790000	77
160.790000	161.160000	53
160.791000	161.165000	59
160.793000	161.165000	56
160.975000	161.158000	77
161.158000	161.336000	77
161.160000	161.885000	53
161.161000	161.521000	60
161.164000	161.522000	57
161.336000	161.522000	77
161.523000	161.888000	57
161.525000	161.889000	61
161.700000	161.889000	77
161.892000	162.071000	77
161.893000	162.256000	62
161.893000	162.257000	58
161.893000	162.634000	53
162.071000	162.260000	77
162.260000	162.634000	59
162.263000	162.638000	62
162.448000	162.638000	77
162.639000	162.725000	77
162.641000	164.090000	63
162.641000	164.091000	60
162.642000	164.093000	53
162.819000	163.002000	65
163.002000	163.180000	64
163.181000	163.365000	65
163.366000	163.547000	66
163.548000	163.729000	67
163.730000	163.912000	68
163.912000	164.094000	69
164.097000	164.279000	70
164.279000	164.457000	71
164.458000	164.643000	72
164.643000	164.821000	73
164.822000	165.006000	74
165.011000	165.193000	75
165.196000	165.385000	76
165.389000	165.594000	77
165.595000	166.145000	77
165.958000	166.326000	58
166.141000	166.327000	74
166.327000	166.505000	70
166.330000	166.687000	62
166.688000	166.880000	70
166.688000	167.065000	67
167.066000	167.429000	75
167.066000	167.430000	60
167.430000	167.790000	79
167.432000	167.791000	63
167.793000	168.161000	65
167.793000	168.161000	69
168.162000	168.525000	63
168.528000	168.706000	72
168.529000	168.891000	62
168.707000	168.892000	70
168.892000	169.071000	74
168.896000	169.252000	57
169.074000	169.253000	72
169.253000	169.438000	75
169.256000	169.616000	58
169.438000	169.621000	74
169.621000	169.806000	77
169.622000	169.980000	51
169.623000	169.985000	60
169.806000	169.987000	75
169.987000	170.533000	74
169.988000	170.719000	58
169.988000	171.094000	53
170.534000	170.628000	75
170.629000	170.723000	74
170.723000	170.901000	72
170.724000	171.094000	57
170.902000	171.095000	74
171.097000	171.279000	75
171.280000	171.472000	76
171.472000	172.018000	77
171.835000	172.192000	58
172.018000	172.081000	75
172.081000	172.136000	74
172.141000	172.196000	72
172.199000	172.382000	70
172.200000	172.560000	62
172.561000	172.746000	70
172.561000	172.931000	67
172.931000	173.292000	75
172.935000	173.293000	60
173.295000	173.659000	79
173.296000	173.659000	63
173.660000	174.020000	69
173.663000	174.020000	65
174.021000	174.384000	63
174.205000	174.384000	69
174.387000	174.566000	70
174.387000	174.752000	62
174.567000	174.752000	74
174.752000	174.930000	67
174.753000	175.115000	51
174.755000	175.116000	63
174.930000	175.118000	72
175.119000	175.486000	70
175.119000	175.487000	62
175.119000	175.864000	53
175.489000	175.865000	69
175.490000	175.865000	60
175.868000	176.049000	70
175.869000	176.235000	58
176.050000	176.140000	65
176.235000	176.329000	67
176.417000	176.508000	69
176.596000	176.686000	70
176.781000	176.869000	72
176.956000	177.047000	74
177.134000	177.233000	75
177.328000	177.986000	58
177.335000	177.986000	77
177.514000	177.874000	65
177.692000	177.986000	62
177.874000	178.058000	74
177.874000	178.059000	65
178.059000	178.237000	70
178.062000	178.237000	55
178.241000	178.419000	62
178.420000	178.605000	58
178.420000	178.605000	70
178.606000	178.790000	62
178.791000	179.018000	75
178.791000	179.102000	51
178.973000	179.102000	77
178.974000	179.154000	60
179.018000	179.102000	75
179.064000	179.109000	74
179.110000	179.158000	75
179.159000	179.336000	55
179.159000	179.515000	79
179.337000	179.518000	60
179.518000	179.889000	69
179.519000	179.700000	53
179.704000	179.889000	63
179.889000	180.064000	60
180.067000	180.254000	63
180.254000	180.432000	72
180.255000	180.610000	62
180.432000	180.614000	70
180.614000	180.799000	74
180.617000	181.345000	62
180.618000	180.977000	57
180.799000	180.978000	72
180.978000	181.163000	75
180.982000	181.346000	58
181.163000	181.346000	74
181.348000	181.524000	77
181.349000	181.709000	51
181.349000	181.710000	60
181.524000	181.713000	75
181.714000	182.262000	74
181.716000	182.444000	58
181.716000	182.812000	53
182.263000	182.353000	75
182.354000	182.448000	74
182.451000	182.626000	72
182.451000	182.812000	57
182.629000	182.815000	74
182.815000	183.004000	75
183.005000	183.196000	76
183.197000	183.886000	58
183.197000	183.886000	77
183.375000	183.744000	65
183.564000	183.886000	62
183.744000	183.886000	75
183.744000	183.921000	65
183.806000	183.886000	74
183.866000	183.922000	72
183.924000	184.012000	70
183.925000	184.103000	55
184.103000	184.194000	70
184.104000	184.289000	62
184.289000	184.373000	70
184.290000	184.475000	58
184.475000	184.565000	70
184.478000	184.656000	62
184.660000	184.888000	75
184.663000	184.978000	51
184.842000	184.978000	77
184.843000	185.017000	60
184.888000	184.971000	75
184.926000	184.978000	74
184.971000	185.020000	75
185.020000	185.384000	79
185.024000	185.198000	55
185.199000	185.384000	60
185.385000	185.749000	69
185.388000	185.562000	53
185.566000	185.752000	63
185.752000	185.930000	60
185.931000	186.108000	81
185.931000	186.112000	63
186.113000	186.486000	82
186.113000	186.836000	58
186.115000	186.486000	50
186.232000	186.486000	77
186.354000	186.486000	74
186.477000	186.829000	79
186.479000	186.837000	51
186.592000	186.829000	75
186.715000	186.837000	72
186.838000	187.218000	77
186.840000	187.218000	62
186.841000	187.568000	53
186.959000	187.218000	74
187.082000	187.218000	70
187.198000	187.568000	75
187.201000	187.568000	63
187.320000	187.568000	72
187.442000	187.568000	69
187.565000	187.950000	70
187.566000	187.950000	58
187.568000	187.951000	62
187.953000	188.339000	46
188.149000	188.342000	65
188.342000	188.432000	70
188.531000	188.625000	69
188.716000	188.810000	70
188.909000	189.000000	72
189.101000	189.493000	74
189.494000	189.882000	70
189.497000	189.882000	74
189.498000	189.885000	58
189.885000	190.270000	70
189.889000	190.274000	55
189.889000	190.274000	74
190.278000	190.663000	72
190.278000	190.663000	75
190.279000	190.663000	51
190.664000	191.054000	72
190.666000	191.058000	53
190.666000	191.058000	69
191.058000	191.439000	41
191.254000	191.440000	65
191.443000	191.530000	72
191.629000	191.722000	70
191.814000	191.909000	72
192.006000	192.101000	74
192.199000	192.595000	75
192.595000	192.982000	67
192.596000	192.983000	75
192.597000	192.986000	60
192.987000	193.378000	75
192.989000	193.379000	72
192.990000	193.379000	57
193.382000	193.767000	77
193.383000	193.768000	69
193.383000	193.770000	53
193.770000	194.163000	70
193.771000	194.163000	74
193.774000	194.164000	58
194.166000	194.544000	46
194.358000	194.544000	70
194.548000	194.638000	74
194.733000	194.824000	75
194.914000	195.009000	77
195.100000	195.194000	79
195.285000	195.475000	80
195.660000	195.860000	65
195.661000	195.864000	58
195.661000	195.864000	68
195.661000	195.866000	50
195.664000	195.867000	38
196.059000	196.258000	68
196.059000	196.259000	58
196.060000	196.259000	65
196.063000	196.262000	38
196.063000	196.263000	50
196.459000	196.675000	68
196.462000	196.675000	65
196.462000	196.676000	60
196.466000	196.679000	36
196.466000	196.679000	48
196.888000	197.281000	65
196.889000	197.282000	62
196.892000	197.282000	67
196.893000	197.282000	47
196.893000	197.284000	35
197.285000	197.652000	59
197.469000	197.653000	74
197.653000	197.743000	79
197.833000	197.928000	78
198.023000	198.113000	79
198.023000	198.387000	67
198.024000	198.387000	58
198.208000	198.303000	74
198.387000	198.586000	77
198.391000	198.775000	60
198.391000	198.776000	67
198.587000	198.779000	75
198.779000	199.146000	48
198.968000	199.149000	67
199.150000	199.241000	72
199.242000	199.332000	71
199.335000	199.423000	74
199.423000	199.514000	72
199.515000	199.601000	75
199.602000	199.689000	74
199.689000	199.780000	77
199.784000	199.867000	75
199.868000	200.053000	79
200.238000	200.441000	67
200.242000	200.442000	60
200.242000	200.444000	63
200.243000	200.445000	36
200.245000	200.445000	48
200.645000	200.844000	60
200.648000	200.845000	63
200.648000	200.845000	67
200.649000	200.845000	48
200.652000	200.847000	36
201.047000	201.260000	60
201.047000	201.260000	66
201.051000	201.264000	34
201.051000	201.264000	63
201.051000	201.267000	46
201.481000	201.866000	63
201.482000	201.867000	65
201.484000	201.867000	45
201.484000	201.867000	60
201.485000	201.869000	33
201.870000	202.237000	57
202.054000	202.238000	72
202.240000	202.328000	77
202.422000	202.513000	76
202.608000	202.698000	77
202.608000	202.979000	57
202.612000	202.979000	65
202.793000	202.888000	72
202.979000	203.171000	75
202.983000	203.361000	58
202.983000	203.361000	65
203.172000	203.364000	74
203.367000	203.728000	46
203.486000	203.609000	82
203.609000	203.729000	81
203.731000	203.850000	82
203.850000	203.966000	81
203.970000	204.088000	79
204.089000	204.208000	77
204.211000	204.329000	75
204.334000	204.452000	74
204.453000	204.638000	72
204.642000	204.823000	51
204.827000	205.012000	58
204.946000	205.068000	72
205.013000	205.191000	55
205.069000	205.191000	74
205.195000	205.313000	75
205.195000	205.559000	60
205.314000	205.436000	74
205.437000	205.559000	72
205.560000	205.677000	79
205.682000	205.800000	77
205.803000	205.922000	75
205.923000	206.279000	74
206.104000	206.283000	53
206.286000	206.461000	58
206.402000	206.528000	82
206.465000	206.647000	56
206.528000	206.649000	81
206.650000	206.769000	82
206.651000	207.007000	62
206.769000	206.891000	80
206.896000	207.008000	79
207.011000	207.130000	77
207.134000	207.252000	75
207.254000	207.378000	74
207.379000	207.747000	75
207.561000	207.747000	55
207.747000	207.925000	63
207.870000	207.985000	75
207.926000	208.108000	58
207.986000	208.108000	77
208.109000	208.226000	79
208.111000	208.472000	67
208.230000	208.349000	77
208.352000	208.472000	75
208.475000	208.601000	82
208.602000	208.723000	80
208.723000	208.849000	79
208.850000	209.216000	77
209.028000	209.217000	50
209.217000	209.396000	58
209.336000	209.459000	82
209.396000	209.581000	53
209.459000	209.582000	81
209.584000	209.696000	82
209.585000	209.941000	62
209.696000	209.819000	80
209.822000	209.942000	79
209.942000	210.061000	77
210.064000	210.182000	79
210.186000	210.305000	80
210.306000	210.428000	79
210.309000	212.489000	51
210.428000	210.550000	82
210.551000	210.673000	81
210.674000	210.796000	79
210.796000	210.914000	81
210.919000	211.037000	82
211.041000	211.159000	75
211.041000	211.764000	55
211.160000	211.282000	79
211.282000	211.405000	77
211.405000	211.520000	75
211.521000	211.642000	77
211.642000	211.765000	79
211.765000	211.884000	72
211.766000	212.490000	60
211.885000	212.007000	75
212.010000	212.128000	74
212.132000	212.244000	72
212.245000	212.367000	74
212.371000	212.493000	75
212.494000	212.608000	67
212.494000	213.214000	60
212.495000	213.215000	52
212.612000	212.734000	70
212.735000	212.853000	69
212.854000	212.969000	67
212.973000	213.091000	69
213.092000	213.217000	70
213.217000	213.495000	69
213.221000	213.560000	53
213.309000	213.560000	65
213.402000	213.560000	67
213.403000	213.581000	60
213.495000	213.582000	69
213.582000	213.935000	70
213.585000	213.935000	57
213.676000	213.935000	72
213.761000	213.935000	74
213.764000	213.939000	60
213.854000	213.942000	76
213.942000	214.334000	77
213.946000	214.334000	53
214.033000	214.334000	79
214.128000	214.334000	81
214.131000	214.334000	60
214.212000	214.334000	82
214.303000	214.492000	84
214.304000	214.492000	57
214.489000	214.579000	75
214.491000	214.674000	60
214.674000	214.947000	74
214.675000	215.020000	53
214.762000	215.020000	70
214.853000	215.020000	72
214.855000	215.030000	62
214.947000	215.034000	74
215.034000	215.380000	75
215.038000	215.380000	58
215.126000	215.380000	77
215.214000	215.380000	79
215.216000	215.391000	62
215.304000	215.392000	81
215.395000	215.744000	53
215.395000	215.744000	82
215.486000	215.744000	84
215.574000	215.744000	86
215.574000	215.751000	62
215.664000	215.752000	87
215.755000	216.049000	89
215.756000	216.049000	58
215.941000	216.122000	82
215.941000	216.126000	62
216.127000	216.491000	81
216.127000	216.493000	53
216.211000	216.396000	82
216.305000	216.493000	84
216.307000	216.493000	63
216.396000	216.493000	82
216.491000	216.865000	60
216.491000	216.865000	81
216.578000	216.865000	82
216.669000	216.865000	84
216.672000	216.865000	63
216.757000	216.865000	86
216.851000	217.212000	87
216.852000	217.212000	53
216.938000	217.212000	86
217.030000	217.212000	84
217.032000	217.212000	60
217.117000	217.212000	82
217.211000	217.579000	57
217.211000	217.579000	81
217.295000	217.579000	79
217.393000	217.579000	77
217.394000	217.579000	60
217.484000	217.579000	75
217.576000	217.848000	74
217.579000	217.957000	53
217.663000	217.957000	77
217.754000	217.943000	75
217.758000	217.957000	62
217.848000	217.957000	74
217.943000	218.304000	58
217.943000	218.304000	75
218.034000	218.304000	77
218.122000	218.304000	79
218.124000	218.304000	62
218.212000	218.304000	81
218.300000	218.632000	82
218.304000	218.632000	53
218.395000	218.632000	81
218.483000	218.632000	79
218.485000	218.667000	62
218.573000	218.668000	77
218.668000	219.046000	75
218.670000	219.046000	58
218.759000	219.046000	74
218.847000	219.042000	72
218.849000	219.046000	62
218.940000	219.046000	70
219.039000	219.219000	77
219.041000	219.224000	69
219.042000	219.227000	72
219.042000	219.409000	57
219.042000	219.409000	60
219.045000	219.412000	53
219.413000	219.605000	65
219.798000	219.976000	51
219.798000	220.343000	72
219.980000	220.165000	53
220.165000	220.344000	51
220.344000	220.435000	69
220.347000	220.522000	53
220.438000	220.526000	65
220.526000	220.894000	70
220.527000	220.711000	50
220.712000	220.894000	53
220.897000	221.264000	71
220.900000	221.079000	50
221.082000	221.268000	53
221.268000	221.810000	72
221.271000	221.446000	51
221.446000	221.624000	53
221.628000	221.814000	51
221.814000	221.901000	69
221.816000	221.992000	53
221.902000	221.993000	65
221.993000	222.353000	70
221.995000	222.171000	50
222.174000	222.353000	53
222.354000	222.538000	50
222.539000	222.724000	53
222.724000	222.815000	72
222.727000	222.909000	51
222.909000	223.269000	72
222.912000	223.091000	53
223.091000	223.270000	51
223.270000	223.361000	69
223.273000	223.455000	53
223.364000	223.455000	65
223.459000	223.543000	70
223.459000	223.637000	50
223.637000	223.728000	70
223.638000	223.819000	53
223.820000	223.913000	71
223.822000	224.005000	50
224.005000	224.092000	71
224.008000	224.186000	53
224.187000	224.281000	72
224.187000	224.365000	51
224.365000	224.733000	72
224.369000	224.547000	53
224.548000	224.733000	51
224.734000	224.820000	69
224.735000	224.911000	53
224.821000	224.912000	65
224.914000	225.279000	70
224.915000	225.093000	50
225.094000	225.280000	65
225.280000	225.457000	62
225.458000	225.639000	65
225.639000	226.023000	83
225.640000	226.007000	63
225.730000	225.910000	84
225.818000	226.023000	86
225.821000	226.023000	65
225.910000	226.023000	84
226.007000	226.365000	82
226.007000	226.367000	63
226.091000	226.367000	81
226.186000	226.367000	79
226.187000	226.367000	65
226.276000	226.367000	77
226.365000	226.644000	82
226.367000	226.735000	62
226.458000	226.728000	77
226.550000	226.728000	86
226.644000	226.735000	82
226.739000	226.917000	89
226.823000	227.008000	86
226.917000	227.015000	89
227.008000	227.095000	86
227.096000	227.186000	89
227.189000	227.281000	87
227.281000	227.369000	86
227.369000	227.459000	84
227.460000	227.547000	82
227.463000	227.826000	58
227.463000	227.827000	50
227.550000	227.641000	81
227.641000	227.732000	79
227.736000	227.827000	77
227.830000	228.100000	79
227.831000	228.192000	51
227.831000	228.192000	58
227.914000	228.192000	75
228.005000	228.191000	82
228.100000	228.192000	79
228.191000	228.366000	82
228.278000	228.461000	81
228.366000	228.516000	82
228.461000	228.544000	81
228.548000	228.639000	82
228.639000	228.729000	81
228.734000	228.821000	79
228.822000	228.912000	77
228.912000	228.996000	75
228.913000	229.276000	58
228.915000	229.279000	51
228.915000	229.279000	60
229.000000	229.090000	74
229.094000	229.185000	72
229.186000	229.283000	70
229.283000	229.324000	65
229.284000	229.457000	53
229.363000	229.458000	77
229.458000	229.549000	79
229.461000	229.640000	62
229.549000	229.640000	77
229.640000	229.730000	75
229.641000	229.822000	58
229.731000	229.825000	74
229.826000	229.909000	72
229.826000	230.003000	62
229.909000	230.004000	70
230.004000	230.137000	74
230.008000	230.378000	53
230.074000	230.207000	72
230.137000	230.277000	74
230.186000	230.378000	63
230.207000	230.347000	72
230.277000	230.378000	74
230.347000	230.480000	72
230.368000	230.686000	57
230.417000	230.686000	74
230.480000	230.641000	72
230.551000	230.686000	70
230.553000	230.728000	63
230.641000	230.729000	72
230.731000	230.823000	74
230.732000	231.092000	58
230.823000	230.914000	75
230.914000	231.001000	77
231.002000	231.096000	75
231.096000	231.180000	74
231.183000	231.275000	72
231.275000	231.368000	70
231.277000	231.453000	60
231.369000	231.453000	69
231.456000	231.547000	70
231.460000	231.820000	62
231.547000	231.638000	72
231.642000	231.725000	74
231.729000	231.820000	72
231.821000	231.908000	70
231.908000	231.998000	68
231.999000	232.093000	67
232.003000	232.181000	38
232.003000	232.181000	50
232.093000	232.181000	66
232.184000	232.271000	67
232.184000	232.545000	39
232.185000	232.545000	51
232.272000	232.366000	69
232.367000	232.454000	70
232.454000	232.549000	69
232.549000	232.632000	67
232.633000	232.727000	65
232.728000	232.814000	63
232.814000	232.905000	62
232.906000	232.996000	60
232.999000	233.091000	62
233.092000	233.178000	63
233.182000	233.272000	62
233.273000	233.357000	60
233.358000	233.451000	58
233.451000	233.543000	57
233.546000	233.636000	55
233.637000	233.819000	53
233.640000	235.086000	41
233.641000	235.089000	29
233.819000	233.909000	55
233.910000	234.004000	57
234.005000	234.088000	58
234.092000	234.183000	60
234.183000	234.270000	62
234.271000	234.365000	63
234.366000	234.456000	67
234.456000	234.539000	65
234.544000	234.634000	63
234.637000	234.729000	62
234.729000	234.817000	63
234.817000	234.907000	65
234.908000	234.995000	67
234.996000	235.093000	69
235.093000	235.176000	70
235.094000	235.450000	41
235.094000	235.450000	50
235.096000	235.451000	46
235.177000	235.267000	69
235.268000	235.362000	67
235.363000	235.451000	65
235.454000	235.540000	67
235.541000	235.628000	69
235.629000	235.723000	70
235.723000	235.807000	72
235.807000	235.901000	74
235.811000	236.174000	46
235.811000	236.175000	50
235.814000	236.175000	41
235.902000	235.989000	72
235.989000	236.080000	70
236.083000	236.177000	69
236.178000	236.261000	70
236.262000	236.353000	72
236.353000	236.440000	74
236.444000	236.534000	75
236.535000	236.713000	77
236.535000	236.899000	58
236.538000	236.899000	53
236.539000	236.899000	62
236.629000	236.807000	74
236.713000	236.899000	77
236.807000	236.899000	74
236.899000	237.074000	82
236.990000	237.165000	77
237.074000	237.347000	82
237.165000	237.977000	77
237.256000	237.435000	86
237.347000	237.526000	82
237.435000	237.704000	86
237.526000	237.973000	82
237.613000	237.795000	89
237.704000	237.879000	86
237.795000	237.977000	89
237.879000	237.977000	86
237.973000	238.149000	82
238.061000	238.240000	86
238.149000	238.422000	82
238.240000	239.411000	86
238.327000	238.509000	77
238.422000	238.596000	82
238.509000	238.781000	77
238.596000	239.411000	82
238.687000	238.869000	74
238.781000	238.957000	77
238.869000	239.139000	74
238.957000	239.411000	77
239.048000	239.230000	70
239.139000	239.321000	74
239.230000	239.411000	70
239.321000	239.411000	74
239.409000	239.594000	65
239.410000	239.595000	53
239.595000	239.775000	62
239.780000	240.326000	77
239.782000	239.958000	58
239.961000	240.143000	62
240.144000	240.326000	53
240.326000	240.416000	79
240.329000	240.504000	62
240.417000	240.505000	77
240.507000	240.598000	75
240.508000	240.685000	58
240.598000	240.686000	74
240.686000	240.776000	72
240.689000	240.864000	62
240.777000	240.865000	70
240.868000	242.143000	70
240.869000	241.599000	53
240.927000	241.054000	72
240.991000	241.109000	74
241.054000	241.173000	72
241.054000	241.418000	63
241.109000	241.236000	74
241.173000	241.295000	72
241.236000	241.351000	74
241.239000	241.965000	60
241.295000	241.418000	72
241.351000	241.474000	74
241.418000	241.536000	72
241.418000	241.779000	63
241.474000	241.597000	74
241.536000	241.656000	72
241.597000	241.719000	74
241.599000	242.331000	53
241.656000	241.778000	72
241.719000	241.841000	74
241.778000	241.897000	72
241.779000	242.145000	63
241.841000	241.964000	74
241.897000	242.048000	72
241.964000	242.331000	74
241.965000	242.331000	60
242.048000	242.236000	72
242.143000	242.328000	70
242.145000	242.331000	63
242.236000	242.331000	72
242.328000	242.514000	70
242.331000	242.696000	62
242.331000	242.699000	58
242.514000	242.768000	70
242.696000	243.296000	62
242.699000	243.296000	58
242.873000	243.056000	70
243.056000	243.241000	70
243.241000	243.598000	70
243.420000	243.784000	58
243.420000	243.785000	62
243.598000	243.785000	70
243.783000	243.959000	72
243.784000	244.147000	58
243.784000	244.147000	69
243.959000	244.256000	72
244.147000	244.788000	58
244.147000	244.788000	69
244.325000	244.508000	72
244.508000	244.683000	72
244.683000	244.862000	72
244.865000	245.233000	58
244.869000	245.236000	69
245.050000	245.236000	72
245.233000	245.411000	74
245.233000	245.592000	58
245.236000	245.590000	68
245.411000	245.775000	74
245.590000	245.953000	68
245.592000	245.957000	58
245.775000	245.957000	74
245.960000	246.135000	75
245.961000	246.318000	58
245.961000	246.318000	67
246.135000	246.373000	75
246.318000	246.681000	67
246.318000	246.682000	58
246.496000	246.682000	76
246.682000	246.864000	77
246.685000	247.043000	62
246.686000	247.043000	58
246.864000	247.165000	77
247.043000	247.406000	58
247.043000	247.409000	62
247.220000	247.409000	78
247.409000	247.588000	79
247.410000	247.770000	58
247.413000	247.784000	63
247.588000	247.784000	79
247.770000	247.864000	81
247.770000	248.145000	58
247.771000	248.145000	60
247.955000	248.050000	81
248.145000	248.546000	74
248.148000	248.326000	46
248.148000	248.326000	58
248.235000	248.414000	82
248.324000	248.505000	86
248.326000	248.546000	46
248.326000	248.546000	58
248.414000	248.546000	82
248.505000	248.684000	86
248.599000	248.778000	82
248.684000	248.886000	46
248.684000	248.886000	86
248.687000	248.886000	58
248.778000	248.886000	82
248.866000	249.208000	74
248.869000	249.047000	50
248.869000	249.048000	62
248.957000	249.140000	82
249.047000	249.208000	50
249.047000	249.208000	86
249.048000	249.208000	62
249.140000	249.229000	82
249.230000	249.412000	86
249.317000	249.499000	82
249.412000	249.594000	46
249.412000	249.594000	86
249.413000	249.594000	58
249.499000	249.594000	82
249.593000	249.961000	74
249.594000	249.776000	43
249.594000	249.776000	55
249.677000	249.860000	82
249.772000	249.950000	86
249.776000	249.961000	43
249.776000	249.961000	55
249.860000	249.961000	82
249.950000	250.129000	86
250.042000	250.224000	82
250.129000	250.315000	86
250.132000	250.315000	43
250.133000	250.315000	55
250.224000	250.315000	82
250.314000	250.493000	58
250.314000	250.643000	74
250.315000	250.493000	46
250.402000	250.584000	82
250.492000	250.643000	86
250.493000	250.643000	46
250.493000	250.643000	58
250.584000	250.675000	82
250.675000	250.857000	86
250.763000	250.949000	82
250.857000	251.040000	86
250.858000	251.040000	43
250.860000	251.040000	55
250.949000	251.040000	82
251.037000	251.354000	74
251.039000	251.225000	38
251.039000	251.225000	50
251.127000	251.316000	82
251.224000	251.354000	86
251.225000	251.354000	38
251.225000	251.354000	50
251.316000	251.407000	82
251.407000	251.593000	86
251.501000	251.687000	82
251.593000	251.805000	86
251.595000	251.805000	38
251.595000	251.805000	50
251.687000	251.805000	82
251.787000	251.882000	74
251.788000	251.988000	39
251.788000	251.988000	51
251.883000	252.086000	82
251.984000	252.195000	86
251.988000	252.211000	39
251.988000	252.211000	51
252.086000	252.211000	82
252.195000	252.404000	86
252.196000	252.404000	40
252.196000	252.404000	52
252.295000	252.505000	82
252.404000	252.681000	86
252.404000	252.688000	40
252.404000	252.688000	52
252.505000	252.681000	82
252.681000	254.115000	82
252.681000	254.115000	86
252.684000	254.115000	41
252.684000	254.115000	74
252.684000	254.115000	77
252.687000	254.115000	53
254.234000	254.322000	65
254.322000	254.406000	69
254.407000	254.493000	67
254.497000	254.581000	70
254.581000	254.668000	69
254.669000	254.759000	72
254.763000	254.857000	70
254.959000	255.046000	69
255.047000	255.137000	72
255.141000	255.225000	70
255.225000	255.320000	74
255.320000	255.407000	72
255.408000	255.498000	75
255.499000	255.589000	74
255.683000	255.778000	72
255.779000	255.876000	75
255.876000	255.967000	74
255.971000	256.065000	77
256.068000	256.163000	75
256.166000	256.271000	79
256.272000	256.457000	53
256.273000	256.818000	77
256.458000	256.635000	62
256.638000	256.817000	58
256.818000	257.003000	74
256.818000	257.004000	62
257.004000	257.182000	70
257.006000	257.185000	53
257.185000	257.363000	62
257.364000	257.546000	70
257.364000	257.549000	58
257.549000	257.734000	62
257.735000	257.912000	75
257.738000	257.913000	53
257.916000	257.961000	77
257.917000	258.102000	63
257.962000	258.007000	75
258.008000	258.053000	74
258.054000	258.102000	75
258.103000	258.276000	60
258.103000	258.459000	79
258.281000	258.459000	63
258.460000	258.830000	69
258.463000	258.644000	53
258.645000	258.830000	63
258.834000	259.012000	60
259.013000	259.201000	63
259.205000	259.852000	53
259.206000	259.852000	77
259.383000	259.752000	61
259.564000	259.852000	58
259.751000	259.929000	73
259.752000	259.930000	61
259.930000	260.108000	70
259.932000	260.108000	53
260.111000	260.293000	61
260.297000	260.479000	58
260.297000	260.479000	70
260.482000	260.660000	61
260.661000	260.892000	75
260.664000	260.972000	53
260.846000	260.972000	77
260.849000	261.024000	63
260.892000	260.972000	75
260.934000	260.979000	74
260.980000	261.024000	75
261.025000	261.392000	78
261.028000	261.203000	60
261.207000	261.392000	63
261.393000	261.756000	69
261.396000	261.570000	53
261.571000	261.756000	63
261.760000	261.938000	60
261.939000	262.124000	63
262.124000	262.214000	70
262.125000	262.487000	54
262.125000	262.490000	61
262.309000	262.491000	82
262.491000	262.670000	84
262.670000	262.855000	85
262.856000	263.034000	84
263.037000	263.212000	82
263.213000	263.398000	80
263.401000	263.579000	78
263.580000	264.318000	77
263.583000	265.049000	54
263.764000	263.943000	58
263.947000	264.129000	60
264.133000	264.318000	61
264.319000	265.050000	76
264.322000	264.496000	61
264.497000	264.682000	60
264.682000	264.864000	60
264.865000	265.050000	58
265.052000	265.228000	77
265.053000	265.418000	53
265.053000	265.418000	57
265.228000	265.596000	77
265.418000	266.064000	53
265.418000	266.064000	57
265.596000	265.778000	77
265.778000	265.956000	77
265.956000	266.138000	77
266.139000	266.505000	53
266.141000	266.506000	57
266.320000	266.503000	77
266.503000	266.684000	77
266.505000	266.870000	53
266.505000	266.870000	58
266.506000	266.869000	55
266.684000	267.002000	77
266.869000	267.450000	55
266.870000	267.450000	53
266.870000	267.450000	58
267.044000	267.235000	77
267.235000	267.413000	77
267.413000	267.591000	77
267.591000	267.965000	56
267.592000	267.965000	59
267.594000	267.964000	53
267.776000	267.962000	77
267.962000	268.137000	77
267.962000	268.326000	57
267.963000	268.330000	60
267.964000	268.689000	53
268.137000	268.330000	77
268.326000	268.690000	57
268.326000	268.690000	61
268.501000	268.691000	77
268.693000	268.875000	77
268.694000	269.057000	58
268.694000	269.060000	62
268.695000	269.443000	53
268.875000	269.061000	77
269.064000	269.445000	59
269.065000	269.445000	62
269.250000	269.442000	77
269.442000	270.905000	77
269.443000	270.905000	53
269.443000	270.905000	63
269.445000	270.905000	60
269.624000	269.803000	81
269.803000	270.905000	81
269.985000	270.170000	84
270.170000	270.716000	84
270.349000	270.534000	87
270.534000	270.905000	87
270.716000	270.905000	84
270.905000	271.531000	84
271.080000	271.266000	81
271.266000	271.531000	81
271.448000	271.629000	77
271.630000	271.822000	77
271.822000	272.014000	76
272.015000	272.210000	76
272.214000	272.438000	77
272.438000	272.634000	77
272.442000	272.635000	53
272.635000	272.827000	76
272.637000	272.827000	57
272.827000	273.596000	75
272.830000	273.022000	57
273.026000	273.215000	60
273.218000	273.401000	60
273.404000	273.601000	63
273.601000	274.335000	75
273.603000	273.779000	63
273.779000	273.964000	60
273.965000	274.150000	60
274.150000	274.339000	57
274.339000	274.615000	75
274.340000	274.520000	57
274.525000	274.710000	53
274.710000	274.993000	75
274.711000	274.898000	54
274.899000	275.084000	55
275.084000	275.357000	75
275.085000	275.262000	56
275.266000	275.452000	57
275.452000	275.857000	74
275.455000	275.637000	58
275.637000	275.857000	58
275.823000	276.195000	77
275.826000	276.195000	68
276.001000	276.194000	58
276.193000	276.645000	75
276.194000	276.369000	58
276.194000	276.645000	67
276.369000	276.645000	58
276.551000	276.919000	74
276.554000	276.919000	66
276.733000	276.919000	58
276.916000	277.307000	67
276.918000	277.307000	75
276.919000	277.101000	58
277.101000	277.307000	58
277.296000	277.713000	70
277.296000	277.713000	79
277.464000	277.657000	58
277.653000	278.017000	77
277.657000	277.832000	58
277.657000	278.017000	68
277.832000	278.017000	58
278.021000	278.389000	67
278.021000	278.389000	76
278.195000	278.389000	58
278.385000	278.846000	68
278.389000	278.570000	58
278.389000	278.750000	77
278.570000	278.846000	58
278.750000	279.154000	77
278.753000	279.154000	80
278.934000	279.119000	58
279.117000	279.508000	75
279.118000	279.508000	79
279.119000	279.295000	58
279.295000	279.508000	58
279.477000	279.845000	74
279.477000	279.845000	77
279.655000	279.848000	58
279.844000	280.023000	79
279.845000	280.024000	74
279.845000	280.026000	77
279.845000	280.198000	59
280.023000	280.141000	79
280.024000	280.141000	74
280.026000	280.141000	77
280.198000	280.565000	47
280.201000	280.565000	59
280.376000	280.569000	74
280.380000	280.569000	77
280.380000	280.570000	79
280.570000	280.750000	87
280.572000	280.749000	79
280.572000	280.751000	75
280.572000	280.929000	60
280.573000	280.929000	48
280.749000	280.838000	79
280.750000	280.838000	87
280.751000	280.839000	75
280.933000	281.296000	58
280.933000	281.297000	46
281.111000	281.297000	79
281.112000	281.300000	72
281.112000	281.301000	75
281.301000	281.482000	77
281.304000	281.480000	72
281.304000	281.482000	75
281.304000	281.657000	45
281.305000	281.658000	57
281.480000	281.633000	72
281.482000	281.633000	75
281.482000	281.633000	77
281.658000	282.014000	57
281.660000	282.018000	45
281.836000	282.018000	72
281.836000	282.021000	77
281.837000	282.022000	75
282.022000	282.200000	77
282.023000	282.200000	74
282.024000	282.201000	86
282.025000	282.374000	46
282.025000	282.378000	58
282.200000	282.353000	74
282.200000	282.353000	77
282.201000	282.353000	86
282.379000	282.742000	57
282.379000	282.743000	45
282.560000	282.743000	70
282.564000	282.746000	74
282.564000	282.746000	77
282.747000	282.932000	74
282.749000	282.932000	70
282.750000	282.933000	75
282.750000	283.106000	55
282.753000	283.110000	43
282.932000	283.089000	70
282.932000	283.089000	74
282.933000	283.089000	75
283.111000	283.470000	43
283.111000	283.474000	55
283.289000	283.477000	74
283.289000	283.477000	75
283.289000	283.478000	70
283.478000	283.659000	84
283.481000	283.656000	72
283.481000	283.660000	75
283.482000	283.838000	57
283.484000	283.838000	45
283.656000	283.820000	72
283.659000	283.820000	84
283.660000	283.820000	75
283.841000	284.206000	43
283.841000	284.206000	55
284.019000	284.206000	72
284.019000	284.209000	69
284.020000	284.209000	75
284.209000	284.388000	72
284.213000	284.387000	74
284.213000	284.391000	69
284.213000	284.569000	54
284.214000	284.570000	42
284.387000	284.549000	74
284.388000	284.549000	72
284.391000	284.549000	69
284.573000	284.936000	54
284.573000	284.937000	42
284.755000	284.937000	69
284.755000	284.940000	72
284.758000	284.941000	74
284.941000	285.122000	82
284.942000	285.119000	74
284.943000	285.122000	70
284.944000	285.297000	43
284.944000	285.298000	55
285.119000	285.237000	74
285.122000	285.237000	70
285.122000	285.237000	82
285.298000	285.661000	53
285.300000	285.662000	41
285.483000	285.665000	70
285.483000	285.666000	67
285.483000	285.666000	74
285.666000	285.855000	72
285.668000	285.854000	70
285.669000	285.854000	67
285.672000	286.032000	39
285.673000	286.032000	51
285.854000	286.032000	67
285.854000	286.032000	70
285.855000	286.032000	72
285.857000	286.032000	55
286.029000	286.214000	58
286.215000	286.393000	55
286.215000	286.393000	72
286.396000	286.574000	82
286.396000	286.575000	51
286.575000	286.666000	82
286.576000	286.753000	55
286.753000	286.938000	82
286.757000	286.942000	58
286.943000	287.118000	55
286.943000	287.118000	72
287.121000	287.211000	74
287.125000	287.306000	53
287.306000	287.390000	74
287.307000	287.484000	56
287.485000	287.670000	58
287.671000	287.845000	74
287.671000	287.846000	56
287.846000	288.031000	82
287.848000	288.031000	53
288.032000	288.119000	82
288.034000	288.202000	56
288.205000	288.384000	82
288.206000	288.384000	58
288.385000	288.569000	74
288.388000	288.570000	56
288.570000	288.661000	75
288.573000	288.749000	55
288.752000	288.842000	75
288.752000	288.937000	58
288.937000	289.115000	63
289.116000	289.294000	76
289.117000	289.298000	58
289.298000	289.389000	77
289.301000	289.483000	50
289.484000	289.571000	77
289.484000	289.662000	56
289.662000	289.847000	58
289.848000	290.030000	78
289.850000	290.030000	56
290.030000	290.215000	79
290.031000	290.216000	51
290.216000	290.299000	79
290.217000	290.393000	63
290.394000	290.484000	81
290.396000	290.579000	48
290.579000	290.673000	81
290.582000	290.764000	60
290.765000	290.859000	82
290.765000	290.950000	50
290.950000	291.040000	82
290.951000	291.135000	62
291.136000	291.230000	84
291.138000	291.328000	45
291.328000	291.418000	84
291.328000	291.520000	57
291.520000	292.295000	85
291.521000	292.319000	46
291.521000	292.319000	58
292.102000	292.319000	84
292.148000	292.246000	82
292.196000	292.319000	81
292.246000	292.319000	82
292.295000	293.095000	85
292.298000	293.099000	42
292.298000	293.099000	54
292.896000	293.099000	84
292.941000	293.040000	82
292.994000	293.099000	81
293.040000	293.099000	82
293.095000	294.573000	85
293.096000	294.222000	40
293.096000	294.222000	52
294.296000	294.573000	82
294.384000	294.573000	79
294.468000	294.573000	76
294.562000	294.919000	73
294.650000	294.919000	70
294.744000	294.919000	67
294.835000	294.933000	64
294.933000	295.314000	61
295.028000	295.314000	58
295.125000	295.314000	55
295.224000	295.321000	52
295.322000	295.759000	50
295.427000	295.759000	46
295.531000	295.759000	43
295.633000	295.759000	40
295.746000	296.844000	41
295.748000	296.844000	53
296.934000	297.117000	57
297.034000	297.134000	55
297.134000	297.408000	53
297.226000	297.408000	55
297.320000	297.408000	57
297.407000	297.999000	58
297.499000	297.999000	60
297.586000	297.999000	62
297.674000	297.999000	63
297.754000	297.999000	65
297.835000	297.999000	67
297.922000	298.002000	69
298.006000	298.443000	70
298.080000	298.443000	72
298.160000	298.443000	74
298.237000	298.443000	75
298.314000	298.443000	77
298.387000	298.461000	79
298.461000	298.915000	81
298.531000	298.915000	82
298.608000	298.915000	84
298.678000	298.915000	86
298.748000	298.915000	87
298.818000	298.915000	89
299.784000	299.976000	70
299.980000	300.071000	70
300.071000	300.161000	72
300.162000	300.249000	74
300.250000	300.344000	72
300.344000	300.428000	74
300.432000	300.515000	72
300.516000	300.603000	74
300.604000	300.687000	72
300.687000	300.771000	74
300.771000	300.854000	72
300.855000	300.935000	74
300.936000	301.016000	72
301.016000	301.093000	74
301.093000	301.173000	72
301.174000	301.331000	74
301.176000	303.379000	60
301.177000	303.379000	63
301.177000	303.382000	53
301.177000	303.382000	57
301.248000	301.408000	72
301.331000	301.485000	74
301.408000	301.563000	72
301.485000	301.639000	74
301.563000	301.720000	72
301.639000	301.775000	74
301.720000	301.792000	72
301.793000	302.248000	71
301.878000	302.248000	72
301.954000	302.248000	74
302.035000	302.248000	75
302.108000	302.248000	77
302.186000	302.258000	79
302.258000	302.654000	81
302.336000	302.654000	82
302.409000	302.654000	84
302.479000	302.626000	86
302.556000	302.654000	87
302.626000	302.693000	86
302.696000	303.039000	89
302.783000	303.038000	87
302.864000	303.039000	86
302.948000	303.039000	84
303.038000	303.360000	87
303.123000	303.360000	86
303.208000	303.360000	84
303.291000	303.360000	82
303.382000	303.694000	86
303.459000	303.694000	84
303.547000	303.694000	82
303.634000	303.694000	81
303.714000	304.050000	84
303.803000	304.050000	82
303.889000	304.050000	81
303.970000	304.050000	79
304.058000	304.331000	81
304.229000	304.401000	79
304.401000	304.481000	77
304.568000	304.656000	75
304.736000	305.045000	79
304.911000	305.086000	77
305.087000	305.174000	75
305.258000	305.346000	74
305.433000	305.689000	79
305.608000	305.786000	77
305.787000	305.874000	75
305.962000	306.048000	74
306.140000	306.703000	77
306.497000	306.854000	75
306.857000	307.028000	74
307.208000	307.389000	72
307.565000	307.655000	70
307.750000	307.845000	72
307.935000	308.026000	73
308.128000	308.226000	74
308.323000	309.346000	75
309.347000	310.644000	76
310.645000	311.194000	77
311.012000	311.372000	58
311.194000	311.372000	74
311.376000	311.557000	70
311.377000	311.737000	62
311.737000	311.929000	70
311.740000	312.115000	67
312.115000	312.296000	75
312.117000	312.481000	60
312.297000	312.342000	77
312.343000	312.388000	75
312.388000	312.437000	74
312.437000	312.482000	75
312.482000	312.842000	79
312.485000	312.843000	63
312.843000	313.206000	69
312.845000	313.207000	65
313.210000	313.577000	63
313.392000	313.578000	69
313.581000	313.760000	72
313.582000	313.938000	62
313.760000	313.939000	70
313.941000	314.123000	74
313.942000	314.302000	57
313.942000	314.670000	65
314.124000	314.305000	72
314.305000	314.483000	75
314.306000	314.670000	58
314.487000	314.671000	74
314.673000	314.848000	77
314.673000	315.034000	51
314.674000	315.037000	60
314.851000	315.037000	75
315.041000	315.586000	74
315.041000	315.768000	58
315.041000	316.139000	53
315.586000	315.678000	75
315.681000	315.769000	74
315.769000	315.954000	72
315.771000	316.140000	57
315.954000	316.140000	74
316.140000	316.329000	75
316.329000	316.521000	76
316.522000	316.616000	46
316.522000	317.066000	77
316.700000	316.888000	58
316.888000	317.067000	62
317.067000	317.126000	75
317.071000	317.246000	58
317.127000	317.189000	74
317.190000	317.249000	72
317.250000	317.340000	43
317.250000	317.428000	70
317.428000	317.518000	70
317.429000	317.606000	55
317.606000	317.696000	70
317.610000	317.791000	58
317.795000	317.976000	70
317.796000	317.981000	55
317.981000	318.162000	75
317.982000	318.071000	36
318.163000	318.212000	77
318.166000	318.344000	48
318.212000	318.250000	75
318.250000	318.296000	74
318.299000	318.345000	75
318.348000	318.523000	51
318.348000	318.712000	79
318.524000	318.713000	48
318.713000	319.069000	69
318.714000	318.796000	41
318.887000	319.070000	53
319.072000	319.255000	57
319.255000	319.436000	77
319.258000	319.437000	53
319.437000	319.790000	74
319.440000	319.797000	58
319.559000	319.790000	77
319.679000	319.798000	82
319.798000	320.143000	79
319.800000	320.161000	51
319.923000	320.143000	75
320.039000	320.161000	72
320.162000	320.508000	77
320.165000	320.525000	53
320.284000	320.508000	74
320.407000	320.529000	70
320.530000	320.903000	41
320.530000	320.903000	75
320.652000	320.903000	72
320.771000	320.903000	69
320.901000	321.246000	70
320.901000	321.263000	50
320.903000	321.267000	58
321.023000	321.145000	82
321.145000	321.267000	82
321.267000	321.394000	82
321.394000	321.512000	82
321.512000	321.634000	82
321.635000	321.757000	82
321.758000	321.880000	81
321.880000	321.995000	79
321.996000	322.118000	77
321.998000	322.359000	50
321.999000	322.363000	58
322.118000	322.240000	75
322.240000	322.363000	74
322.366000	322.738000	72
322.367000	322.738000	51
322.367000	322.738000	58
322.489000	322.605000	79
322.605000	322.737000	79
322.737000	322.856000	79
322.856000	322.979000	79
322.979000	323.098000	79
323.101000	323.220000	79
323.220000	323.342000	77
323.343000	323.462000	75
323.465000	323.580000	74
323.465000	323.822000	51
323.469000	323.822000	57
323.581000	323.703000	75
323.704000	323.826000	72
323.826000	324.190000	76
323.829000	324.190000	50
323.829000	324.914000	58
323.913000	324.092000	77
324.005000	324.190000	79
324.092000	324.190000	77
324.186000	324.543000	75
324.187000	324.550000	55
324.278000	324.543000	74
324.364000	324.543000	72
324.459000	324.551000	70
324.553000	324.729000	74
324.554000	324.915000	51
324.638000	324.795000	72
324.729000	324.852000	74
324.795000	324.907000	72
324.852000	324.917000	74
324.918000	325.037000	72
324.921000	325.285000	57
324.922000	325.288000	53
324.980000	325.253000	74
325.037000	325.195000	72
325.103000	325.253000	70
325.195000	325.289000	72
325.292000	325.380000	70
325.293000	325.663000	50
325.293000	325.667000	58
325.474000	325.565000	82
325.568000	325.668000	81
325.668000	325.751000	82
325.751000	325.845000	81
325.846000	325.936000	82
325.937000	326.031000	81
326.031000	326.122000	82
326.125000	326.209000	81
326.212000	326.303000	79
326.303000	326.395000	77
326.395000	326.710000	75
326.398000	326.762000	50
326.398000	326.762000	58
326.490000	326.710000	74
326.577000	326.710000	72
326.671000	326.762000	70
326.766000	326.853000	67
326.766000	327.133000	58
326.766000	327.134000	51
326.947000	327.039000	79
327.039000	327.134000	78
327.136000	327.220000	79
327.221000	327.312000	78
327.315000	327.406000	79
327.406000	327.497000	78
327.500000	327.591000	79
327.595000	327.686000	77
327.686000	327.777000	75
327.778000	327.871000	74
327.872000	328.235000	51
327.872000	328.235000	72
327.873000	328.235000	60
327.959000	328.235000	70
328.050000	328.235000	69
328.145000	328.235000	67
328.233000	328.586000	65
328.235000	328.586000	53
328.417000	328.586000	67
328.418000	328.603000	62
328.509000	328.604000	69
328.604000	328.964000	70
328.607000	328.964000	58
328.694000	328.964000	72
328.785000	328.964000	74
328.786000	328.967000	62
328.877000	328.971000	75
328.971000	329.321000	77
328.972000	329.321000	53
329.055000	329.321000	79
329.149000	329.321000	81
329.152000	329.328000	62
329.237000	329.328000	82
329.331000	329.685000	58
329.331000	329.685000	84
329.416000	329.685000	86
329.509000	329.685000	87
329.510000	329.685000	62
329.594000	329.685000	89
329.685000	330.417000	53
329.685000	330.778000	82
329.745000	329.867000	84
329.804000	329.926000	86
329.867000	329.989000	84
329.870000	330.238000	63
329.926000	330.049000	86
329.989000	330.112000	84
330.049000	330.171000	86
330.051000	330.777000	60
330.112000	330.235000	84
330.171000	330.291000	86
330.235000	330.351000	84
330.238000	330.597000	63
330.291000	330.414000	86
330.351000	330.473000	84
330.414000	330.529000	86
330.417000	330.778000	53
330.473000	330.596000	84
330.529000	330.652000	86
330.596000	330.715000	84
330.597000	330.778000	63
330.652000	330.775000	86
330.715000	330.778000	84
330.775000	331.143000	86
330.777000	331.143000	60
330.869000	331.048000	84
330.961000	331.142000	82
330.963000	331.143000	63
331.048000	331.143000	84
331.142000	331.474000	62
331.142000	331.474000	82
331.328000	331.513000	58
331.514000	331.877000	62
331.692000	332.056000	58
331.877000	332.244000	62
332.056000	332.426000	58
332.244000	332.619000	62
332.423000	332.619000	70
332.426000	332.619000	58
332.615000	333.207000	80
332.619000	332.980000	65
332.802000	333.169000	58
332.980000	333.207000	65
333.168000	333.346000	77
333.169000	333.347000	58
333.347000	333.532000	74
333.350000	333.532000	68
333.533000	333.717000	58
333.718000	333.896000	68
333.718000	333.896000	74
333.900000	334.078000	58
334.079000	334.261000	75
334.079000	334.264000	67
334.264000	334.449000	58
334.450000	334.634000	77
334.453000	334.635000	62
334.635000	334.820000	58
334.820000	335.005000	79
334.821000	335.006000	63
335.006000	335.191000	58
335.191000	335.377000	63
335.378000	335.558000	79
335.380000	335.559000	58
335.559000	336.283000	77
335.562000	335.927000	60
335.745000	336.113000	58
335.745000	336.283000	75
335.926000	336.283000	74
335.927000	336.283000	60
336.112000	336.293000	72
336.113000	336.294000	58
336.297000	337.040000	70
336.298000	336.664000	60
336.477000	336.847000	69
336.479000	336.851000	58
336.662000	337.044000	75
336.664000	337.044000	60
336.847000	337.044000	69
336.851000	337.043000	58
337.040000	337.127000	70
337.043000	337.396000	58
337.043000	337.396000	62
337.217000	337.308000	72
337.400000	337.491000	74
337.581000	337.669000	75
337.764000	337.858000	76
337.949000	338.040000	77
338.135000	338.225000	78
338.320000	338.415000	79
338.512000	339.149000	80
338.513000	338.877000	65
338.692000	339.062000	58
338.877000	339.149000	65
339.060000	339.149000	79
339.062000	339.237000	58
339.115000	339.177000	77
339.182000	339.238000	75
339.238000	339.332000	74
339.240000	339.423000	68
339.423000	339.510000	74
339.427000	339.605000	58
339.605000	339.692000	74
339.606000	339.784000	68
339.784000	339.874000	74
339.785000	339.962000	58
339.965000	340.336000	75
339.966000	340.329000	67
340.151000	340.336000	58
340.337000	340.456000	79
340.337000	340.658000	62
340.395000	340.518000	77
340.456000	340.658000	79
340.518000	340.655000	77
340.519000	340.700000	58
340.609000	340.658000	75
340.655000	340.704000	77
340.704000	341.074000	79
340.705000	340.886000	63
340.887000	341.075000	58
341.075000	341.250000	63
341.253000	341.438000	79
341.254000	341.439000	58
341.439000	342.202000	77
341.442000	341.807000	60
341.625000	342.202000	75
341.628000	341.993000	58
341.806000	342.202000	74
341.807000	342.178000	60
341.992000	342.202000	72
341.993000	342.202000	58
342.178000	342.548000	60
342.178000	342.814000	70
342.363000	342.741000	69
342.364000	342.742000	58
342.548000	342.814000	60
342.548000	342.814000	75
342.741000	342.930000	69
342.742000	342.930000	58
342.931000	343.312000	70
342.933000	343.315000	58
342.933000	343.315000	62
343.504000	343.690000	74
343.693000	344.263000	60
343.693000	344.263000	77
343.694000	344.431000	53
343.871000	344.263000	75
344.057000	344.263000	72
344.060000	344.435000	63
344.249000	344.435000	69
344.438000	344.809000	70
344.439000	344.810000	62
344.439000	344.813000	58
344.999000	345.096000	74
345.097000	345.194000	70
345.195000	345.884000	60
345.195000	345.884000	77
345.198000	345.971000	53
345.387000	345.884000	75
345.580000	345.884000	72
345.581000	345.972000	63
345.775000	345.972000	69
345.975000	346.388000	70
345.975000	346.391000	58
345.975000	346.392000	62
346.581000	346.776000	77
346.777000	346.975000	75
346.780000	346.976000	72
346.781000	346.976000	77
346.783000	346.979000	81
346.784000	346.980000	41
346.784000	346.980000	53
347.172000	347.375000	72
347.175000	347.376000	81
347.175000	347.378000	75
347.175000	347.378000	77
347.179000	347.382000	41
347.179000	347.382000	53
347.577000	347.784000	70
347.581000	347.784000	82
347.582000	347.785000	74
347.582000	347.785000	77
347.585000	347.788000	34
347.585000	347.788000	46
