OnsetTime	OffsetTime	MidiPitch
0.525982	1.795990	52
0.528986	1.165980	59
0.528986	1.795990	55
1.165980	1.477990	60
1.477990	1.799990	59
1.799990	2.755980	71
1.802980	3.081980	59
1.802980	3.083980	51
1.802980	3.083980	54
2.117990	3.083980	66
2.496073	3.147063	78
2.755980	3.080990	71
3.080990	4.350990	71
3.080990	4.354980	52
3.081980	4.032990	59
3.083980	4.354980	55
3.391990	4.355990	79
3.713990	4.332980	60
4.032990	4.357990	59
4.357990	5.312980	71
4.358980	5.634980	59
4.358980	5.635970	51
4.361990	5.635970	54
4.742240	5.705240	66
5.064780	5.708780	78
5.312980	5.631970	71
5.631970	6.905970	71
5.634980	6.586970	59
5.634980	6.905970	52
5.635970	6.908970	55
5.946970	6.908970	79
6.268970	6.852970	60
6.586970	6.908970	59
6.909970	7.888960	71
6.912970	8.207970	50
6.913970	8.207970	54
6.913970	8.207970	59
7.237970	8.207970	66
7.566960	8.207970	78
7.888960	8.203960	71
8.203960	9.528960	71
8.204960	9.565960	48
8.204960	9.565960	52
8.207970	9.198960	59
8.546970	9.565960	76
8.945451	9.635451	60
9.198960	9.531960	59
9.528960	10.530000	71
9.530950	10.874900	47
9.530950	10.878900	51
9.531960	9.852950	59
9.856950	10.878900	66
10.186000	10.671900	78
10.530000	10.879900	71
10.879900	12.152900	71
10.881900	11.833900	59
10.881900	12.155900	52
10.885900	12.155900	55
11.196900	12.156900	83
11.515900	12.109900	60
11.833900	12.159900	59
12.159900	13.114900	71
12.160900	13.440900	51
12.160900	13.440900	54
12.162900	13.437900	59
12.474900	13.440900	66
12.869732	13.517732	78
13.114900	13.433900	71
13.433900	14.707900	71
13.436900	14.707900	52
13.436900	14.710900	55
13.437900	14.388900	59
13.748900	14.710900	79
14.070900	14.650900	60
14.388900	14.711900	59
14.711900	15.666900	71
14.714900	15.987900	51
14.714900	15.987900	54
14.715900	15.987900	59
15.104290	16.066290	66
15.343900	15.987900	78
15.666900	15.980900	71
15.980900	17.261900	71
15.984900	17.265900	52
15.984900	17.265900	55
15.987900	16.937900	59
16.295900	17.265900	79
16.621900	17.265900	60
16.937900	17.262900	59
17.261900	18.238900	71
17.262900	18.561900	59
17.262900	18.563900	54
17.265900	18.563900	50
17.712218	18.688218	66
17.916900	18.563900	78
18.238900	18.560900	71
18.560900	19.908900	71
18.561900	19.579900	59
18.561900	19.908900	52
18.563900	19.911900	48
18.910900	19.911900	76
19.239900	19.865900	60
19.579900	19.912900	59
19.915900	20.958900	71
19.915900	21.342900	51
19.916900	20.807900	59
19.916900	21.343900	47
20.240900	21.346900	66
20.594900	20.961900	78
20.961900	21.347900	71
21.347900	22.658900	80
21.348900	22.659900	71
21.349900	22.662900	76
21.350900	22.246900	47
21.350900	22.663900	40
21.350900	22.663900	83
22.022900	22.340900	49
22.343900	22.665900	47
22.666900	23.008900	71
22.666900	23.964900	83
22.669900	23.645900	78
22.670900	23.965900	75
22.670900	23.968900	69
22.671900	23.971900	40
22.673900	23.009900	47
23.012900	23.650900	80
23.013900	23.650900	56
23.650900	23.972900	78
23.652900	23.972900	54
23.972900	25.231900	68
23.975900	25.231900	71
23.975900	25.231900	76
23.976900	25.234900	40
23.978900	24.917900	47
24.605900	24.972900	49
24.917900	25.235900	47
25.235900	25.577900	59
25.239900	26.218900	66
25.239900	26.536900	57
25.239900	26.537900	63
25.241900	26.537900	71
25.242900	25.582900	47
25.242900	26.541900	40
25.582900	26.219900	68
25.582900	26.222900	56
26.222900	26.541900	66
26.222900	26.543900	54
26.544900	27.824900	56
26.544900	27.825900	59
26.548900	27.514900	47
26.548900	27.828900	64
26.548900	27.829900	40
27.199900	27.590900	49
27.514900	27.832900	47
27.832900	29.189900	63
27.832900	29.193900	59
27.835900	28.192900	54
27.836900	28.193900	42
27.836900	29.194900	47
28.193900	28.853900	56
28.195900	28.854900	44
28.854900	29.194900	54
28.857900	29.194900	42
29.196900	30.467900	52
29.197900	29.833900	61
29.197900	30.468900	58
29.200900	30.468900	42
29.837900	30.148900	63
30.149900	30.470900	61
30.471900	31.878900	51
30.471900	31.881900	59
30.474900	30.827900	30
30.475900	30.828900	42
30.828900	31.499900	32
30.831900	31.503900	44
31.504900	31.881900	30
31.504900	31.882900	42
31.882900	33.137900	71
31.885900	33.138900	76
31.885900	33.138900	80
31.886900	33.141900	83
31.888900	32.973900	28
31.888900	32.973900	40
32.519900	32.973900	49
32.833900	33.141900	47
33.142900	33.487900	71
33.144900	34.124900	78
33.144900	34.443900	83
33.145800	34.446900	75
33.148900	34.447900	40
33.148900	34.447900	69
33.149900	33.488900	47
33.488900	34.125900	56
33.488900	34.125900	80
34.128900	34.450900	78
34.129900	34.450900	54
34.451900	35.710900	68
34.451900	35.711900	71
34.453900	35.711900	76
34.453900	35.713900	40
34.454800	35.398900	47
35.084900	35.563900	49
35.398900	35.714900	47
35.714900	36.056900	59
35.715900	37.015900	57
35.717900	37.016900	63
35.718900	36.697900	66
35.718900	37.016900	71
35.720900	37.019900	40
35.721900	36.061900	47
36.061900	36.698900	56
36.061900	36.698900	68
36.698900	37.020900	66
36.701900	37.020900	54
37.022900	38.303900	56
37.023900	38.304900	59
37.023900	38.307900	64
37.026900	38.308900	40
37.027900	37.993900	47
37.671900	38.083900	49
37.993900	38.308900	47
38.310900	39.676900	63
38.311900	38.671800	54
38.311900	39.677900	47
38.311900	39.677900	59
38.314900	38.672900	42
38.672900	39.336800	56
38.673800	39.337900	44
39.340900	39.677900	54
39.341800	39.679900	42
39.679900	40.950900	52
39.680900	40.951900	58
39.683900	40.320900	61
39.683900	40.953900	42
40.321800	40.631900	63
40.635900	40.954900	61
40.957900	42.357800	51
40.958900	41.345800	30
40.958900	42.357800	59
40.960900	41.349800	42
41.349800	42.021800	32
41.350900	42.021800	44
42.022900	42.358800	30
42.024900	42.360800	42
42.360800	43.610800	62
42.361800	46.042800	59
42.364800	42.983800	35
42.364800	44.820800	54
42.983800	43.295800	37
43.298800	43.610800	35
43.613800	43.911800	30
43.613800	44.824800	61
43.914800	44.520800	42
44.219800	45.433800	57
44.521800	44.825800	30
44.827800	47.296800	64
44.828800	45.434800	28
45.434800	46.043800	56
45.436800	45.741800	30
45.742800	46.043800	28
46.046800	47.298800	57
46.046800	47.299800	61
46.049800	46.353800	33
46.354800	46.984800	45
46.984800	47.299800	44
47.300800	51.033800	61
47.303800	47.926800	42
47.303800	48.548800	69
47.303800	49.161800	66
47.926800	48.237800	44
48.237800	48.552800	42
48.552800	49.773800	68
48.555800	48.853800	37
48.853800	49.465800	49
49.161800	51.034800	64
49.465800	49.774800	37
49.777800	50.396800	68
49.778800	51.037800	70
49.780800	50.088800	42
50.089800	50.711800	54
50.397800	52.283800	66
50.712800	51.038800	42
51.040800	52.284800	63
51.041800	51.341800	35
51.041800	52.284800	71
51.342800	51.968800	47
51.969800	52.286800	47
52.287800	53.528800	71
52.287800	53.532800	64
52.290800	54.788800	48
52.291800	52.909800	59
52.910800	53.217800	60
53.218800	53.533800	59
53.533800	54.792800	64
53.536800	53.854800	59
53.536800	54.793800	69
53.858800	54.480800	62
54.484800	54.793800	60
54.796800	55.419800	59
54.796800	55.419800	60
54.796800	56.046800	66
54.799800	56.046800	50
55.419800	55.731800	62
55.420800	56.047800	57
55.731800	56.049800	60
56.049800	56.371800	59
56.049800	57.385800	67
56.050800	57.386800	55
56.371800	57.060800	64
56.372800	57.061800	60
57.061800	57.376800	62
57.064800	57.386800	59
57.389800	58.643800	71
57.390800	58.646800	64
57.390800	59.941800	48
57.391800	58.013800	59
58.013800	58.331800	60
58.335800	58.650800	59
58.650800	59.941800	64
58.651800	58.982800	59
58.651800	59.942800	69
58.982800	59.619800	62
59.623800	59.942800	60
59.945800	60.603800	59
59.945800	60.603800	60
59.945800	61.309800	66
59.946800	61.310800	50
60.603800	60.955800	62
60.606800	61.312800	57
60.956800	61.313800	60
61.313800	62.975800	71
61.314800	61.694800	59
61.317800	61.695800	55
61.317800	62.976800	51
61.695800	62.552800	67
61.698800	62.552800	59
62.556800	62.976800	57
62.635719	63.040719	66
62.979800	64.281800	52
62.980800	63.630800	55
63.634800	63.959800	60
63.960800	64.282800	59
64.284800	65.241800	71
64.285800	65.566800	51
64.285800	65.566800	54
64.288800	65.566800	59
64.675592	65.637592	66
65.003937	65.651937	78
65.241800	65.563800	71
65.563800	66.840800	71
65.563800	66.871800	52
65.565800	66.871800	55
65.566800	66.518800	59
65.877800	66.871800	79
66.199800	66.871800	60
66.518800	66.843800	59
66.840800	67.795800	71
66.843800	68.121800	51
66.843800	68.121800	54
66.843800	68.121800	59
67.473800	68.121800	78
67.795800	68.117800	71
68.117800	69.429800	71
68.118800	69.430800	52
68.121800	69.101800	59
68.121800	69.432800	55
68.439800	69.433800	83
68.765800	69.391800	60
69.101800	69.433800	59
69.437800	70.459800	72
69.437800	70.815800	57
69.438800	70.813800	60
69.762800	70.815800	71
70.167546	70.877546	83
70.459800	70.809800	72
70.809800	72.223800	72
70.813800	71.828800	60
70.813800	72.223800	50
70.813800	72.223800	54
71.155800	72.223800	81
71.506800	72.223800	62
71.828800	72.223800	60
72.164800	73.211800	71
72.166800	73.570800	59
72.166800	73.571800	55
72.495800	73.571800	69
72.849800	73.571800	81
73.211800	73.567800	71
73.567800	75.033800	71
73.570800	74.627800	59
73.570800	75.033800	48
73.570800	75.033800	52
73.913800	75.033800	79
74.348952	75.114952	60
74.627800	75.033800	59
75.016800	76.137800	69
75.016800	76.532800	54
75.017700	76.531800	57
75.365800	76.532800	67
75.736800	76.532800	79
76.137800	76.529800	69
76.529800	78.678800	69
76.529800	78.691800	47
76.531800	77.837800	57
76.531800	78.691800	51
76.912800	78.691800	78
77.319800	78.691800	59
77.837800	83.779800	57
78.678800	83.783700	69
78.678800	83.784800	76
78.680800	83.786800	52
78.680800	83.786800	60
82.502800	83.787700	45
