OnsetTime	OffsetTime	MidiPitch
0.522991	0.644991	69
0.645984	0.760997	71
0.760997	0.882997	72
0.884003	0.999003	71
0.999003	1.120010	72
1.121000	1.243000	74
1.244010	1.607010	64
1.244010	1.607010	76
1.359000	1.607010	66
1.482000	1.607010	68
1.605010	1.719990	69
1.607010	1.719990	66
1.721000	1.841990	71
1.723000	1.843000	68
1.843000	1.957010	72
1.845000	1.958000	69
1.958000	2.322000	71
2.080000	2.202000	72
2.203010	2.325010	74
2.326010	2.689010	76
2.329000	2.689010	64
2.441010	2.687010	66
2.564020	2.689010	68
2.686020	2.804020	69
2.687010	2.805020	66
2.808020	2.920020	71
2.809030	2.923010	68
2.923010	3.043010	72
2.924010	3.043010	69
3.046010	3.403030	71
3.165020	3.281030	72
3.282020	3.403030	74
3.403030	3.525030	72
3.407020	3.526020	69
3.526020	3.641030	74
3.529020	3.641030	71
3.642030	3.763030	76
3.645030	3.764030	72
3.764030	3.886040	77
3.767030	3.887030	74
3.887030	4.002050	79
3.889030	4.002050	76
4.003040	4.124050	81
4.005040	4.125040	77
4.125040	4.247040	79
4.127040	4.248050	76
4.248050	4.361030	77
4.248050	4.362040	74
4.362040	4.484040	76
4.363030	4.485030	72
4.485030	4.604040	74
4.488040	4.607050	71
4.607050	4.722050	72
4.608040	4.723050	69
4.723050	4.848040	71
4.726040	4.852040	67
4.852040	4.978050	69
4.853040	4.989050	65
4.978050	5.097030	71
5.098040	5.227040	72
5.227040	5.346030	71
5.230030	5.366040	60
5.349040	5.468040	69
5.471040	5.591040	67
5.591040	5.973040	65
5.594050	5.973040	57
5.721050	5.972050	64
5.843050	5.973040	63
5.972050	6.084030	56
5.972050	6.329040	64
6.087040	6.207040	54
6.207040	6.329040	52
6.330040	6.451040	51
6.452040	6.574040	49
6.574040	6.696050	47
6.697050	6.812050	59
6.697050	7.053060	57
6.813060	6.935060	61
6.935060	7.054050	63
7.057060	7.176050	64
7.058050	7.180060	56
7.180060	7.299060	66
7.181060	7.299060	54
7.302060	7.417060	68
7.302060	7.422070	52
7.424060	7.792050	69
7.425060	7.792050	51
7.537050	7.792050	49
7.660060	7.792050	47
7.781070	7.901070	59
7.785060	8.139070	57
7.901070	8.019070	61
8.020060	8.139070	63
8.142070	8.258070	64
8.143070	8.258070	56
8.258070	8.376070	66
8.261080	8.377080	54
8.380070	8.506080	68
8.381080	8.506080	52
8.507070	8.863070	69
8.510080	8.853080	51
8.626080	8.853080	49
8.745080	8.867070	47
8.867070	8.982080	59
8.870070	9.220090	57
8.985070	9.105090	61
9.105090	9.220090	63
9.220090	9.598090	64
9.224080	9.598090	56
9.346080	9.588090	66
9.347090	9.588090	54
9.465090	9.598090	68
9.466090	9.598090	52
9.588090	9.956070	54
9.588090	9.956070	66
9.710090	9.952070	68
9.711080	9.955070	52
9.826080	9.956070	51
9.826080	9.956070	69
9.952070	10.316100	68
9.955070	10.315100	52
10.068100	10.313100	69
10.071100	10.316100	51
10.186100	10.316100	50
10.186100	10.316100	71
10.313100	10.676100	69
10.315100	10.676100	52
10.429100	10.666100	71
10.431100	10.669100	50
10.551100	10.676100	72
10.553100	10.676100	48
10.666100	11.037100	71
10.669100	11.037100	50
10.789100	11.027100	72
10.792100	11.029100	48
10.911100	11.037100	74
10.914100	11.037100	47
11.027100	11.397100	72
11.029100	11.397100	48
11.149100	11.397100	74
11.152100	11.397100	47
11.272100	11.397100	76
11.273100	11.397100	45
11.394100	11.765100	77
11.395100	11.768100	44
11.513100	11.769100	76
11.517100	11.769100	45
11.639100	11.769100	47
11.639100	11.769100	74
11.765100	12.132100	77
11.766100	12.130100	83
11.768100	12.132100	38
11.768100	12.133100	44
11.888100	12.139100	45
11.888100	12.139100	76
12.010100	12.139100	47
12.010100	12.139100	74
12.130100	12.498100	83
12.132100	12.497100	77
12.132100	12.498100	38
12.133100	12.500100	44
12.252100	12.504100	76
12.255100	12.504100	45
12.374100	12.504100	74
12.377100	12.504100	47
12.497100	12.870100	77
12.498100	12.868100	83
12.498100	12.871100	38
12.500100	12.871100	44
12.625100	12.878100	76
12.626100	12.878100	45
12.741100	12.878100	47
12.741100	12.878100	74
12.868100	13.246100	83
12.870100	13.247100	77
12.871100	13.247100	38
12.871100	13.248100	44
12.991100	13.249000	76
12.993100	13.249000	45
13.116100	13.249000	74
13.119100	13.249000	47
13.246100	13.624100	83
13.247100	13.623100	77
13.247100	13.627100	38
13.248100	13.627100	44
13.369100	13.627100	45
13.369100	13.627100	76
13.491100	13.627100	47
13.491100	13.627100	74
13.623100	13.973000	77
13.624100	13.973000	32
13.624100	13.973000	83
13.627100	13.973000	44
13.742100	13.973000	76
13.865000	13.984000	74
13.987000	14.106000	77
14.106000	14.228000	76
14.229000	14.351000	74
14.351000	14.473000	77
14.474100	14.600100	76
14.603100	14.729100	74
14.729100	14.851100	77
14.852000	14.978100	76
14.981000	15.108000	74
15.108000	15.229100	76
15.230000	15.356100	74
15.356100	15.481000	72
15.485000	15.604100	74
15.604100	15.734000	72
15.734000	15.859100	71
15.863100	15.982100	69
15.982100	16.104100	71
16.105100	16.227100	72
16.228100	16.350100	71
16.350100	16.472100	72
16.473100	16.591100	74
16.591100	16.956100	76
16.595100	16.956100	64
16.711100	16.955100	66
16.833100	16.956100	68
16.955100	17.067100	69
16.955100	17.071100	66
17.071100	17.190100	71
17.072100	17.193100	68
17.193100	17.305100	72
17.194100	17.309100	69
17.309100	17.666100	71
17.427100	17.543100	72
17.547100	17.669100	74
17.669100	18.037100	76
17.670100	18.037100	64
17.789100	18.037100	66
17.911100	18.037100	68
18.034100	18.148100	69
18.037100	18.149100	66
18.149100	18.268100	71
18.153100	18.271100	68
18.271100	18.393100	72
18.275100	18.394100	69
18.394100	18.754100	71
18.516100	18.628100	72
18.628100	18.755100	74
18.755100	18.873100	72
18.756100	18.874100	69
18.877100	18.989100	74
18.878100	18.989100	71
18.993100	19.111100	76
18.993100	19.112100	72
19.112100	19.227100	77
19.114100	19.227100	74
19.230100	19.349100	79
19.230100	19.350100	76
19.352100	19.472100	81
19.353100	19.475100	77
19.475100	19.594100	79
19.476100	19.594100	76
19.595100	19.709100	77
19.598100	19.710100	74
19.713100	19.832100	76
19.714100	19.833100	72
19.833100	19.948100	74
19.836100	19.948100	71
19.949100	20.070100	72
19.952100	20.071100	69
20.071100	20.196100	71
20.073100	20.196100	67
20.200100	20.325100	69
20.200100	20.336100	65
20.326100	20.448100	71
20.448100	20.567100	72
20.571100	20.689100	71
20.571100	20.707100	60
20.693100	20.812100	69
20.816100	20.942100	67
20.942100	21.317100	65
20.943100	21.317100	57
21.065100	21.313100	64
21.183100	21.317100	63
21.313100	21.435100	64
21.316100	21.436100	55
21.436100	21.554100	66
21.439100	21.554100	54
21.558100	21.676100	67
21.558100	21.677100	52
21.677100	22.041100	69
21.680100	22.041100	51
21.803100	22.041100	49
21.915100	22.041100	47
22.038100	22.160100	59
22.040100	22.398100	57
22.161100	22.275100	61
22.276100	22.399100	63
22.401100	22.520100	64
22.402100	22.520100	55
22.521100	22.635100	66
22.524100	22.636100	54
22.636100	22.762100	67
22.639100	22.762100	52
22.765100	23.127100	69
22.766100	23.127100	51
22.881100	23.127100	49
23.000200	23.127100	47
23.126200	23.244200	59
23.126200	23.483200	57
23.245200	23.360200	61
23.361200	23.483200	63
23.484200	23.854200	64
23.486200	23.854200	55
23.606200	23.851200	66
23.608200	23.854200	54
23.722200	23.854200	67
23.724200	23.854200	52
23.851200	24.214200	66
23.853200	24.214200	51
23.966200	24.211200	67
23.969200	24.212200	52
24.089200	24.214200	69
24.092200	24.214200	54
24.211200	24.575200	67
24.212200	24.575200	52
24.327200	24.572200	69
24.330200	24.572200	54
24.449200	24.575200	71
24.450200	24.575200	55
24.572200	24.935200	54
24.572200	24.935200	69
24.688200	24.925200	71
24.688200	24.935200	55
24.810200	24.935200	57
24.810200	24.935200	72
24.925200	25.299200	56
24.925200	25.299200	71
25.047200	25.290200	72
25.048200	25.292200	57
25.168200	25.299200	74
25.170200	25.299200	59
25.290200	25.670200	72
25.292200	25.670200	57
25.412200	25.670200	59
25.412200	25.670200	74
25.534200	25.670200	76
25.535200	25.670200	60
25.663200	26.955100	65
25.664200	26.955100	62
25.786200	26.955100	58
25.786200	26.955100	70
25.901200	26.955100	74
25.902100	26.955100	53
26.021200	26.955100	77
26.024100	26.955100	50
26.143200	26.955100	82
26.147200	26.955100	46
26.263100	26.955100	41
26.263100	26.955100	86
26.382100	26.955100	89
26.384200	26.955100	38
26.503200	26.955100	94
26.506200	26.955100	34
26.630200	26.955100	98
26.633200	26.955100	29
26.759200	26.955100	101
26.760100	26.955100	26
27.161100	27.375200	69
27.164100	27.375200	76
27.165100	27.375200	64
27.165100	27.375200	72
27.169100	27.375200	40
27.169100	27.375200	52
27.172100	27.375200	45
27.172100	27.375200	48
27.574100	27.829100	64
27.575200	27.829100	68
27.575200	27.829100	76
27.578100	27.829100	71
27.579100	27.829100	44
27.581100	27.829100	47
27.581100	27.829100	52
27.582100	27.829100	40
27.998100	28.120200	69
27.998100	28.121100	60
28.121100	28.243100	71
28.124100	28.244100	59
28.244100	28.366100	72
28.246100	28.366100	57
28.367100	28.743100	74
28.369200	28.743100	56
28.488100	28.743100	54
28.604100	28.743100	52
28.727100	28.845100	64
28.730100	29.083100	62
28.849100	28.964100	66
28.965100	29.087100	68
29.087100	29.205100	69
29.089100	29.209100	60
29.209100	29.321100	71
29.210100	29.324100	59
29.324100	29.450100	72
29.328100	29.451100	57
29.451100	29.828200	74
29.454100	29.828200	56
29.567100	29.828200	54
29.689100	29.828200	52
29.811100	29.926100	64
29.814100	30.171200	62
29.927200	30.049200	66
30.049200	30.172100	68
30.172100	30.535200	69
30.175200	30.535200	60
30.288200	30.526200	71
30.290200	30.535200	59
30.410200	30.535200	72
30.411200	30.535200	57
30.526200	30.903200	71
30.528200	30.903200	56
30.649200	30.886200	72
30.651200	30.889200	57
30.770200	30.903200	74
30.771200	30.903200	59
30.886200	31.274200	72
30.889200	31.274200	57
31.008200	31.274200	74
31.009200	31.274200	59
31.137200	31.274200	76
31.138200	31.274200	60
31.264200	32.555200	62
31.264200	32.555200	65
31.386200	32.555200	58
31.386200	32.555200	70
31.502200	32.555200	74
31.503200	32.555200	53
31.625200	32.555200	50
31.625200	32.555200	77
31.740200	32.555200	82
31.741200	32.555200	46
31.863200	32.555200	86
31.865200	32.555200	41
31.985200	32.555200	38
31.985200	32.555200	89
32.107200	32.555200	94
32.108200	32.555200	34
32.233200	32.555200	98
32.234200	32.555200	29
32.359200	32.555200	101
32.362200	32.555200	26
32.772200	32.981200	69
32.773200	32.982200	64
32.773200	32.982200	72
32.775200	32.983200	76
32.776200	32.985200	40
32.776200	32.986200	45
32.779200	32.986200	48
32.779200	32.986200	52
33.195200	33.426200	68
33.195200	33.427200	64
33.196200	33.427200	71
33.199200	33.430200	40
33.199200	33.430200	76
33.199200	33.431200	47
33.200200	33.433200	44
33.202200	33.434200	52
33.658200	34.763200	69
33.660200	34.764100	81
33.661200	34.764100	72
33.661200	34.764100	76
33.664200	34.767200	36
33.665200	34.767200	40
33.665200	34.768200	45
33.667200	34.770200	33
34.770200	34.816100	45
34.816100	34.872100	47
34.872100	34.924200	48
34.925100	34.976200	50
34.977200	35.075200	76
34.977200	35.076200	68
34.980200	35.078200	52
34.981200	35.078200	40
35.170200	35.267200	75
35.170200	35.268200	69
35.171200	35.268200	53
35.173200	35.270200	41
35.365200	35.463200	68
35.366200	35.463200	76
35.369200	35.467200	52
35.370200	35.467200	40
35.565100	35.663200	69
35.565100	35.664100	75
35.566200	35.664100	53
35.566200	35.666100	41
35.761200	35.877200	68
35.761200	35.877200	76
35.762100	35.878100	52
35.764100	35.880100	40
36.222200	37.332200	72
36.227200	37.336200	65
36.227200	37.337200	69
36.227200	37.337200	77
36.230100	37.339200	29
36.230100	37.340200	33
36.230100	37.340200	36
36.233200	37.340200	41
37.343200	37.385100	41
37.388200	37.438100	43
37.438100	37.490100	45
37.490100	37.543100	47
37.543100	37.640100	64
37.544200	37.641200	72
37.546100	37.644100	36
37.546100	37.645100	48
37.735200	37.836200	71
37.735200	37.840100	65
37.736200	37.840100	38
37.736200	37.844100	50
37.934100	38.036100	64
37.939100	38.036100	72
37.941100	38.037100	36
37.942200	38.039100	48
38.127100	38.224100	65
38.131100	38.229100	50
38.131100	38.229100	71
38.131100	38.231100	38
38.326100	38.442200	72
38.327100	38.442200	36
38.327100	38.442200	64
38.330100	38.446200	48
38.789200	39.677200	71
38.792100	39.677200	62
38.792100	39.681100	65
38.796200	39.681100	74
38.796200	39.684200	32
38.796200	39.684200	44
39.685100	39.975100	64
39.688100	39.975100	69
39.689100	39.975100	33
39.689100	39.975100	60
39.689100	39.975100	72
39.691100	39.975100	45
40.119200	40.335200	62
40.122200	40.335200	58
40.122200	40.336200	65
40.125100	40.339200	70
40.126200	40.339200	34
40.126200	40.340200	46
40.552200	40.763200	65
40.556200	40.766200	77
40.559200	40.766200	68
40.560200	40.769200	74
40.560200	40.770200	35
40.560200	40.770200	47
40.979200	41.193200	72
40.980200	41.196200	76
40.983100	41.196200	64
40.984200	41.197200	69
40.984200	41.200200	48
40.984200	41.201200	36
41.414200	41.645200	65
41.414200	41.645200	74
41.417200	41.645200	38
41.417200	41.645200	50
41.417200	41.645200	71
41.854200	42.116200	72
41.859200	42.116200	64
41.859200	42.116200	69
41.861200	42.116200	52
41.862200	42.116200	40
42.313200	42.558100	71
42.317200	42.558100	64
42.317200	42.558100	68
42.318200	42.558100	52
42.320100	42.558100	40
42.778200	43.966100	69
42.783200	43.965100	52
42.783200	43.966100	45
42.783200	43.966100	48
42.784100	43.966100	57
42.978100	43.966100	71
43.072100	43.966100	72
43.170100	43.966100	74
43.269100	43.965100	76
43.360100	43.966100	78
43.462100	43.966100	80
43.555100	43.966100	81
43.657100	43.966100	83
43.756100	43.966100	84
43.854100	43.966100	86
43.963100	44.048100	88
43.965100	44.052100	76
43.965100	44.053100	52
43.965100	44.053100	56
44.147100	44.249100	75
44.150100	44.249100	87
44.151100	44.252100	53
44.151100	44.252100	57
44.353100	44.444100	88
44.354100	44.445100	56
44.354100	44.445100	76
44.356100	44.448100	52
44.542100	44.640100	75
44.546100	44.644100	87
44.547100	44.644100	57
44.547100	44.648100	53
44.745100	44.861100	88
44.746100	44.864100	76
44.749100	44.864100	56
44.750100	44.865100	52
45.204100	46.394100	48
45.204100	46.394100	65
45.208100	46.394100	41
45.208100	46.394100	45
45.208100	46.394100	53
45.404100	46.394100	67
45.501100	46.394100	69
45.596100	46.394100	70
45.695100	46.388100	72
45.793100	46.394100	74
45.887100	46.394100	76
45.985100	46.394100	77
46.083100	46.394100	79
46.181100	46.394100	81
46.282100	46.394100	82
46.388100	46.481100	72
46.390100	46.481100	84
46.391100	46.485100	52
46.394100	46.485100	48
46.576100	46.674100	83
46.580100	46.677100	71
46.580100	46.678100	50
46.580100	46.678100	53
46.779100	46.877100	72
46.780100	46.877100	84
46.780100	46.881100	52
46.782100	46.881100	48
46.971100	47.073100	83
46.972100	47.076100	53
46.972100	47.076100	71
46.974100	47.077100	50
47.175100	47.289100	84
47.175100	47.290100	72
47.176100	47.290100	52
47.176100	47.293100	48
47.636100	48.543100	71
47.641100	48.543100	47
47.641100	48.543100	50
47.643100	48.543100	56
47.644100	48.543100	44
47.644100	48.543100	53
47.749100	48.543100	72
47.857100	48.543100	74
47.970100	48.543100	76
48.077100	48.543100	77
48.190100	48.543100	83
48.302100	48.543100	86
48.410100	48.543100	89
48.526100	48.630100	88
48.529100	48.739100	48
48.529100	48.739100	57
48.529100	48.742100	52
48.530100	48.742100	45
48.973100	49.433100	70
48.974100	49.429100	50
48.977100	49.433100	58
48.978100	49.433100	46
48.978100	49.433100	53
49.089100	49.425100	74
49.205100	49.433100	77
49.310100	49.433100	82
49.425100	49.536100	74
49.429100	49.877000	50
49.430100	49.877000	56
49.432100	49.877000	47
49.432100	49.877000	59
49.433100	49.877000	53
49.537100	49.877000	77
49.653000	49.877000	80
49.761000	49.877000	86
49.873000	49.985000	72
49.873000	50.342000	52
49.876000	50.342000	60
49.877000	50.342000	48
49.877000	50.342000	57
49.986000	50.342000	76
50.105000	50.342000	81
50.216000	50.342000	84
50.332000	50.800000	71
50.335000	50.800000	53
50.335000	50.800000	62
50.336000	50.800000	50
50.336000	50.800000	59
50.447000	50.800000	74
50.563000	50.800000	77
50.674000	50.800000	83
50.790000	51.267000	69
50.791000	51.267000	57
50.794000	51.263000	52
50.794000	51.263000	64
50.794000	51.267000	60
50.906000	51.267000	72
51.028000	51.267000	76
51.140000	51.267000	81
51.260000	51.753000	68
51.263000	51.753000	52
51.263000	51.753000	59
51.263000	51.753000	64
51.266000	51.753000	56
51.383000	51.753000	71
51.508000	51.753000	76
51.627000	51.753000	80
51.749000	52.529000	57
51.750000	53.325000	45
51.942000	52.627000	59
51.942000	53.325000	47
52.041000	52.722000	60
52.043000	53.325000	48
52.138000	52.825000	62
52.140000	53.325000	50
52.233000	52.925000	64
52.233000	53.325000	52
52.330000	53.325000	66
52.331000	53.325000	54
52.429000	53.325000	68
52.432000	53.325000	56
52.527000	53.226000	69
52.529000	53.325000	57
52.625000	53.325000	71
52.627000	53.325000	59
52.719000	53.325000	72
52.722000	53.325000	60
52.824000	53.325000	74
52.825000	53.325000	62
52.922000	53.325000	76
52.925000	53.325000	64
53.023000	53.325000	65
53.023000	53.325000	77
53.118000	53.325000	79
53.121000	53.325000	67
53.223000	53.325000	81
53.226000	53.325000	69
53.324000	59.575000	82
53.325000	59.575000	70
54.535000	59.575000	79
54.536000	59.575000	67
55.753000	59.575000	76
55.754000	59.575000	64
56.985000	59.575000	61
56.985000	59.575000	73
58.273000	59.572000	60
58.273000	59.575000	72
59.572000	60.747000	69
59.572000	62.113000	60
59.574000	60.856000	41
59.789000	60.223000	48
60.003000	60.440000	53
60.440000	60.856000	53
60.643000	60.856000	70
60.747000	60.856000	69
60.853000	62.120000	40
60.967800	62.238800	67
61.060000	61.472000	48
61.263000	62.120000	70
61.265000	62.120000	55
61.472000	62.120000	48
61.682000	62.120000	73
61.683000	62.120000	58
62.113000	63.362000	72
62.113000	63.366000	60
62.114000	63.376000	41
62.320000	62.739000	48
62.529000	63.376000	57
62.739000	63.376000	48
62.946000	63.376000	69
62.949000	63.376000	53
63.362000	64.636000	72
63.366000	64.630000	60
63.367000	64.636000	40
63.573000	63.986000	48
63.775000	64.636000	52
63.986000	64.636000	48
64.190000	64.636000	70
64.192000	64.636000	55
64.629000	65.766900	69
64.630000	67.110900	60
64.632000	65.877900	41
64.840000	65.255900	48
65.048900	65.465900	53
65.255900	65.877900	48
65.465900	65.877900	53
65.669900	65.877900	70
65.766900	65.877900	69
65.871900	67.116900	40
65.971556	67.216556	67
66.148825	66.480900	48
66.278900	67.116900	70
66.280900	67.116900	55
66.480900	67.116900	48
66.684900	67.116900	73
66.686900	67.116900	58
67.107900	68.349900	72
67.110900	68.350900	60
67.110900	68.352900	41
67.313900	67.723900	48
67.520900	68.352900	57
67.723900	68.352900	48
67.926900	68.352900	69
67.929900	68.352900	53
68.349900	69.602900	72
68.350900	69.602900	60
68.352900	69.602900	40
68.553900	68.965900	48
68.755900	69.602900	52
68.965900	69.602900	48
69.171900	69.602900	70
69.172900	69.602900	55
69.598900	70.855900	61
69.602900	70.855900	40
69.602900	70.855900	73
69.802900	70.214900	49
70.005900	70.855900	52
70.214900	70.855900	49
70.417900	70.855900	70
70.420900	70.855900	55
70.844900	72.108800	62
70.848900	72.108800	41
70.848900	72.108800	74
71.055900	71.468800	50
71.261800	72.108800	53
71.468800	72.108800	50
71.677800	72.108800	70
71.680800	72.108800	58
72.104800	73.399800	63
72.105800	73.399800	69
72.108800	73.399800	41
72.322800	72.742800	53
72.536800	73.399800	78
72.538800	72.962800	60
72.742800	73.399800	53
72.959800	73.399800	77
72.962800	73.399800	60
73.390800	74.669800	65
73.392800	74.669800	46
73.392800	74.669800	75
73.596800	74.016900	53
73.805800	74.669800	58
74.016900	74.669800	53
74.226900	74.669800	74
74.227800	74.669800	62
74.653900	75.940800	60
74.655800	75.940800	69
74.656800	75.940800	38
74.870800	75.293800	50
75.084800	75.940800	75
75.086800	75.940800	54
75.293800	75.940800	50
75.503800	75.940800	57
75.503800	75.940800	74
75.930900	77.187800	72
75.934800	77.196800	43
75.934800	77.196800	62
76.140800	76.560800	50
76.350800	77.196800	55
76.560800	77.196800	50
76.763800	77.196800	58
76.763800	77.196800	70
77.186800	78.440800	60
77.187800	78.441800	72
77.187800	78.443800	40
77.396800	77.806800	48
77.806800	78.443800	48
78.010800	78.443800	70
78.012800	78.443800	55
78.440800	79.700800	60
78.441800	79.700800	72
78.442800	79.700800	41
78.642800	79.056800	48
78.846800	79.700800	57
79.056800	79.700800	48
79.258800	79.700800	69
79.259800	79.700800	53
79.685800	80.973800	58
79.689800	80.973800	36
79.689800	80.973800	73
79.896800	80.323800	48
80.108800	80.973800	55
80.191057	81.058057	72
80.322800	80.973800	70
80.323800	80.973800	48
80.530800	80.973800	69
80.532800	80.973800	52
80.743800	80.973800	67
80.960800	81.390800	57
80.963800	82.251800	41
81.036626	82.334626	65
81.258921	81.607800	48
81.390800	82.258800	57
81.607800	82.258800	48
81.681705	82.335705	67
81.821800	82.247800	69
81.821800	82.258800	53
82.034800	82.258800	70
82.247800	83.535800	69
82.248800	83.535800	63
82.251800	83.535800	41
82.464800	82.884800	53
82.678800	83.535800	78
82.682800	83.097800	60
82.884800	83.535800	53
83.095800	83.535800	77
83.097800	83.535800	60
83.519800	84.795800	65
83.521800	84.795800	46
83.521800	84.795800	75
83.728800	84.145800	53
83.938800	84.795800	58
84.145800	84.795800	53
84.355800	84.795800	74
84.357800	84.795800	62
84.792800	86.066800	69
84.793800	86.066800	38
84.793800	86.066800	60
85.006800	85.423800	50
85.213800	86.066800	75
85.216800	86.066800	54
85.423800	86.066800	50
85.632800	86.066800	74
85.633800	86.066800	57
86.062800	87.333800	62
86.063800	87.322800	72
86.066800	87.333800	43
86.269800	86.690800	50
86.479800	87.333800	55
86.690800	87.333800	50
86.892800	87.333800	70
86.893800	87.333800	58
87.320800	88.575800	60
87.322800	88.576800	72
87.323800	88.585800	40
87.529800	87.942800	48
87.942800	88.585800	48
88.146800	88.585800	70
88.149800	88.585800	55
88.575800	89.838800	60
88.576800	89.838800	72
88.578800	89.838800	41
88.775800	89.192800	48
88.986800	89.838800	57
89.192800	89.838800	48
89.399800	89.838800	69
89.401800	89.838800	53
89.822800	91.126800	58
89.822800	91.126800	73
89.825800	91.126800	36
90.038800	90.469800	48
90.253800	91.126800	72
90.255800	91.126800	55
90.466800	91.126800	70
90.469800	91.126800	48
90.683800	91.126800	52
90.683800	91.126800	69
90.904800	91.126800	67
91.119800	91.995800	57
91.120800	92.460800	41
91.182186	92.529186	65
91.337800	91.778800	48
91.561800	92.464800	53
91.778800	92.464800	48
91.995800	92.464800	57
92.457800	93.825800	69
92.460800	93.829800	41
92.674800	93.115800	48
92.895800	93.829800	53
93.115800	93.829800	48
93.823800	95.212800	64
93.825800	95.216800	60
93.825800	95.216800	69
93.826800	95.216800	40
94.144653	94.484800	48
94.259800	95.216800	52
94.484800	95.216800	48
94.718800	95.216800	57
95.212800	96.902800	64
95.215800	96.906800	59
95.215800	96.906800	68
95.216800	96.573800	40
95.432800	95.919800	47
95.919800	96.573800	47
96.175800	96.573800	56
96.909800	97.024800	69
96.909800	97.263800	45
97.028800	97.147800	71
97.148800	97.266800	72
97.266800	97.385800	71
97.386800	97.500800	72
97.504800	97.622800	74
97.623800	97.987800	76
97.627800	97.987800	64
97.746800	97.987800	66
97.868800	97.987800	68
97.984800	98.106800	69
97.987800	98.107800	66
98.107800	98.222800	71
98.109800	98.222800	68
98.223800	98.344800	72
98.225800	98.345800	69
98.345800	98.704800	71
98.459800	98.582800	72
98.582800	98.705900	74
98.705900	99.075800	76
98.708800	99.075800	64
98.827900	99.073900	66
98.943900	99.075800	68
99.072800	99.184800	69
99.073900	99.188800	66
99.188800	99.306800	71
99.189800	99.307800	68
99.310900	99.429800	72
99.311800	99.429800	69
99.432900	99.789900	71
99.544900	99.667900	72
99.668900	99.789900	74
99.790900	99.904900	72
99.793900	99.905900	69
99.908900	100.028000	74
99.909900	100.029000	71
100.029000	100.144000	76
100.032000	100.144000	72
100.148000	100.266000	77
100.148000	100.267000	74
100.267000	100.389000	79
100.271000	100.390000	76
100.390000	100.505000	77
100.390000	100.505000	81
100.506000	100.627000	79
100.508000	100.628000	76
100.628000	100.749000	77
100.629000	100.749000	74
100.750000	100.864000	76
100.750000	100.865000	72
100.865000	100.987000	74
100.866000	100.988000	71
100.988000	101.110000	72
100.991000	101.110000	69
101.111000	101.232000	71
101.111000	101.236000	67
101.239000	101.358000	69
101.240000	101.372000	65
101.359000	101.485000	71
101.488000	101.607000	72
101.608000	101.730000	71
101.608000	101.747000	60
101.730000	101.852000	69
101.855000	101.978000	67
101.979000	102.353000	65
101.981000	102.353000	57
102.101000	102.352000	64
102.224000	102.353000	63
102.352000	102.710000	64
102.353000	102.472000	56
102.472000	102.594000	54
102.595000	102.710000	52
102.713000	102.831000	51
102.832000	102.954000	49
102.955000	103.077000	47
103.077000	103.196000	59
103.078000	103.438000	57
103.197000	103.318000	61
103.322000	103.438000	63
103.438000	103.556000	64
103.439000	103.557000	56
103.560000	103.679000	66
103.561000	103.683000	54
103.683000	103.801000	68
103.684000	103.802000	52
103.805000	104.166000	51
103.805000	104.166000	69
103.924000	104.166000	49
104.040000	104.166000	47
104.165000	104.281000	59
104.166000	104.519000	57
104.284000	104.407000	61
104.407000	104.522000	63
104.523000	104.642000	64
104.527000	104.642000	56
104.645000	104.767000	66
104.649000	104.768000	54
104.768000	104.886000	68
104.769000	104.887000	52
104.887000	105.250000	69
104.890000	105.250000	51
105.009000	105.250000	49
105.129000	105.250000	47
105.248000	105.370000	59
105.250000	105.607000	57
105.370000	105.485000	61
105.486000	105.608000	63
105.608000	105.976000	64
105.611000	105.976000	56
105.730000	105.975000	66
105.733000	105.976000	54
105.846000	105.976000	68
105.849000	105.976000	52
105.975000	106.337000	66
105.976000	106.337000	54
106.091000	106.333000	68
106.091000	106.336000	52
106.213000	106.337000	69
106.214000	106.337000	51
106.333000	106.696000	68
106.336000	106.696000	52
106.452000	106.694000	69
106.452000	106.696000	51
106.571000	106.696000	71
106.573000	106.696000	50
106.694000	107.064000	69
106.696000	107.064000	52
106.816000	107.054000	71
106.818000	107.057000	50
106.932000	107.064000	72
106.934000	107.064000	48
107.054000	107.424000	71
107.057000	107.424000	50
107.169000	107.414000	72
107.172000	107.417000	48
107.292000	107.424000	74
107.295000	107.424000	47
107.414000	107.781000	72
107.417000	107.781000	48
107.537000	107.781000	47
107.537000	107.781000	74
107.659000	107.781000	45
107.659000	107.781000	76
107.775000	108.148000	77
107.777000	108.149000	44
107.901000	108.149000	76
107.904000	108.149000	45
108.019000	108.149000	74
108.020000	108.149000	47
108.145000	108.513000	83
108.148000	108.512000	77
108.149000	108.513000	44
108.149000	108.516000	38
108.269000	108.516000	45
108.269000	108.516000	76
108.391000	108.516000	74
108.392000	108.516000	47
108.512000	108.885000	77
108.513000	108.884000	83
108.513000	108.887000	44
108.516000	108.885000	38
108.635000	108.891000	45
108.635000	108.891000	76
108.757000	108.891000	74
108.758000	108.891000	47
108.884000	109.256000	83
108.885000	109.255000	77
108.885000	109.258000	38
108.887000	109.258000	44
109.003000	109.265000	76
109.005000	109.265000	45
109.126000	109.265000	74
109.128000	109.265000	47
109.255000	109.627000	77
109.256000	109.627000	83
109.258000	109.628000	44
109.258000	109.629000	38
109.378000	109.629000	76
109.380000	109.629000	45
109.497000	109.629000	74
109.500000	109.629000	47
109.627000	110.004000	77
109.627000	110.007000	83
109.628000	110.008000	44
109.629000	110.008000	38
109.749000	110.008000	45
109.749000	110.008000	76
109.874000	110.008000	74
109.878000	110.008000	47
110.004000	110.367000	77
110.007000	110.367000	83
110.008000	110.367000	31
110.008000	110.367000	43
110.129000	110.367000	75
110.252000	110.378000	74
110.379000	110.501000	77
110.381000	110.564000	83
110.501000	110.627000	75
110.629000	110.756000	74
110.757000	110.879000	77
110.757000	110.949000	83
110.879000	111.004000	75
111.008000	111.148000	74
111.152000	111.271000	80
111.274000	111.393000	79
111.394000	111.530000	77
111.530000	111.648000	79
111.652000	111.778000	77
111.779000	111.904000	75
111.908000	112.033000	77
112.034000	112.160000	75
112.160000	112.289000	74
112.290000	112.408000	72
112.411000	112.531000	74
112.534000	112.660000	75
112.661000	112.783000	74
112.783000	112.905000	75
112.906000	113.024000	77
113.025000	113.389000	79
113.027000	113.389000	67
113.150000	113.389000	69
113.266000	113.389000	71
113.388000	113.500000	72
113.389000	113.504000	69
113.504000	113.622000	74
113.507000	113.626000	71
113.627000	113.738000	75
113.627000	113.742000	72
113.743000	114.106000	74
113.861000	113.976000	75
113.980000	114.106000	77
114.109000	114.470000	79
114.110000	114.470000	67
114.222000	114.470000	69
114.344000	114.470000	71
114.467000	114.581000	72
114.470000	114.582000	69
114.582000	114.704000	74
114.586000	114.704000	71
114.705000	114.827000	75
114.708000	114.827000	72
114.827000	115.188000	74
114.949000	115.065000	75
115.065000	115.188000	77
115.188000	115.306000	75
115.189000	115.307000	72
115.309000	115.422000	77
115.310000	115.422000	74
115.425000	115.544000	79
115.425000	115.548000	75
115.548000	115.660000	77
115.548000	115.660000	80
115.663000	115.782000	82
115.664000	115.782000	79
115.786000	115.904000	84
115.786000	115.908000	80
115.909000	116.027000	79
115.909000	116.027000	82
116.031000	116.142000	80
116.031000	116.143000	77
116.146000	116.265000	79
116.147000	116.266000	75
116.268000	116.384000	77
116.269000	116.388000	74
116.388000	116.503000	75
116.391000	116.507000	72
116.507000	116.629000	74
116.508000	116.629000	70
116.633000	116.752000	72
116.634000	116.769000	68
116.752000	116.881000	74
116.882000	117.000000	75
117.004000	117.122000	74
117.005000	117.141000	63
117.126000	117.252000	72
117.252000	117.375000	70
117.375000	117.753000	68
117.376000	117.753000	60
117.498000	117.746000	67
117.617000	117.753000	66
117.746000	117.924000	67
117.749000	117.868000	59
117.869000	117.987000	57
117.987000	118.113000	55
118.114000	118.487000	54
118.235000	118.487000	52
118.348000	118.487000	50
118.471000	118.593000	62
118.471000	118.830000	60
118.594000	118.708000	64
118.708000	118.831000	66
118.834000	118.953000	67
118.835000	118.953000	59
118.957000	119.072000	69
118.957000	119.076000	57
119.076000	119.194000	71
119.080000	119.198000	55
119.199000	119.569000	54
119.199000	119.569000	72
119.314000	119.569000	52
119.437000	119.569000	50
119.559000	119.678000	62
119.560000	119.916000	60
119.678000	119.793000	64
119.794000	119.917000	66
119.917000	120.032000	67
119.919000	120.032000	59
120.035000	120.153000	69
120.035000	120.154000	57
120.154000	120.276000	71
120.158000	120.276000	55
120.277000	120.647000	72
120.280000	120.647000	54
120.399000	120.647000	52
120.514000	120.647000	50
120.638000	120.759000	62
120.640000	120.998000	60
120.760000	120.878000	64
120.882000	120.998000	66
120.998000	121.375000	67
121.001000	121.375000	59
121.120000	121.364000	69
121.123000	121.365000	57
121.242000	121.375000	71
121.243000	121.375000	55
121.364000	121.732000	69
121.365000	121.732000	57
121.481000	121.722000	71
121.481000	121.725000	55
121.603000	121.732000	54
121.603000	121.732000	72
121.722000	122.092000	71
121.725000	122.092000	55
121.845000	122.083000	72
121.848000	122.092000	54
121.961000	122.092000	74
121.963000	122.092000	53
122.083000	122.446000	72
122.085000	122.446000	52
122.206000	122.443000	74
122.206000	122.444000	50
122.321000	122.446000	76
122.324000	122.446000	48
122.443000	122.814000	74
122.444000	122.814000	50
122.566000	122.804000	76
122.566000	122.807000	48
122.681000	122.814000	77
122.685000	122.814000	47
122.804000	123.185000	76
122.807000	123.185000	48
122.926000	123.185000	77
122.927000	123.185000	47
123.048000	123.185000	79
123.049000	123.185000	46
123.182000	123.902000	45
123.182000	124.469000	60
123.294000	124.469000	65
123.419000	124.469000	69
123.531000	124.469000	72
123.535000	124.469000	57
123.657000	124.469000	77
123.658000	124.469000	53
123.781000	124.469000	81
123.782000	124.469000	48
123.900000	124.469000	84
123.902000	124.469000	45
124.022000	124.469000	89
124.024000	124.469000	41
124.145000	124.469000	36
124.145000	124.469000	93
124.277000	124.469000	96
124.280000	124.469000	33
124.675000	124.894000	71
124.676000	124.894000	79
124.676000	124.894000	83
124.679000	124.894000	76
124.680000	124.894000	47
124.680000	124.894000	52
124.682000	124.894000	55
124.683000	124.894000	59
125.092000	125.344000	75
125.096000	125.344000	83
125.097000	125.344000	71
125.097000	125.344000	78
125.099000	125.344000	54
125.099000	125.344000	59
125.103000	125.344000	47
125.103000	125.344000	51
125.512000	125.634000	76
125.512000	125.635000	67
125.635000	125.754000	78
125.638000	125.757000	66
125.758000	125.877000	79
125.761000	125.880000	64
125.880000	126.254000	81
125.881000	126.254000	63
125.999000	126.254000	61
126.121000	126.254000	59
126.244000	126.359000	71
126.248000	126.597000	69
126.360000	126.482000	73
126.482000	126.598000	75
126.598000	126.720000	76
126.601000	126.721000	67
126.721000	126.843000	78
126.723000	126.843000	66
126.843000	126.964000	79
126.845000	126.965000	64
126.965000	127.336000	81
126.966000	127.336000	63
127.087000	127.336000	61
127.203000	127.336000	59
127.332000	127.444000	71
127.333000	127.682000	69
127.448000	127.566000	73
127.567000	127.686000	75
127.686000	128.050000	76
127.687000	128.050000	67
127.809000	128.046000	78
127.809000	128.050000	66
127.924000	128.050000	64
127.924000	128.050000	79
128.046000	128.410000	78
128.047000	128.410000	63
128.162000	128.404000	79
128.163000	128.407000	64
128.284000	128.410000	81
128.285000	128.410000	66
128.404000	128.785000	79
128.407000	128.785000	64
128.526000	128.785000	81
128.529000	128.785000	66
128.649000	128.785000	83
128.650000	128.785000	67
128.777000	130.070000	60
128.897000	130.070000	65
129.016000	130.070000	69
129.135000	130.070000	72
129.138000	130.070000	57
129.258000	130.070000	77
129.261000	130.070000	53
129.383000	130.070000	48
129.383000	130.070000	81
129.503000	130.070000	84
129.505000	130.070000	45
129.619000	130.070000	41
129.619000	130.070000	89
129.748000	130.070000	93
129.749000	130.070000	36
129.880000	130.070000	96
129.881000	130.070000	33
130.276000	130.497000	79
130.279000	130.497000	83
130.280000	130.497000	76
130.283000	130.497000	52
130.283000	130.497000	71
130.284000	130.497000	47
130.286000	130.497000	55
130.286000	130.497000	59
130.692000	130.962000	71
130.692000	130.962000	78
130.693000	130.962000	75
130.693000	130.962000	83
130.696000	130.962000	51
130.696000	130.962000	54
130.696000	130.962000	59
130.697000	130.962000	47
131.136000	132.229000	83
131.137000	132.229000	88
131.141000	132.232000	76
131.141000	132.232000	79
131.141000	132.233000	43
131.142000	132.233000	40
131.144000	132.236000	52
131.144000	132.237000	47
132.449000	132.547000	75
132.450000	132.548000	47
132.450000	132.548000	83
132.452000	132.551000	59
132.642000	132.739000	82
132.642000	132.740000	76
132.643000	132.740000	48
132.643000	132.743000	60
132.845000	132.936000	83
132.846000	132.939000	47
132.846000	132.939000	75
132.848000	132.940000	59
133.034000	133.131000	82
133.038000	133.136000	76
133.038000	133.138000	48
133.041000	133.139000	60
133.233000	133.348000	75
133.233000	133.349000	83
133.234000	133.352000	47
133.237000	133.353000	59
133.699000	134.805000	74
133.699000	134.806000	86
133.699000	134.808000	78
133.703000	134.808000	81
133.703000	134.812000	38
133.703000	134.813000	45
133.704000	134.813000	50
133.705000	134.815000	42
135.021000	135.120000	73
135.022000	135.121000	57
135.022000	135.121000	81
135.023000	135.123000	45
135.214000	135.315000	74
135.215000	135.320000	58
135.215000	135.320000	80
135.215000	135.321000	46
135.414000	135.515000	81
135.417000	135.516000	73
135.418000	135.516000	57
135.421000	135.519000	45
135.607000	135.704000	74
135.610000	135.705000	80
135.610000	135.707000	58
135.610000	135.708000	46
135.809000	135.922000	81
135.810000	135.922000	73
135.813000	135.923000	57
135.813000	135.925000	45
136.267000	137.157000	78
136.272000	137.160000	72
136.272000	137.160000	81
136.272000	137.161000	84
136.273000	137.161000	51
136.275000	137.161000	39
137.164000	137.458000	71
137.164000	137.458000	83
137.167000	137.458000	52
137.167000	137.458000	76
137.167000	137.458000	79
137.168000	137.458000	40
137.597000	137.818000	69
137.602000	137.818000	77
137.602000	137.822000	72
137.602000	137.822000	81
137.604000	137.823000	53
137.605000	137.825000	41
138.032000	138.256000	72
138.035000	138.256000	84
138.036000	138.256000	75
138.036000	138.257000	81
138.039000	138.260000	54
138.040000	138.260000	42
138.476000	138.693000	79
138.476000	138.697000	71
138.477000	138.698000	76
138.477000	138.700000	83
138.480000	138.700000	55
138.480000	138.701000	43
138.920000	139.152000	81
138.921000	139.152000	78
138.924000	139.152000	72
138.925000	139.152000	57
138.927000	139.152000	45
139.369000	139.624000	71
139.372000	139.624000	76
139.373000	139.624000	47
139.373000	139.624000	59
139.373000	139.624000	79
139.821000	140.065000	71
139.821000	140.065000	75
139.824000	140.065000	47
139.824000	140.065000	59
139.824000	140.065000	78
140.289000	141.473000	55
140.294000	141.473000	59
140.296000	141.473000	64
140.297000	141.473000	52
140.482000	141.473000	66
140.583000	141.473000	67
140.681000	141.473000	69
140.773000	141.469000	71
140.874000	141.473000	73
140.973000	141.473000	75
141.070000	141.473000	76
141.172000	141.473000	78
141.269000	141.473000	79
141.367000	141.473000	81
141.469000	141.563000	71
141.470000	141.564000	83
141.473000	141.564000	51
141.473000	141.567000	47
141.654000	141.760000	82
141.655000	141.763000	70
141.658000	141.763000	52
141.659000	141.764000	48
141.853000	141.952000	71
141.854000	141.953000	83
141.854000	141.955000	51
141.857000	141.955000	47
142.050000	142.147000	70
142.054000	142.151000	82
142.054000	142.152000	48
142.054000	142.152000	52
142.246000	142.365000	71
142.249000	142.365000	83
142.250000	142.366000	47
142.253000	142.368000	51
142.712000	143.895000	57
142.715000	143.895000	50
142.715000	143.895000	54
142.716000	143.895000	62
142.907000	143.895000	64
143.005000	143.895000	66
143.103000	143.895000	67
143.202000	143.892000	69
143.292000	143.895000	71
143.394000	143.895000	73
143.492000	143.895000	74
143.590000	143.895000	76
143.688000	143.895000	78
143.790000	143.895000	80
143.892000	143.985000	69
143.892000	143.985000	81
143.894000	143.986000	45
143.894000	143.989000	49
144.083000	144.181000	80
144.084000	144.182000	46
144.084000	144.182000	68
144.085000	144.185000	50
144.286000	144.378000	81
144.286000	144.381000	69
144.287000	144.381000	45
144.290000	144.382000	49
144.475000	144.573000	68
144.478000	144.577000	80
144.479000	144.580000	46
144.482000	144.580000	50
144.675000	144.790000	81
144.675000	144.791000	69
144.676000	144.793000	45
144.679000	144.794000	49
145.140000	146.036000	43
145.141000	146.037000	40
145.141000	146.072000	36
145.144000	146.072000	48
145.249000	146.072000	72
145.361000	146.072000	76
145.477000	146.072000	79
145.581000	146.072000	84
145.697000	146.072000	88
145.810000	146.072000	91
145.917000	146.072000	96
146.033000	146.138000	95
146.033000	146.246000	47
146.036000	146.246000	43
146.037000	146.250000	40
146.037000	146.250000	52
146.481000	146.940000	69
146.482000	146.934000	45
146.482000	146.940000	48
146.484000	146.940000	41
146.485000	146.940000	53
146.593000	146.929000	72
146.712000	146.940000	77
146.818000	146.940000	81
146.929000	147.044000	72
146.930000	147.391000	51
146.933000	147.391000	42
146.933000	147.391000	54
146.934000	147.391000	45
147.045000	147.391000	75
147.157000	147.391000	81
147.265000	147.391000	84
147.381000	147.489000	71
147.384000	147.849000	43
147.384000	147.849000	47
147.384000	147.849000	55
147.385000	147.849000	52
147.490000	147.849000	76
147.612000	147.849000	79
147.724000	147.849000	83
147.835000	148.305000	69
147.836000	148.305000	48
147.836000	148.305000	57
147.839000	148.305000	45
147.839000	148.305000	54
147.951000	148.305000	72
148.070000	148.305000	78
148.175000	148.305000	81
148.291000	148.767000	67
148.294000	148.766000	59
148.294000	148.767000	47
148.294000	148.767000	52
148.298000	148.767000	55
148.409000	148.767000	71
148.536000	148.767000	76
148.644000	148.767000	79
148.764000	149.253000	54
148.764000	149.253000	66
148.766000	149.253000	59
148.767000	149.253000	47
148.767000	149.253000	51
148.886000	149.253000	71
149.011000	149.253000	75
149.128000	149.253000	78
149.250000	150.031000	64
149.251000	150.768000	52
149.449000	150.128000	66
149.450000	150.768000	54
149.541000	150.230000	67
149.544000	150.768000	55
149.642000	150.327000	69
149.642000	150.768000	57
149.739000	150.426000	71
149.740000	150.768000	59
149.838000	150.768000	73
149.839000	150.768000	61
149.932000	150.768000	63
149.932000	150.768000	75
150.031000	150.726000	76
150.031000	150.768000	64
150.128000	150.768000	66
150.128000	150.768000	78
150.227000	150.768000	79
150.230000	150.768000	67
150.325000	150.768000	81
150.327000	150.768000	69
150.425000	150.768000	83
150.426000	150.768000	71
150.531000	150.768000	72
150.531000	150.768000	84
150.625000	150.768000	86
150.629000	150.768000	74
150.724000	150.828000	88
150.726000	150.828000	76
150.832000	156.928000	77
150.832000	156.928000	89
152.039000	156.928000	86
152.042000	156.928000	74
153.260000	156.928000	83
153.261000	156.928000	71
154.488000	156.928000	80
154.493000	156.928000	68
155.776000	156.928000	79
155.781000	156.928000	67
157.075000	158.255000	76
157.076000	158.367000	48
157.076000	159.620000	67
157.296000	157.727000	55
157.510000	158.367000	60
157.727000	158.367000	55
157.947000	158.367000	64
158.151000	158.367000	77
158.255000	158.367000	76
158.357000	159.621000	74
158.360000	159.621000	47
158.563000	158.980000	55
158.773000	159.621000	77
158.892880	159.739880	62
158.980000	159.621000	55
159.189000	159.621000	80
159.190000	159.621000	65
159.618000	160.873000	79
159.620000	160.870000	67
159.620000	160.884000	48
159.827000	160.240000	55
160.030000	160.884000	64
160.240000	160.884000	55
160.449000	160.884000	76
160.450000	160.884000	60
160.870000	162.129000	67
160.873000	162.144000	79
160.874000	162.144000	47
161.077000	161.493000	55
161.404952	162.265952	65
161.493000	162.144000	55
161.696000	162.144000	77
161.699000	162.144000	62
162.129000	164.619000	67
162.133000	163.275000	76
162.134000	163.382000	48
162.340000	162.764000	55
162.667501	163.499501	60
162.764000	163.382000	55
163.039456	163.447456	64
163.180000	163.382000	77
163.275000	163.382000	76
163.380000	164.625000	47
163.380000	164.625000	74
163.575000	163.985000	55
163.782000	164.625000	77
163.912635	164.755635	62
163.985000	164.625000	55
164.195000	164.625000	65
164.195000	164.625000	80
164.615000	165.854000	79
164.619000	165.850000	67
164.619000	165.860000	48
165.021000	165.860000	64
165.231000	165.860000	55
165.437000	165.860000	76
165.438000	165.860000	60
165.850000	167.114000	67
165.854000	167.110000	47
165.854000	167.114000	79
166.264000	167.114000	65
166.473000	167.114000	55
166.677000	167.114000	77
166.753052	167.187052	62
167.107000	168.360000	68
167.108000	168.360000	80
167.110000	168.360000	47
167.310000	167.716000	56
167.513000	168.360000	65
167.716000	168.360000	56
167.926000	168.360000	77
167.927000	168.360000	62
168.356000	169.620000	69
168.356000	169.620000	81
168.357000	169.610000	48
168.615655	168.976000	57
168.766000	169.620000	65
168.976000	169.620000	57
169.179000	169.620000	77
169.182000	169.620000	60
169.609000	170.908000	76
169.610000	170.908000	48
169.610000	170.908000	70
169.830000	170.253000	60
170.044000	170.908000	85
170.047000	170.908000	67
170.253000	170.908000	60
170.463000	170.908000	84
170.464000	170.908000	64
170.891000	172.167000	72
170.894000	172.167000	82
170.895000	172.167000	53
171.104000	171.524000	60
171.314000	172.167000	65
171.524000	172.167000	60
171.727000	172.167000	81
171.730000	172.167000	69
172.165000	173.448000	67
172.165000	173.448000	76
172.167000	173.448000	45
172.462912	172.802000	57
172.592000	173.448000	82
172.595000	173.448000	61
172.802000	173.448000	57
173.012000	173.448000	81
173.013000	173.448000	64
173.435000	174.692000	79
173.438000	174.698000	69
173.439000	174.698000	50
173.649000	174.062000	57
174.062000	174.698000	57
174.271000	174.698000	65
174.271000	174.698000	77
174.692000	175.941000	79
174.694000	175.941000	67
174.695000	175.945000	47
174.898000	175.308000	55
175.169669	176.009669	65
175.308000	175.945000	55
175.518000	175.945000	77
175.521000	175.945000	62
175.941000	177.205000	67
175.941000	177.205000	79
175.944000	177.205000	48
176.151000	176.557000	55
176.353000	177.205000	64
176.557000	177.205000	55
176.767000	177.205000	76
176.768000	177.205000	60
177.194000	178.478000	65
177.198000	178.478000	43
177.198000	178.478000	80
177.405000	177.825000	55
177.614000	178.478000	79
177.617000	178.478000	62
177.824000	178.478000	77
177.825000	178.478000	55
178.038000	178.478000	76
178.041000	178.478000	59
178.248000	178.478000	74
178.462000	179.773000	72
178.464000	178.892000	64
178.464000	179.759000	48
178.675000	179.115000	55
178.892000	179.773000	64
179.112000	179.773000	74
179.115000	179.773000	55
179.329000	179.757000	76
179.330000	179.773000	60
179.543000	179.773000	77
179.756000	181.044000	70
179.757000	181.044000	76
179.759000	181.044000	48
179.970000	180.389000	60
180.187000	181.044000	67
180.187000	181.044000	85
180.389000	181.044000	60
180.604000	181.044000	84
180.606000	181.044000	64
181.027000	182.297000	72
181.030000	182.297000	53
181.030000	182.297000	82
181.237000	181.653000	60
181.446000	182.297000	65
181.653000	182.297000	60
181.863000	182.297000	81
181.864000	182.297000	69
182.290000	183.581000	67
182.293000	183.581000	45
182.293000	183.581000	76
182.608472	182.931000	57
182.724000	183.581000	61
182.724000	183.581000	82
182.931000	183.581000	57
183.141000	183.581000	81
183.143000	183.581000	64
183.565000	184.831000	79
183.567000	184.832000	50
183.567000	184.832000	69
183.778000	184.191000	57
184.191000	184.832000	57
184.401000	184.832000	65
184.401000	184.832000	77
184.828000	186.077000	67
184.831000	186.077000	79
184.832000	186.087000	47
185.038000	185.444000	55
185.241000	186.087000	65
185.444000	186.087000	55
185.655000	186.087000	77
185.657000	186.087000	62
186.077000	187.340000	67
186.077000	187.340000	79
186.080000	187.340000	48
186.287000	186.700000	55
186.491000	187.340000	64
186.700000	187.340000	55
186.903000	187.340000	60
186.903000	187.340000	76
187.330000	188.630000	65
187.330000	188.630000	80
187.333000	188.630000	43
187.543000	187.974000	55
187.761000	188.630000	79
187.764000	188.630000	62
187.971000	188.630000	77
187.974000	188.630000	55
188.192000	188.630000	59
188.192000	188.630000	76
188.405000	188.630000	74
188.628000	189.965000	72
188.629000	189.504000	64
188.712091	189.962000	48
188.842000	189.280000	55
189.063000	189.965000	60
189.280000	189.965000	55
189.504000	189.965000	64
189.958000	191.324000	76
189.961000	191.327000	67
189.962000	191.334000	48
190.179000	190.624000	55
190.404000	191.334000	60
190.624000	191.334000	55
190.837000	191.334000	64
191.324000	192.720000	76
191.327000	192.720000	67
191.328000	192.716000	71
191.330000	192.717000	47
191.835828	192.787828	59
191.993000	192.720000	55
192.220000	192.720000	64
192.714000	194.419000	75
192.716000	194.419000	66
192.716000	194.419000	71
192.717000	194.419000	47
192.938000	193.420000	54
193.175000	194.419000	59
193.420000	194.419000	54
193.682000	194.419000	63
194.418000	194.534000	65
194.418000	194.897000	56
194.533000	195.706000	71
194.534000	195.706000	65
194.652000	195.706000	74
194.655000	195.706000	62
194.774000	195.706000	77
194.777000	195.706000	59
194.894000	195.706000	83
194.897000	195.706000	56
195.014000	195.706000	86
195.016000	195.706000	53
195.132000	195.706000	89
195.135000	195.706000	50
195.255000	195.706000	95
195.257000	195.706000	47
195.384000	195.706000	98
195.387000	195.706000	45
195.510000	195.706000	101
195.514000	195.706000	44
196.721000	198.074000	46
196.944000	197.386000	53
197.159000	198.082000	58
197.386000	198.082000	53
197.606000	198.082000	62
198.067000	199.426000	74
198.072000	199.427000	65
198.072000	199.433000	68
198.074000	199.433000	46
198.292000	198.740000	53
198.519000	199.433000	58
198.740000	199.433000	53
198.957000	199.433000	62
199.426000	200.823000	74
199.427000	200.819000	69
199.427000	200.822000	45
199.427000	200.823000	65
199.647000	200.095000	53
199.863000	200.823000	57
200.095000	200.823000	53
200.326000	200.823000	62
200.819000	202.524000	64
200.819000	202.524000	69
200.822000	202.524000	45
200.822000	202.524000	73
201.044000	201.523000	52
201.281000	202.524000	57
201.523000	202.524000	52
201.785000	202.524000	61
202.520000	202.636000	63
202.521000	203.812000	54
202.635000	203.812000	69
202.636000	203.812000	63
202.755000	203.812000	72
202.758000	203.812000	60
202.877000	203.812000	75
202.881000	203.812000	57
202.993000	203.812000	81
202.996000	203.812000	53
203.116000	203.812000	84
203.119000	203.812000	51
203.238000	203.812000	87
203.241000	203.812000	48
203.360000	203.812000	93
203.361000	203.812000	45
203.487000	203.812000	96
203.490000	203.812000	43
203.616000	203.812000	42
203.616000	203.812000	99
204.826000	206.213000	44
205.047000	205.502000	51
205.275000	206.213000	56
205.502000	206.213000	51
205.730000	206.213000	60
206.210000	207.605000	68
206.212000	207.606000	75
206.213000	207.606000	44
206.318259	207.722259	66
206.437000	206.896000	51
206.896000	207.609000	51
207.119000	207.609000	60
207.605000	210.283000	68
207.606000	209.013000	44
207.606000	209.015000	75
207.718857	210.396857	65
207.823000	208.281000	53
208.281000	209.015000	53
208.580426	209.076426	61
209.012000	210.283000	73
209.013000	210.283000	44
209.233000	209.680000	53
209.454000	210.283000	77
209.457000	210.283000	56
209.680000	210.283000	53
209.907000	210.283000	61
209.907000	210.283000	78
210.269000	211.710000	63
210.329000	211.710000	73
210.387000	211.710000	80
210.388000	211.710000	32
210.623000	211.085000	44
210.853000	211.710000	51
211.085000	211.710000	44
211.322000	211.710000	54
211.762000	213.317000	72
211.804408	213.418408	66
211.826000	213.317000	32
211.826000	213.317000	80
212.060000	212.536000	44
212.291000	213.317000	51
212.536000	213.317000	44
212.820000	213.315000	56
213.313000	214.479000	73
213.315000	215.613000	56
213.315000	215.617000	61
213.317000	215.617000	49
213.317000	215.617000	53
213.443000	213.699000	75
213.570000	213.825000	77
213.699000	214.479000	75
213.825000	214.079000	77
213.954000	214.207000	78
214.079000	214.479000	77
214.207000	214.468000	78
214.336000	214.479000	80
214.468000	215.617000	78
214.591000	214.846000	80
214.717000	214.976000	82
214.846000	215.617000	80
214.976000	215.617000	82
215.102000	215.617000	84
215.224000	215.617000	85
215.351000	215.617000	87
215.473000	215.617000	89
215.611000	216.736000	90
215.613000	217.875000	56
215.613000	217.880000	60
215.617000	217.878000	49
215.712689	216.832689	51
215.729000	215.980000	89
215.858000	216.106000	87
215.980000	216.736000	89
216.106000	216.356000	87
216.228000	216.478000	85
216.356000	216.736000	87
216.478000	216.729000	85
216.605000	216.736000	84
216.729000	217.880000	85
216.731000	217.880000	54
216.848000	217.100000	84
216.978000	217.227000	82
217.100000	217.880000	84
217.227000	217.880000	82
217.408218	217.935218	80
217.536073	217.941073	78
217.605000	217.880000	77
217.730000	217.880000	75
217.874000	219.029000	73
217.875000	220.157000	56
217.878000	220.160000	49
217.878000	220.162000	52
217.878000	220.162000	61
217.993000	218.252000	75
218.126000	218.381000	76
218.252000	219.029000	75
218.381000	218.637000	76
218.508000	218.766000	78
218.637000	219.029000	76
218.766000	219.018000	78
218.893000	219.029000	80
219.018000	220.162000	78
219.148000	219.403000	80
219.274000	220.162000	81
219.403000	220.162000	80
219.526000	220.162000	82
219.655000	220.162000	84
219.774000	220.162000	85
219.897000	220.162000	87
220.019000	220.162000	88
220.156000	221.255000	90
220.157000	222.721000	56
220.159000	222.364000	60
220.160000	221.255000	51
220.160000	222.722000	49
220.268000	220.513000	88
220.390000	220.632000	87
220.513000	221.255000	88
220.632000	220.877000	87
220.754000	220.999000	85
220.877000	221.255000	87
220.999000	221.244000	85
221.122000	221.255000	84
221.244000	222.364000	85
221.245000	222.364000	54
221.363000	221.609000	83
221.486000	221.731000	81
221.609000	222.364000	83
221.731000	222.364000	81
221.854000	222.364000	80
221.983000	222.364000	78
222.105000	222.364000	76
222.224000	222.364000	75
222.361000	222.479000	73
222.361000	222.724000	52
222.362000	222.725000	61
222.480000	222.599000	75
222.602000	222.729000	76
222.729000	222.847000	75
222.848000	222.966000	76
222.966000	223.088000	78
223.090000	223.212000	76
223.212000	223.330000	78
223.334000	223.452000	80
223.457000	223.576000	60
223.457000	224.185000	81
223.576000	223.698000	61
223.699000	223.821000	63
223.822000	223.944000	61
223.944000	224.066000	63
224.067000	224.189000	64
224.189000	224.563000	80
224.192000	224.563000	66
224.310000	224.563000	64
224.431000	224.563000	63
224.560000	224.682000	73
224.563000	225.288000	64
224.683000	224.801000	75
224.804000	224.924000	76
224.924000	225.046000	75
225.047000	225.169000	76
225.170000	225.291000	78
225.291000	225.410000	76
225.292000	225.656000	61
225.411000	225.533000	78
225.533000	225.656000	80
225.656000	226.393000	81
225.658000	225.781000	60
225.785000	225.900000	61
225.900000	226.026000	63
226.027000	226.142000	61
226.143000	226.264000	63
226.268000	226.394000	64
226.394000	226.765000	80
226.395000	226.765000	66
226.509000	226.762000	64
226.639000	226.765000	63
226.761000	226.877000	76
226.762000	227.860000	64
226.880000	227.002000	78
227.003000	227.125000	79
227.125000	227.244000	78
227.245000	227.370000	79
227.371000	227.489000	81
227.493000	227.611000	79
227.612000	227.738000	81
227.739000	227.860000	83
227.864000	227.982000	63
227.864000	228.591000	84
227.983000	228.105000	64
228.105000	228.228000	66
228.228000	228.346000	64
228.350000	228.469000	66
228.473000	228.596000	67
228.596000	228.974000	83
228.597000	228.974000	69
228.722000	228.974000	67
228.840000	228.974000	66
228.970000	229.701000	86
228.974000	229.092000	65
229.092000	229.211000	66
229.215000	229.333000	68
229.334000	229.460000	66
229.460000	229.578000	68
229.579000	229.702000	69
229.702000	230.077000	85
229.705000	230.077000	71
229.824000	230.077000	69
229.947000	230.077000	68
230.073000	230.194000	78
230.076000	230.440000	66
230.195000	230.317000	80
230.318000	230.440000	81
230.441000	230.558000	80
230.563000	230.685000	81
230.685000	230.804000	83
230.804000	231.183000	79
230.807000	231.049000	64
230.807000	231.183000	85
231.011664	231.267664	70
231.049000	231.183000	64
231.179000	231.357000	90
231.181000	231.358000	78
231.182000	231.308000	63
231.182000	231.308000	71
231.301000	231.420000	64
231.420000	231.538000	66
231.543000	231.661000	64
231.665000	231.788000	66
231.781000	231.899000	67
231.906000	232.152000	78
231.907000	232.285000	69
231.907000	232.285000	75
232.029000	232.285000	83
232.152000	232.285000	78
232.282000	232.459000	88
232.284000	232.414000	76
232.285000	232.460000	68
232.400000	232.522000	78
232.523000	232.645000	80
232.645000	232.768000	78
232.768000	232.889000	80
232.890000	233.009000	81
233.012000	233.388000	77
233.013000	233.262000	62
233.013000	233.388000	83
233.134000	233.388000	68
233.262000	233.388000	62
233.384000	233.604000	76
233.387000	233.604000	61
233.387000	233.604000	88
233.388000	233.604000	69
233.505000	233.625000	62
233.628000	233.748000	64
233.748000	233.869000	62
233.870000	233.992000	64
233.996000	234.111000	66
234.115000	234.363000	76
234.115000	234.497000	67
234.115000	234.497000	73
234.242000	234.497000	81
234.363000	234.497000	76
234.493000	234.626000	74
234.496000	234.671000	86
234.497000	234.671000	66
234.612000	234.734000	76
234.735000	234.857000	78
234.858000	234.979000	76
234.979000	235.098000	78
235.101000	235.221000	79
235.224000	235.599000	81
235.225000	235.959000	74
235.225000	235.959000	86
235.228000	235.472000	65
235.472000	235.599000	65
235.595000	235.963000	80
235.599000	235.719000	64
235.718000	235.837000	66
235.838000	235.963000	68
235.963000	236.081000	66
236.082000	236.201000	68
236.204000	236.324000	69
236.327000	236.575000	81
236.327000	236.708000	65
236.328000	237.068000	71
236.331000	237.069000	74
236.453000	236.708000	86
236.575000	236.708000	81
236.705000	236.824000	80
236.705000	237.069000	64
236.825000	236.946000	81
236.946000	237.070000	83
237.073000	237.191000	81
237.192000	237.314000	83
237.314000	237.432000	84
237.433000	237.811000	81
237.436000	238.171000	74
237.437000	237.685000	65
237.437000	238.171000	86
237.685000	237.811000	65
237.807000	238.172000	80
237.811000	237.927000	64
237.926000	238.048000	66
238.049000	238.175000	68
238.175000	238.297000	66
238.298000	238.413000	68
238.416000	238.535000	69
238.539000	238.788000	81
238.539000	239.281000	71
238.540000	239.281000	74
238.542000	238.914000	65
238.665000	238.914000	86
238.788000	238.914000	81
238.911000	239.028000	80
238.914000	239.281000	64
239.032000	239.151000	81
239.155000	239.282000	83
239.285000	239.396000	81
239.397000	239.522000	83
239.522000	239.641000	84
239.642000	240.016000	81
239.642000	240.376000	74
239.643000	240.377000	86
239.644000	239.890000	65
239.768000	240.016000	69
239.890000	240.016000	65
240.013000	240.377000	80
240.016000	240.136000	64
240.135000	240.254000	66
240.254000	240.380000	68
240.381000	240.499000	66
240.499000	240.614000	68
240.615000	240.737000	69
240.738000	240.860000	68
240.860000	240.978000	69
240.982000	241.097000	71
241.098000	241.217000	69
241.220000	241.339000	71
241.342000	241.454000	72
241.458000	241.576000	71
241.580000	241.699000	72
241.700000	241.822000	74
241.822000	242.182000	76
241.826000	242.182000	64
241.938000	242.179000	66
242.060000	242.182000	68
242.179000	242.297000	69
242.179000	242.298000	66
242.298000	242.413000	71
242.301000	242.413000	68
242.417000	242.536000	72
242.418000	242.536000	69
242.540000	242.897000	71
242.658000	242.774000	72
242.774000	242.897000	74
242.897000	243.267000	76
242.900000	243.267000	64
243.020000	243.265000	66
243.142000	243.267000	68
243.264000	243.379000	69
243.265000	243.379000	66
243.380000	243.498000	71
243.380000	243.502000	68
243.502000	243.621000	72
243.506000	243.624000	69
243.624000	243.981000	71
243.736000	243.859000	72
243.862000	243.982000	74
243.985000	244.104000	72
243.986000	244.104000	69
244.105000	244.219000	74
244.108000	244.220000	71
244.222000	244.342000	76
244.223000	244.343000	72
244.343000	244.458000	77
244.345000	244.458000	74
244.461000	244.580000	79
244.461000	244.581000	76
244.581000	244.702000	81
244.584000	244.702000	77
244.703000	244.824000	79
244.706000	244.825000	76
244.825000	244.937000	77
244.826000	244.940000	74
244.940000	245.063000	76
244.944000	245.063000	72
245.063000	245.178000	74
245.064000	245.179000	71
245.181000	245.297000	72
245.182000	245.297000	69
245.301000	245.427000	71
245.304000	245.431000	67
245.431000	245.556000	69
245.431000	245.567000	65
245.557000	245.675000	71
245.675000	245.797000	72
245.798000	245.920000	71
245.801000	245.938000	60
245.921000	246.050000	69
246.050000	246.168000	67
246.172000	246.547000	65
246.173000	246.547000	57
246.292000	246.543000	64
246.421000	246.547000	63
246.543000	246.907000	64
246.544000	246.662000	56
246.666000	246.784000	54
246.788000	246.908000	52
246.911000	247.030000	51
247.030000	247.145000	49
247.146000	247.271000	47
247.271000	247.390000	59
247.275000	247.632000	57
247.391000	247.513000	61
247.514000	247.632000	63
247.635000	247.754000	64
247.635000	247.758000	56
247.758000	247.870000	66
247.759000	247.871000	54
247.873000	248.000000	68
247.874000	248.000000	52
248.003000	248.364000	51
248.003000	248.364000	69
248.118000	248.364000	49
248.237000	248.364000	47
248.360000	248.475000	59
248.364000	248.713000	57
248.476000	248.594000	61
248.598000	248.714000	63
248.714000	248.832000	64
248.716000	248.836000	56
248.837000	248.955000	66
248.839000	248.959000	54
248.959000	249.077000	68
248.960000	249.078000	52
249.080000	249.449000	69
249.081000	249.449000	51
249.201000	249.449000	49
249.316000	249.449000	47
249.446000	249.560000	59
249.448000	249.798000	57
249.560000	249.682000	61
249.683000	249.799000	63
249.799000	250.176000	64
249.802000	250.176000	56
249.922000	250.167000	66
249.925000	250.169000	54
250.044000	250.176000	68
250.046000	250.176000	52
250.167000	250.537000	66
250.169000	250.537000	54
250.289000	250.526000	68
250.290000	250.527000	52
250.405000	250.537000	69
250.407000	250.537000	51
250.526000	250.891000	68
250.527000	250.887000	52
250.648000	250.887000	69
250.649000	250.891000	51
250.764000	250.891000	71
250.765000	250.891000	50
250.887000	251.255000	52
250.887000	251.255000	69
251.006000	251.245000	71
251.010000	251.248000	50
251.129000	251.255000	72
251.132000	251.255000	48
251.245000	251.625000	71
251.248000	251.625000	50
251.367000	251.605000	72
251.370000	251.608000	48
251.483000	251.625000	74
251.485000	251.625000	47
251.605000	251.976000	72
251.608000	251.976000	48
251.728000	251.976000	74
251.730000	251.976000	47
251.850000	251.976000	45
251.850000	251.976000	76
251.972000	253.264000	62
251.972000	253.264000	65
252.088000	253.264000	58
252.088000	253.264000	70
252.210000	253.264000	74
252.211000	253.264000	53
252.333000	253.264000	50
252.333000	253.264000	77
252.448000	253.264000	82
252.449000	253.264000	46
252.571000	253.264000	86
252.572000	253.264000	41
252.693000	253.264000	89
252.694000	253.264000	38
252.812000	253.264000	94
252.815000	253.264000	34
252.935000	253.264000	98
252.936000	253.264000	29
253.071000	253.264000	101
253.072000	253.264000	26
253.466000	253.683000	72
253.467000	253.683000	64
253.470000	253.683000	69
253.470000	253.683000	76
253.471000	253.683000	52
253.471000	253.683000	60
253.473000	253.683000	57
253.887000	254.135000	68
253.887000	254.135000	71
253.887000	254.135000	76
253.888000	254.135000	64
253.889000	254.135000	52
253.890000	254.135000	56
253.890000	254.135000	59
254.310000	254.674000	69
254.311000	254.422000	60
254.425000	254.552000	59
254.552000	254.675000	57
254.675000	255.038000	56
254.790000	255.038000	54
254.912000	255.038000	52
255.035000	255.157000	64
255.035000	255.388000	62
255.157000	255.272000	66
255.273000	255.391000	68
255.392000	255.510000	69
255.392000	255.511000	60
255.511000	255.633000	71
255.513000	255.634000	59
255.634000	255.752000	72
255.636000	255.756000	57
255.756000	256.123000	74
255.759000	256.123000	56
255.878000	256.123000	54
255.998000	256.123000	52
256.121000	256.235000	64
256.123000	256.473000	62
256.236000	256.357000	66
256.357000	256.473000	68
256.477000	256.595000	69
256.477000	256.596000	60
256.596000	256.718000	71
256.599000	256.718000	59
256.719000	256.840000	72
256.722000	256.841000	57
256.841000	257.211000	74
256.843000	257.211000	56
256.964000	257.211000	54
257.079000	257.211000	52
257.202000	257.320000	64
257.204000	257.558000	62
257.323000	257.442000	66
257.446000	257.561000	68
257.562000	257.925000	69
257.565000	257.925000	60
257.684000	257.922000	71
257.685000	257.925000	59
257.800000	257.925000	72
257.803000	257.925000	57
257.922000	258.293000	71
257.923000	258.293000	56
258.045000	258.282000	72
258.045000	258.283000	57
258.160000	258.293000	59
258.160000	258.293000	74
258.282000	258.664000	72
258.283000	258.664000	57
258.403000	258.664000	74
258.405000	258.664000	59
258.525000	258.664000	76
258.527000	258.664000	60
258.654000	259.952000	62
258.654000	259.952000	65
258.776000	259.952000	58
258.776000	259.952000	70
258.898000	259.952000	74
258.899000	259.952000	53
259.014000	259.952000	50
259.014000	259.952000	77
259.136000	259.952000	82
259.137000	259.952000	46
259.256000	259.952000	86
259.259000	259.952000	41
259.375000	259.952000	38
259.375000	259.952000	89
259.497000	259.952000	94
259.498000	259.952000	34
259.624000	259.952000	29
259.624000	259.952000	98
259.749000	259.952000	101
259.753000	259.952000	26
260.158000	260.376000	72
260.162000	260.376000	76
260.162000	260.377000	69
260.163000	260.379000	64
260.165000	260.379000	57
260.166000	260.379000	52
260.166000	260.383000	60
260.589000	260.816000	68
260.590000	260.817000	71
260.592000	260.817000	64
260.592000	260.820000	76
260.593000	260.821000	56
260.596000	260.821000	52
260.596000	260.821000	59
261.047000	262.273000	65
261.048000	262.273000	62
261.167000	262.273000	58
261.167000	262.273000	70
261.283000	262.273000	74
261.286000	262.273000	53
261.404000	262.273000	77
261.407000	262.273000	50
261.528000	262.273000	46
261.528000	262.273000	82
261.643000	262.273000	86
261.646000	262.273000	41
261.765000	262.273000	89
261.766000	262.273000	38
261.887000	262.273000	94
261.888000	262.273000	34
262.014000	262.273000	98
262.016000	262.273000	29
262.140000	262.273000	101
262.143000	262.273000	26
262.535000	262.738000	65
262.535000	262.739000	77
262.538000	262.739000	70
262.538000	262.741000	74
262.539000	262.742000	53
262.539000	262.742000	58
262.542000	262.742000	62
262.941000	263.137000	72
262.941000	263.138000	65
262.945000	263.140000	69
262.945000	263.140000	77
262.945000	263.141000	60
262.946000	263.144000	57
262.948000	263.144000	53
263.336000	263.529000	79
263.337000	263.529000	91
263.337000	263.530000	31
263.339000	263.530000	43
263.725000	263.920000	72
263.726000	263.921000	67
263.728000	263.924000	79
263.729000	263.925000	60
263.729000	263.925000	75
263.729000	263.928000	55
263.732000	263.928000	63
264.124000	264.319000	74
264.127000	264.324000	79
264.127000	264.327000	71
264.128000	264.328000	55
264.128000	264.328000	67
264.131000	264.328000	59
264.132000	264.330000	62
264.527000	264.722000	81
264.527000	264.722000	93
264.528000	264.722000	45
264.530000	264.722000	33
264.915000	265.111000	74
264.915000	265.111000	81
264.919000	265.114000	69
264.919000	265.114000	77
264.919000	265.115000	62
264.920000	265.118000	57
264.922000	265.119000	65
265.314000	265.524000	69
265.318000	265.528000	73
265.318000	265.528000	81
265.318000	265.529000	76
265.321000	265.529000	57
265.322000	265.530000	61
265.322000	265.531000	64
265.737000	265.941000	70
265.741000	265.941000	67
265.742000	265.944000	55
265.742000	265.944000	58
265.941000	266.144000	70
265.941000	266.147000	67
265.944000	266.151000	55
265.944000	266.151000	58
266.144000	266.353000	70
266.147000	266.354000	67
266.148000	266.354000	73
266.151000	266.358000	55
266.151000	266.358000	58
266.152000	266.357000	52
266.353000	266.557000	70
266.354000	266.557000	67
266.354000	266.560000	73
266.357000	266.564000	52
266.358000	266.564000	55
266.358000	266.565000	58
266.557000	266.767000	70
266.557000	266.770000	67
266.560000	266.767000	76
266.560000	266.770000	73
266.564000	266.771000	49
266.564000	266.774000	52
266.564000	266.774000	55
266.565000	266.775000	58
266.767000	266.969000	70
266.767000	266.973000	76
266.770000	266.970000	73
266.770000	268.226000	67
266.771000	266.976000	49
266.774000	266.974000	52
266.774000	266.977000	55
266.775000	268.226000	58
266.969000	267.180000	70
266.970000	267.181000	73
266.970000	267.183000	79
266.973000	267.180000	76
266.974000	267.183000	46
266.974000	267.183000	52
266.976000	267.184000	49
266.977000	267.187000	55
267.180000	267.382000	76
267.180000	268.226000	70
267.181000	267.383000	73
267.183000	267.383000	79
267.183000	267.386000	46
267.183000	267.387000	52
267.184000	267.387000	49
267.187000	268.226000	55
267.382000	267.585000	76
267.383000	267.586000	73
267.383000	267.586000	79
267.386000	267.589000	82
267.386000	267.592000	46
267.387000	267.590000	49
267.387000	267.593000	52
267.389000	267.590000	43
267.585000	267.792000	76
267.586000	267.796000	79
267.586000	268.226000	73
267.589000	267.799000	82
267.590000	267.803000	43
267.590000	267.803000	49
267.592000	267.800000	46
267.593000	268.226000	52
267.792000	268.006000	76
267.796000	268.005000	85
267.796000	268.006000	79
267.799000	268.002000	82
267.799000	268.006000	40
267.800000	268.009000	46
267.803000	268.010000	43
267.803000	268.010000	49
268.002000	268.226000	82
268.005000	268.226000	85
268.006000	268.226000	40
268.006000	268.226000	76
268.006000	268.226000	79
268.009000	268.226000	46
268.010000	268.226000	43
268.010000	268.226000	49
268.215000	268.576000	81
268.220000	268.576000	74
268.220000	268.576000	77
268.222000	268.576000	86
268.223000	268.576000	41
268.223000	268.576000	45
268.224000	268.576000	50
269.528000	269.888000	77
269.531000	269.888000	86
269.532000	269.888000	81
269.532000	269.888000	89
269.536000	269.888000	38
269.536000	269.888000	41
269.536000	269.888000	50
269.538000	269.888000	45
270.834000	271.055000	69
270.838000	271.055000	52
270.838000	271.055000	76
270.840000	271.055000	60
272.114000	272.332000	68
272.115000	272.335000	59
272.115000	272.335000	76
272.116000	272.339000	52
273.504000	274.680000	73
273.507000	276.046000	64
273.508000	274.788000	45
273.722000	274.151000	52
273.935000	274.788000	57
274.151000	274.788000	52
274.373000	274.788000	61
274.579000	274.788000	74
274.680000	274.788000	73
274.785000	276.049000	71
274.786000	276.049000	44
274.988000	275.405000	52
275.198000	276.049000	59
275.198000	276.049000	74
275.405000	276.049000	52
275.616000	276.049000	77
275.618000	276.049000	62
276.046000	277.299000	64
276.048000	277.299000	76
276.049000	277.308000	45
276.252000	276.665000	52
276.455000	277.308000	61
276.665000	277.308000	52
276.876000	277.308000	73
276.878000	277.308000	57
277.299000	278.558000	64
277.299000	278.565000	76
277.300000	278.565000	44
277.505000	277.918000	52
277.711000	278.565000	56
278.004063	278.651063	52
278.124000	278.565000	74
278.125000	278.565000	59
278.558000	279.700000	73
278.558000	281.044000	64
278.559000	279.815000	45
278.766000	279.188000	52
279.042902	279.875902	57
279.188000	279.815000	52
279.399000	279.815000	61
279.602000	279.815000	74
279.700000	279.815000	73
279.801000	281.057000	71
279.802000	281.057000	44
280.077351	280.407000	52
280.207000	281.057000	74
280.211000	281.057000	59
280.407000	281.057000	52
280.620000	281.057000	62
280.620000	281.057000	77
281.044000	282.278000	64
281.044000	282.279000	76
281.047000	282.289000	45
281.247000	281.649000	52
281.449000	282.289000	61
281.767075	282.407075	52
281.859000	282.289000	73
281.863000	282.289000	57
282.278000	283.542000	64
282.279000	283.542000	76
282.282000	283.535000	44
282.489000	282.899000	52
282.689000	283.542000	56
282.899000	283.542000	52
283.105000	283.542000	59
283.105000	283.542000	74
283.532000	284.791000	65
283.532000	284.791000	77
283.535000	284.791000	44
283.735000	284.141000	53
283.941000	284.791000	56
284.141000	284.791000	53
284.354000	284.791000	59
284.354000	284.791000	74
284.775000	286.038000	66
284.775000	286.038000	78
284.777000	286.038000	45
284.984000	285.401000	54
285.246766	286.093766	57
285.401000	286.038000	54
285.611000	286.038000	74
285.614000	286.038000	62
286.035000	287.333000	67
286.035000	287.333000	73
286.038000	287.333000	45
286.255000	286.679000	57
286.471000	287.333000	82
286.472000	286.889000	64
286.679000	287.333000	57
286.889000	287.333000	64
286.889000	287.333000	81
287.319000	288.600000	69
287.320000	288.600000	79
287.323000	288.600000	50
287.533000	287.949000	57
287.743000	288.600000	62
287.949000	288.600000	57
288.160000	288.600000	78
288.162000	288.600000	66
288.586000	289.877000	73
288.589000	289.877000	64
288.593000	289.877000	42
288.804000	289.226000	54
289.020000	289.877000	61
289.020000	289.877000	79
289.226000	289.877000	54
289.437000	289.877000	78
289.440000	289.877000	58
289.863000	291.121000	76
289.863000	291.130000	47
289.967202	291.236202	66
290.074000	290.486000	54
290.378376	291.231376	59
290.486000	291.130000	54
290.697000	291.130000	74
290.699000	291.130000	62
291.120000	292.367000	64
291.121000	292.369000	76
291.123000	292.380000	44
291.323000	291.737000	52
291.533000	292.380000	62
291.737000	292.380000	52
291.945000	292.380000	74
291.946000	292.380000	59
292.367000	293.626000	64
292.369000	293.626000	76
292.370000	293.626000	45
292.576000	292.982000	52
292.779000	293.626000	61
292.982000	293.626000	52
293.193000	293.626000	73
293.196000	293.626000	57
293.622000	294.896000	62
293.623000	294.896000	77
293.625000	294.896000	40
293.829000	294.253000	52
294.042000	294.896000	59
294.107973	294.963973	76
294.249000	294.896000	74
294.253000	294.896000	52
294.464000	294.896000	73
294.466000	294.896000	56
294.673000	294.896000	71
294.890000	296.185000	45
294.890000	296.191000	69
294.947737	295.324000	61
295.103000	295.540000	52
295.324000	296.191000	61
295.537000	296.191000	71
295.540000	296.191000	52
295.752000	296.182000	73
295.754000	296.191000	57
295.968000	296.191000	74
296.181000	297.468000	67
296.182000	297.468000	73
296.185000	297.468000	45
296.398000	296.818000	57
296.612000	297.468000	82
296.613000	297.031000	64
296.818000	297.468000	57
297.031000	297.468000	64
297.031000	297.468000	81
297.455000	298.728000	69
297.455000	298.728000	79
297.456000	298.728000	50
297.872000	298.728000	62
298.078000	298.728000	57
298.291000	298.728000	66
298.291000	298.728000	78
298.719000	300.007000	64
298.722000	300.007000	42
298.722000	300.007000	73
298.932000	299.359000	54
299.150000	300.007000	61
299.150000	300.007000	79
299.359000	300.007000	54
299.566000	300.007000	78
299.569000	300.007000	58
299.997000	301.256000	76
300.000000	301.267000	47
300.128762	301.395762	66
300.202000	300.619000	54
300.512327	301.366327	59
300.619000	301.267000	54
300.826000	301.267000	74
300.829000	301.267000	62
301.256000	302.509000	76
301.257000	302.510000	64
301.257000	302.516000	44
301.463000	301.872000	52
301.668000	302.516000	62
301.872000	302.516000	52
302.079000	302.516000	74
302.082000	302.516000	59
302.509000	303.769000	76
302.510000	303.769000	45
302.510000	303.769000	64
302.713000	303.125000	52
302.915000	303.769000	61
303.125000	303.769000	52
303.328000	303.769000	73
303.331000	303.769000	57
303.758000	305.067000	77
303.759000	305.067000	40
303.759000	305.067000	62
303.972000	304.403000	52
304.189000	305.067000	59
304.189000	305.067000	76
304.403000	305.067000	74
304.619000	305.067000	73
304.620000	305.067000	56
304.833000	305.067000	71
305.051000	306.388000	69
305.054000	305.929000	61
305.054000	306.388000	45
305.271000	305.708000	52
305.488000	306.391000	57
305.708000	306.391000	52
305.929000	306.396000	61
306.388000	307.566000	45
306.388000	307.566000	69
306.390000	307.566000	48
306.391000	307.566000	52
306.391000	307.566000	57
306.583000	307.566000	71
306.678000	307.566000	72
306.776000	307.566000	74
306.874000	307.562000	76
306.969000	307.566000	78
307.066000	307.566000	80
307.164000	307.566000	81
307.263000	307.566000	83
307.360000	307.566000	84
307.461000	307.566000	86
307.562000	307.656000	76
307.564000	307.658000	88
307.566000	307.658000	52
307.566000	307.660000	56
307.755000	307.854000	75
307.755000	307.854000	87
307.758000	307.856000	53
307.758000	307.856000	57
307.950000	308.052000	88
307.951000	308.052000	76
307.954000	308.053000	52
307.955000	308.053000	56
308.149000	308.248000	75
308.150000	308.249000	87
308.150000	308.251000	53
308.154000	308.252000	57
308.346000	308.461000	88
308.349000	308.465000	52
308.349000	308.465000	76
308.350000	308.469000	56
308.812000	309.994000	47
308.812000	309.994000	67
308.813000	309.991000	50
308.814000	309.994000	55
308.815000	309.994000	43
309.004000	309.994000	69
309.102000	309.994000	71
309.197000	309.994000	72
309.295000	309.988000	74
309.393000	309.994000	76
309.491000	309.994000	78
309.585000	309.994000	79
309.687000	309.994000	81
309.788000	309.994000	83
309.887000	309.994000	85
309.988000	310.081000	74
309.991000	310.085000	86
309.991000	310.086000	50
309.992000	310.086000	54
310.176000	310.274000	85
310.177000	310.275000	73
310.177000	310.278000	52
310.180000	310.278000	55
310.373000	310.470000	74
310.373000	310.471000	86
310.376000	310.473000	50
310.376000	310.474000	54
310.568000	310.670000	85
310.569000	310.670000	73
310.572000	310.671000	52
310.573000	310.671000	55
310.768000	310.883000	86
310.768000	310.884000	50
310.768000	310.884000	74
310.772000	310.887000	54
311.230000	312.120000	53
311.233000	312.117000	45
311.233000	312.120000	41
311.234000	312.116000	48
311.342000	312.120000	77
311.455000	312.120000	81
311.563000	312.120000	84
311.675000	312.120000	89
311.784000	312.120000	93
311.895000	312.120000	96
312.007000	312.120000	101
312.116000	312.220000	100
312.116000	312.329000	48
312.116000	312.329000	57
312.117000	312.330000	45
312.120000	312.333000	52
312.560000	313.015000	74
312.563000	313.006000	50
312.563000	313.015000	58
312.564000	313.015000	46
312.567000	313.015000	53
312.672000	313.005000	77
312.787000	313.015000	82
312.899000	313.015000	86
313.005000	313.120000	77
313.006000	313.459000	50
313.006000	313.459000	59
313.008000	313.459000	47
313.008000	313.459000	56
313.121000	313.459000	80
313.236000	313.459000	86
313.341000	313.459000	89
313.450000	313.557000	76
313.452000	313.915000	57
313.453000	313.915000	48
313.453000	313.915000	52
313.453000	313.915000	60
313.561000	313.915000	81
313.677000	313.915000	84
313.786000	313.915000	88
313.904000	314.373000	74
313.905000	314.373000	59
313.905000	314.373000	62
313.908000	314.373000	50
313.908000	314.373000	53
314.013000	314.373000	77
314.135000	314.373000	83
314.240000	314.373000	86
314.356000	314.824000	60
314.356000	314.824000	72
314.358000	314.824000	57
314.359000	314.817000	64
314.359000	314.818000	52
314.472000	314.824000	76
314.587000	314.824000	81
314.699000	314.824000	84
314.814000	315.300000	71
314.817000	315.300000	59
314.817000	315.300000	64
314.818000	315.300000	52
314.818000	315.300000	56
314.937000	315.300000	76
315.056000	315.300000	80
315.174000	315.300000	83
315.290000	315.423000	69
315.291000	315.424000	57
315.294000	315.493000	45
315.424000	315.556000	59
315.426000	315.556000	71
315.560000	315.689000	60
315.560000	315.693000	72
315.693000	315.822000	71
315.694000	315.822000	59
315.825000	315.958000	72
315.829000	315.959000	60
315.959000	316.098000	74
315.961000	316.099000	62
316.099000	316.512000	64
316.100000	316.512000	76
316.102000	316.512000	40
316.102000	316.512000	52
316.232000	316.512000	54
316.235000	316.509000	42
316.365000	316.512000	56
316.368000	316.512000	44
316.508000	316.637000	57
316.509000	316.638000	42
316.509000	316.638000	69
316.512000	316.639000	54
316.641000	316.763000	71
316.642000	316.764000	59
316.642000	316.767000	56
316.644000	316.767000	44
316.768000	316.896000	60
316.770000	316.897000	72
316.770000	316.900000	57
316.771000	316.900000	45
316.904000	317.029000	71
316.904000	317.306000	59
316.904000	317.307000	47
317.033000	317.166000	72
317.034000	317.166000	60
317.167000	317.307000	62
317.170000	317.308000	74
317.309000	317.713000	76
317.310000	317.713000	52
317.310000	317.713000	64
317.311000	317.713000	40
317.439000	317.713000	42
317.440000	317.712000	54
317.572000	317.713000	44
317.575000	317.713000	56
317.708000	317.838000	69
317.712000	317.838000	81
317.712000	317.842000	54
317.713000	317.842000	42
317.843000	317.971000	71
317.845000	317.975000	56
317.845000	317.975000	83
317.846000	317.975000	44
317.978000	318.104000	84
317.979000	318.104000	72
317.979000	318.108000	57
317.980000	318.108000	45
318.111000	318.236000	83
318.111000	318.241000	71
318.112000	318.510000	47
318.112000	318.510000	59
318.241000	318.373000	84
318.242000	318.374000	72
318.374000	318.514000	74
318.375000	318.514000	86
318.517000	318.920000	76
318.517000	318.920000	88
318.518000	318.920000	52
318.521000	318.920000	40
318.647000	318.920000	42
318.650000	318.920000	54
318.781000	318.920000	44
318.781000	318.920000	56
318.917000	319.045000	81
318.918000	319.045000	69
318.920000	319.049000	42
318.920000	319.049000	54
319.050000	319.179000	71
319.052000	319.179000	83
319.052000	319.180000	56
319.053000	319.182000	44
319.182000	319.311000	72
319.186000	319.315000	84
319.186000	319.316000	57
319.187000	319.316000	45
319.318000	319.441000	71
319.319000	319.441000	83
319.319000	319.714000	47
319.322000	319.714000	59
319.442000	319.574000	84
319.445000	319.575000	72
319.578000	319.715000	74
319.578000	319.718000	86
319.718000	320.131000	76
319.719000	320.137000	40
319.719000	320.137000	88
319.721000	320.137000	52
319.854000	320.137000	54
319.855000	320.137000	42
319.988000	320.137000	56
319.990000	320.137000	44
320.131000	320.333000	76
320.131000	320.333000	81
320.132000	320.333000	72
320.134000	320.333000	45
320.134000	320.333000	57
320.134000	320.333000	84
320.261000	320.393000	59
320.263000	320.393000	47
320.394000	320.526000	60
320.397000	320.527000	48
320.530000	320.666000	59
320.530000	320.667000	47
320.667000	320.806000	60
320.669000	320.806000	48
320.806000	320.939000	62
320.807000	320.940000	50
320.940000	321.370000	83
320.942000	321.363000	76
320.943000	321.370000	64
320.943000	321.370000	71
320.943000	321.370000	80
320.946000	321.370000	52
321.359000	321.576000	84
321.363000	321.576000	76
321.366000	321.576000	72
321.366000	321.576000	81
321.367000	321.576000	45
321.367000	321.576000	57
321.497000	321.628000	47
321.499000	321.629000	59
321.629000	321.762000	60
321.632000	321.765000	48
321.765000	321.901000	47
321.766000	321.905000	59
321.906000	322.042000	48
321.906000	322.042000	60
322.043000	322.174000	50
322.045000	322.175000	62
322.175000	322.605000	71
322.179000	322.601000	76
322.179000	322.605000	80
322.180000	322.605000	52
322.180000	322.605000	83
322.181000	322.605000	64
322.598000	322.805000	81
322.599000	322.805000	84
322.601000	322.805000	72
322.601000	322.805000	76
322.602000	322.805000	33
322.602000	322.805000	45
322.732000	322.864000	47
322.735000	322.865000	35
322.868000	323.004000	36
322.868000	323.004000	48
323.008000	323.137000	35
323.009000	323.141000	47
323.141000	323.273000	36
323.142000	323.273000	48
323.274000	323.410000	38
323.274000	323.410000	50
323.414000	323.844000	76
323.414000	323.851000	80
323.415000	323.851000	71
323.417000	323.851000	40
323.417000	323.851000	52
323.417000	323.851000	83
323.840000	324.239000	69
323.841000	324.239000	72
323.841000	324.239000	81
323.844000	324.239000	76
323.845000	324.239000	33
323.845000	324.239000	45
325.111000	325.525000	64
325.112000	325.527000	57
325.114000	325.524000	60
325.115000	325.527000	69
325.115000	325.532000	36
325.118000	325.528000	40
325.119000	325.528000	33
325.119000	325.531000	45
325.524000	325.948000	60
325.525000	325.951000	64
325.527000	325.948000	57
325.527000	325.951000	69
325.528000	325.951000	33
325.528000	325.952000	40
325.531000	325.955000	45
325.532000	325.955000	36
325.948000	326.413000	57
325.948000	326.414000	60
325.951000	326.414000	69
325.951000	326.416000	64
325.951000	326.417000	33
325.952000	326.417000	40
325.955000	326.420000	45
325.955000	326.421000	36
326.413000	326.872000	57
326.414000	326.872000	60
326.414000	326.872000	69
326.416000	326.872000	64
326.417000	326.872000	33
326.417000	326.872000	40
326.420000	326.872000	45
326.421000	326.872000	36
