OnsetTime	OffsetTime	MidiPitch
0.521985	6.706980	62
1.379980	5.743980	61
2.240990	6.730980	60
3.114990	6.730980	57
4.021980	6.730980	54
4.938980	5.781970	50
5.782980	5.855980	53
5.856970	6.730980	51
6.706980	7.081980	62
6.709980	7.475980	50
7.081980	7.206980	62
7.206980	7.473980	62
7.472970	8.218960	67
7.473980	8.218960	58
7.473980	8.218960	62
7.475980	8.228970	43
7.475980	8.228970	50
7.479980	8.232970	55
7.977980	8.232970	69
8.232970	9.003970	66
8.235970	9.003970	63
8.235970	9.003970	70
8.236960	9.002960	43
8.239970	9.003970	60
8.743970	9.003970	69
9.000960	9.783970	62
9.001970	9.527960	67
9.002960	9.785970	43
9.002960	9.789960	58
9.527960	9.789960	67
9.782970	10.155000	60
9.783970	10.154000	62
9.785970	10.550000	43
9.786970	10.550000	50
9.786970	10.553000	57
10.154000	10.283000	62
10.155000	10.280000	60
10.280000	10.553000	60
10.283000	10.550000	62
10.546000	11.280900	58
10.547000	11.280900	67
10.550000	11.280900	62
10.550000	11.294900	50
10.550000	11.295900	43
10.551000	11.295900	55
11.043900	11.297900	69
11.298900	12.075900	63
11.298900	12.075900	66
11.301900	12.075900	70
11.302900	12.072900	43
11.302900	12.075900	60
11.809900	12.075900	69
12.071900	12.733900	62
12.072900	12.600900	67
12.072900	12.862900	43
12.072900	12.862900	58
12.600900	12.862900	67
12.866900	13.244900	58
12.866900	13.248900	62
12.866900	13.660900	54
12.867900	13.660900	42
13.244900	13.381900	58
13.248900	13.380900	62
13.380900	13.660900	62
13.381900	13.656900	58
13.656900	14.451900	58
13.657900	14.182900	65
13.657900	14.468900	50
13.657900	15.284900	41
14.182900	14.472900	65
14.472900	15.284900	57
14.472900	15.284900	65
14.476900	15.284900	51
15.001900	15.284900	62
15.280900	16.090900	53
15.281900	15.817900	58
15.281900	16.089900	46
15.284900	16.090900	50
15.817900	16.086900	58
16.086900	16.478900	58
16.089900	16.898900	39
16.089900	16.898900	46
16.089900	16.898900	55
16.478900	16.895900	58
16.614900	16.898900	60
16.894900	17.718900	53
16.895900	17.717900	58
16.895900	17.718900	62
16.897900	17.718900	34
16.898900	17.717900	46
17.714900	18.519900	54
17.717900	18.106900	58
17.717900	18.518900	46
17.717900	18.519900	39
18.106900	18.515900	58
18.232900	18.519900	60
18.514900	19.274900	62
18.515900	19.274900	53
18.515900	19.274900	58
18.518900	19.295900	34
18.518900	19.295900	46
19.030900	19.296900	65
19.299900	20.083900	57
19.299900	20.083900	63
19.300900	20.083900	48
19.300900	20.083900	67
19.302900	20.083900	41
19.813900	20.083900	65
20.081900	20.958900	62
20.082900	20.958900	53
20.083900	20.930900	58
20.083900	20.958900	46
20.632900	20.958900	60
20.926900	21.511900	55
20.930900	21.354900	58
20.930900	21.812900	39
20.931900	21.812900	51
21.354900	21.812900	58
21.511900	21.812900	55
21.511900	21.812900	60
21.512900	21.812900	45
21.805900	24.206900	57
21.806900	24.206900	54
21.808900	24.210900	62
21.809900	24.210900	38
21.809900	24.210900	50
24.211900	24.583900	74
24.583900	24.704900	74
24.704900	24.973900	74
24.973900	25.718900	70
24.973900	25.718900	74
24.974900	25.718900	79
24.975900	25.732900	55
24.976900	25.733900	62
24.976900	25.733900	67
25.480900	25.735900	81
25.735900	26.513900	75
25.736900	26.513900	78
25.739900	26.513900	82
25.740900	26.509900	55
25.740900	26.513900	72
26.246900	26.513900	81
26.509900	27.034900	79
26.509900	27.194900	74
26.509900	27.290900	55
26.510900	28.050900	70
27.034900	28.049900	79
27.285900	27.654900	72
27.286900	27.657900	74
27.289900	28.052900	62
27.289900	28.052900	69
27.290900	28.050900	55
27.654900	27.784900	72
27.657900	27.783900	74
27.783900	28.050900	74
27.784900	28.052900	72
28.049900	28.783800	79
28.050900	28.783800	70
28.050900	28.783800	74
28.050900	28.801900	55
28.052900	28.802900	67
28.052900	28.804900	62
28.544900	28.805900	81
28.805900	29.582900	78
28.809900	29.582900	75
28.811900	29.582900	82
28.812900	29.579800	55
28.812900	29.582900	72
29.312900	29.582900	81
29.578900	30.352800	74
29.579800	30.107800	79
29.579800	30.362800	55
29.582900	30.366800	70
30.107800	30.366800	79
30.366800	30.751800	70
30.370800	30.748800	74
30.370800	31.161800	54
30.370800	31.161800	66
30.748800	30.885800	74
30.751800	30.884800	70
30.884800	31.157800	70
30.885800	31.161800	74
31.157800	31.689800	77
31.157800	31.955800	70
31.160800	32.792800	53
31.161800	31.972800	62
31.689800	31.972800	77
31.973800	32.792800	69
31.976800	32.792800	63
31.976800	32.792800	77
32.502800	32.788800	70
32.788800	33.320800	70
32.788800	33.596800	65
32.789800	33.596800	62
32.791800	33.596800	58
33.320800	33.589800	70
33.589800	33.982800	70
33.589800	34.402800	67
33.590800	34.402800	63
33.593800	34.402800	51
33.982800	34.401800	70
34.121800	34.402800	72
34.397800	35.221800	65
34.398800	35.221800	74
34.401800	35.218800	70
34.402800	35.221800	46
34.402800	35.221800	58
35.217800	36.022800	66
35.218800	35.606800	70
35.221800	36.021800	58
35.221800	36.022800	51
35.606800	36.019800	70
35.739800	36.022800	72
36.015800	36.778800	74
36.018800	36.778800	65
36.019800	36.778800	70
36.019800	36.795800	46
36.021800	36.795800	58
36.533800	36.796800	77
36.799800	37.593800	69
36.799800	37.593800	75
36.800800	37.593800	79
36.802800	37.593800	53
36.802800	37.593800	60
37.321800	37.593800	77
37.589800	38.462800	74
37.590800	38.430800	70
37.590800	38.462800	65
37.591800	38.462800	58
38.133800	38.462800	72
38.430800	38.857800	70
38.430800	39.312800	67
38.431800	39.312800	63
38.433800	39.312800	51
38.857800	39.312800	70
39.011800	39.312800	72
39.012800	39.312800	57
39.308800	42.536800	74
39.309800	42.536800	50
39.309800	42.536800	66
39.309800	42.536800	69
39.312800	41.769800	62
41.769800	42.144800	62
42.144800	42.263800	62
42.263800	42.533800	62
42.533800	43.277800	59
42.533800	43.277800	62
42.535800	43.277800	65
42.535800	44.072800	56
42.536800	44.072800	43
43.040800	43.277800	67
43.229800	43.298800	70
43.298800	44.069800	62
43.299800	44.068800	59
43.302800	44.072800	68
43.807800	44.072800	67
44.068800	44.782800	59
44.069800	44.597800	65
44.069800	44.782800	62
44.072800	44.845800	55
44.072800	45.630800	43
44.597800	44.846800	65
44.846800	45.630800	56
44.847800	45.624800	59
44.847800	45.630800	53
45.214800	45.630800	60
45.216800	45.630800	51
45.343800	45.623800	62
45.346800	45.630800	50
45.623800	46.374800	62
45.624800	46.374800	59
45.626800	46.374800	65
45.630800	47.159800	56
45.630800	47.160800	43
46.127800	46.374800	67
46.323800	46.385800	70
46.386800	47.156800	59
46.386800	47.159800	62
46.388800	47.160800	68
46.900800	47.160800	67
47.156800	47.684800	65
47.156800	47.943800	59
47.159800	47.947800	56
47.159800	47.947800	62
47.160800	47.873800	43
47.684800	47.947800	65
47.873800	48.728800	43
47.937800	48.728800	74
47.940800	48.314800	67
47.940800	48.314800	77
47.940800	48.314800	79
47.943800	48.728800	59
48.311800	48.728800	70
48.314800	48.441800	77
48.314800	48.441800	79
48.314800	48.443800	67
48.317800	48.728800	61
48.441800	48.723800	79
48.441800	48.728800	77
48.443800	48.728800	67
48.443800	48.728800	71
48.444800	48.728800	62
48.720800	49.232800	87
48.721800	49.434800	91
48.723800	49.231800	79
48.724800	49.434800	84
48.727800	49.434800	36
48.728800	49.434800	48
49.231800	49.490800	75
49.231800	49.494800	79
49.232800	49.494800	87
49.235800	49.497800	60
49.235800	49.497800	72
49.235800	49.498800	67
49.498800	49.865800	79
49.501800	50.250800	75
49.502800	49.866800	67
49.502800	50.250800	87
49.504800	49.868800	60
49.504800	49.868800	72
49.862800	50.246800	74
49.865800	49.994800	79
49.865800	50.247800	86
49.866800	49.995800	67
49.868800	49.995800	60
49.868800	49.995800	72
49.991800	50.250800	84
49.994800	50.250800	79
49.995800	50.249800	60
49.995800	50.250800	67
49.995800	50.250800	72
50.246800	50.614800	74
50.246800	50.614800	77
50.247800	50.904800	86
50.249800	50.615800	60
50.250800	50.613800	71
50.250800	50.617800	68
50.613800	50.736800	71
50.614800	50.733800	74
50.614800	50.904800	77
50.615800	50.736800	60
50.617800	50.737800	68
50.733800	50.917800	79
50.733800	50.918800	74
50.736800	50.921800	71
50.736800	50.922800	60
50.737800	50.922800	68
50.925800	50.988800	82
50.991800	51.755800	80
50.992800	51.369800	74
50.995700	51.367800	71
50.995700	51.370800	60
50.996800	51.369800	68
51.367800	51.497700	71
51.367800	51.755800	79
51.369800	51.496800	74
51.369800	51.497700	68
51.370800	51.499800	60
51.496800	51.755800	74
51.496800	51.755800	77
51.497700	51.755800	68
51.497700	51.755800	71
51.499800	51.755800	60
51.751800	52.119800	75
51.751800	52.120700	72
51.752800	52.122700	67
51.755800	52.123800	60
52.119800	52.249700	75
52.120700	52.251700	72
52.122700	52.252800	67
52.122700	52.430800	78
52.123800	52.252800	60
52.249700	52.500700	75
52.250800	52.500700	79
52.251700	52.500700	72
52.252800	52.501800	67
52.252800	52.504700	60
52.506700	53.260700	75
52.507700	52.875700	79
52.507700	53.260700	87
52.508700	52.880800	72
52.508700	52.882700	67
52.510700	52.879700	60
52.875700	52.998700	79
52.878800	53.253700	74
52.879700	53.001700	60
52.879700	53.257700	86
52.880800	53.000700	72
52.882700	53.001700	67
52.998700	53.260700	79
52.998700	53.260700	84
53.000700	53.260700	72
53.001700	53.259700	60
53.001700	53.260700	67
53.253700	53.627700	74
53.256700	53.624700	77
53.257700	53.627700	71
53.257700	53.628700	68
53.257700	53.914700	86
53.259700	53.628700	60
53.624700	53.914700	77
53.627700	53.747700	74
53.627700	53.750800	71
53.628700	53.750800	60
53.628700	53.750800	68
53.746700	53.931700	79
53.747700	53.935700	74
53.750800	53.935700	71
53.750800	53.936800	60
53.750800	53.936800	68
53.938700	54.005800	82
54.005800	54.670800	80
54.006700	54.380800	71
54.006700	54.381700	74
54.007700	54.383800	60
54.009700	54.381700	68
54.380800	54.506700	71
54.380800	54.670800	79
54.381700	54.509800	74
54.381700	54.510700	68
54.383800	54.510700	60
54.506700	54.757700	71
54.507800	54.758800	77
54.509800	54.758800	74
54.510700	54.761700	60
54.510700	54.761700	68
54.761700	55.125700	75
54.762800	55.125700	72
54.765800	55.499800	60
54.765800	55.500700	67
55.125700	55.248700	72
55.125700	55.248700	75
55.126700	55.439700	78
55.247700	55.503800	79
55.248700	55.504700	72
55.248700	55.504700	75
55.504700	55.993800	74
55.506700	55.877700	79
55.507700	56.248700	86
55.507700	56.252800	58
55.507700	56.252800	67
55.877700	56.185800	79
55.993800	56.248700	74
56.253800	56.628800	79
56.255700	56.746800	72
56.255700	56.875800	84
56.256800	57.698800	63
56.256800	57.760800	57
56.628800	56.871800	79
56.746800	56.876800	72
56.878800	57.015800	81
56.938800	57.698800	84
57.012800	57.698800	72
57.012800	57.698800	74
57.013800	57.698800	78
57.015800	57.509800	81
57.015800	57.765800	62
57.390800	57.698800	79
57.509800	57.767800	81
57.768800	58.460800	70
57.768800	58.530800	82
57.769800	58.268800	74
57.771800	58.531800	62
57.772800	59.297800	55
58.149800	58.460800	79
58.268800	58.531800	74
58.534800	59.234800	82
58.535800	58.917800	79
58.535800	59.042800	74
58.535800	59.234800	86
58.537800	59.297800	64
58.917800	59.234800	79
59.042800	59.298800	74
59.298800	59.808800	69
59.301800	59.682700	74
59.301800	60.063800	81
59.302800	60.064700	65
59.302800	60.862700	57
59.682700	59.994800	74
59.808800	60.064700	69
60.067700	60.862700	73
60.068700	60.862700	79
60.070700	60.586700	81
60.071700	60.862700	64
60.452700	60.862700	82
60.586700	60.858700	81
60.589700	60.862700	67
60.858700	61.617700	81
60.858700	61.618700	86
60.859700	61.622700	74
60.862700	61.235700	62
60.862700	61.622700	66
61.236700	61.362700	61
61.363700	61.622700	62
61.625700	62.391700	62
61.999700	62.129700	74
62.129700	62.392700	74
62.385700	63.161700	75
62.387700	63.175700	72
62.388700	63.175700	69
62.391700	62.893700	62
62.391700	63.932700	67
62.770700	63.162700	79
62.770700	63.175700	61
62.892700	63.175700	82
62.893700	63.165700	62
63.161700	63.932700	75
63.162700	63.658700	79
63.165700	63.931700	62
63.165700	63.932700	86
63.536700	63.932700	84
63.658700	63.932700	79
63.928700	64.436700	81
63.928700	64.726700	72
63.929700	64.726700	74
63.931700	64.436700	62
63.932700	65.476700	66
64.309700	64.726700	82
64.310700	64.726700	61
64.436700	64.705700	62
64.436700	64.726700	81
64.698700	65.476700	75
64.701700	65.077700	78
64.701700	65.476700	84
64.705700	65.475700	62
65.076700	65.475700	74
65.077700	65.205700	78
65.077700	65.476700	82
65.203700	65.476700	72
65.205700	65.476700	78
65.206700	65.476700	81
65.471700	65.982700	70
65.475700	65.857700	62
65.475700	65.983700	74
65.475700	65.983700	79
65.853700	66.251700	72
65.857700	65.985700	62
65.857700	66.279700	75
65.857700	66.279700	81
65.982700	66.279700	70
65.983700	66.279700	74
65.983700	66.279700	79
65.985700	66.252700	62
66.249700	67.040700	69
66.249700	67.043700	77
66.251700	67.043700	72
66.252700	67.043700	62
66.637700	67.039700	74
66.637700	67.043700	79
66.640700	66.766700	70
66.764700	67.043700	75
66.766700	67.043700	67
66.766700	67.043700	70
67.039700	67.917700	74
67.040700	67.917700	66
67.040700	67.917700	69
67.043700	67.568700	62
67.435700	67.917700	63
67.568700	67.840700	62
67.840700	68.243700	62
68.243700	68.376700	62
68.376700	68.642700	62
68.642700	69.450600	60
68.643700	69.450600	57
68.646700	69.427600	63
68.646700	70.200600	55
68.647700	69.163600	50
69.028700	69.427600	67
69.028700	69.450600	49
69.161600	69.450600	70
69.163600	69.429600	50
69.427600	69.927600	67
69.427600	70.200600	63
69.427600	70.200600	74
69.429600	70.200600	50
69.798600	70.200600	72
69.927600	70.200600	67
70.196600	70.707600	69
70.197600	70.994600	62
70.199600	70.994600	60
70.199600	71.746600	54
70.200600	70.708600	50
70.579600	70.994600	49
70.579600	70.994600	70
70.707600	70.994600	69
70.708600	70.973600	50
70.970600	71.746600	66
70.971600	71.746600	63
70.971600	71.746600	72
70.973600	71.744600	50
71.345600	71.746600	70
71.470600	71.746600	69
71.740600	72.262600	67
71.744600	72.132600	50
71.744600	72.265600	58
71.744600	72.265600	62
72.129600	72.590600	69
72.131600	72.539600	60
72.132600	72.266600	50
72.132600	72.590600	63
72.262600	72.590600	67
72.265600	72.590600	58
72.265600	72.590600	62
72.266600	72.539600	50
72.535600	73.364600	65
72.538600	73.361600	57
72.539600	73.363600	50
72.539600	73.364600	60
72.937600	73.070600	58
72.937600	73.364600	67
72.938600	73.361600	62
73.069600	73.364600	63
73.070600	73.364600	55
73.070600	73.364600	58
73.361600	74.169600	62
73.361600	74.172600	57
73.363600	73.595600	50
73.363600	74.169600	54
73.490600	73.626600	49
73.630600	73.878600	50
73.764600	73.896600	49
73.896600	74.172600	50
74.032600	74.172600	49
74.165600	74.967600	60
74.169600	74.561600	62
74.169600	74.967600	54
74.170600	74.694600	51
74.299600	74.561600	50
74.432600	74.967600	49
74.561600	74.694600	62
74.561600	74.823600	50
74.694600	74.964600	62
74.694600	74.967600	51
74.823600	74.967600	50
74.964600	75.758600	58
74.964600	75.758600	62
74.965600	75.758600	67
74.967600	75.758600	43
74.967600	75.758600	55
75.087600	75.758600	54
75.222600	75.758600	53
75.349600	75.758600	52
75.478600	75.758600	69
75.479600	75.758600	51
75.608600	75.758600	50
75.747600	76.535600	63
75.747600	76.535600	66
75.748600	76.535600	49
75.748600	76.535600	70
75.870600	76.535600	50
76.000600	76.535600	51
76.132600	76.535600	52
76.262600	76.535600	53
76.262600	76.535600	69
76.391600	76.535600	54
76.528600	77.063600	58
76.529600	77.063600	62
76.532600	76.794600	55
76.532600	77.067600	67
76.532600	77.357600	43
76.661600	76.829600	54
76.794600	77.028600	55
76.927600	77.068600	50
77.070600	77.357600	67
77.071600	77.357600	49
77.197600	77.357600	50
77.323600	77.707600	60
77.326600	77.708600	62
77.327600	78.106600	54
77.448600	77.711600	50
77.578600	78.106600	49
77.707600	77.837600	60
77.708600	77.837600	62
77.711600	77.967500	50
77.837600	78.103500	62
77.837600	78.106600	51
77.837600	78.106600	60
77.967500	78.106600	50
78.103500	78.865600	58
78.103500	78.865600	62
78.104600	78.865600	55
78.104600	78.865600	67
78.106600	78.869500	43
78.226600	78.865600	54
78.356500	78.865600	53
78.478500	78.865600	52
78.614600	78.865600	51
78.614600	78.870600	69
78.736600	78.872600	50
78.873500	79.667500	63
78.876500	79.667500	66
78.877500	79.667500	49
78.877500	79.667500	70
79.002500	79.667500	50
79.129500	79.667500	51
79.262500	79.667500	52
79.391500	79.667500	69
79.394500	79.667500	53
79.521500	79.667500	54
79.661500	80.206500	58
79.664500	80.207500	62
79.664500	80.207500	67
79.665500	80.514500	43
79.667500	79.934500	55
79.794500	79.937500	54
79.934500	80.199500	55
80.066500	80.209500	50
80.210500	80.514500	67
80.213500	80.514500	49
80.336500	80.514500	50
80.470500	80.865500	58
80.472500	80.867500	62
80.473500	81.282500	42
80.595500	80.868500	50
80.728500	81.282500	49
80.865500	80.998500	58
80.867500	81.001500	62
80.868500	81.134500	50
80.998500	81.277500	58
81.001500	81.282500	51
81.001500	81.282500	62
81.134500	81.281500	50
81.277500	81.820500	58
81.281500	81.550500	50
81.281500	81.817500	65
81.282500	82.111500	41
81.414500	81.564500	49
81.550500	81.819500	50
81.680500	81.820500	49
81.817500	82.107500	65
81.819500	82.111500	50
81.960500	82.111500	49
82.107500	82.670500	57
82.107500	82.670500	65
82.110500	82.373500	51
82.111500	82.930500	41
82.240500	82.412500	50
82.373500	82.670500	51
82.506500	82.670500	48
82.649500	82.927500	53
82.649500	82.930500	62
82.785500	82.930500	51
82.927500	83.468500	53
82.929500	83.469500	58
82.929500	83.748500	46
82.930500	83.196500	50
83.063500	83.213500	49
83.196500	83.443500	50
83.336500	83.469500	49
83.471500	83.749500	58
83.472500	83.707500	50
83.608500	83.749500	49
83.750500	84.292500	55
83.752500	84.151500	58
83.752500	84.572400	39
83.881500	84.572400	45
84.008500	84.572400	46
84.151500	84.571400	58
84.152500	84.423500	51
84.291500	84.572400	60
84.292500	84.572400	55
84.423500	84.572400	51
84.568400	84.840400	53
84.571400	85.390400	58
84.571400	85.467400	62
84.572400	85.250400	46
84.701400	85.467400	52
84.840400	85.467400	53
84.970400	85.467400	49
85.114400	85.467400	50
85.250400	85.467400	46
85.389400	85.929400	54
85.390400	85.789400	58
85.390400	86.209400	39
85.519400	86.209400	45
85.653400	86.209400	46
85.789400	86.206400	58
85.790400	86.061400	52
85.929400	86.209400	54
85.929400	86.209400	60
86.061400	86.209400	52
86.206400	86.986400	53
86.206400	86.986400	58
86.209400	86.464400	46
86.209400	86.986400	62
86.335400	86.986400	45
86.464400	86.863400	46
86.598400	86.986400	49
86.735400	87.003400	65
86.737400	86.986400	50
86.863400	87.004400	46
87.004400	87.868400	57
87.007400	87.868400	63
87.007400	87.868400	67
87.010400	87.672400	41
87.140400	87.868400	47
87.270400	87.868400	48
87.406400	87.868400	50
87.543400	87.868400	51
87.543400	87.868400	65
87.672400	87.868400	41
87.808400	88.708400	62
87.809400	88.092400	46
87.809400	88.673400	58
87.809400	88.708400	53
87.951400	88.708400	45
88.092400	88.519400	46
88.229400	88.708400	49
88.373400	88.708400	50
88.373400	88.708400	60
88.519400	88.708400	46
88.670400	89.265400	55
88.673400	89.114400	58
88.674400	89.583400	39
88.816400	89.415400	45
88.960400	89.583400	46
89.114400	89.583400	58
89.115400	89.583400	48
89.265400	89.583400	55
89.267400	89.583400	60
89.268400	89.583400	51
89.415400	89.583400	45
89.579400	92.880400	54
89.580400	92.110400	62
89.580400	92.880400	57
89.581400	89.880400	38
89.737400	89.897400	49
89.902400	90.212400	50
90.045400	90.212400	44
90.191400	90.440400	46
90.326400	90.458400	45
90.458400	90.703400	41
90.598400	90.731400	42
90.731400	90.969400	37
90.864400	90.997400	38
90.998400	91.341400	32
91.162400	91.341400	33
91.341400	92.880400	38
92.110400	92.485400	62
92.485400	92.608400	62
92.608400	92.877400	62
92.876400	93.622400	59
92.877400	93.622400	62
92.877400	93.622400	65
92.877400	94.410400	43
92.880400	94.411400	56
93.381400	93.622400	67
93.577400	93.639400	70
93.639400	94.407400	59
93.643400	94.410400	62
93.643400	94.413400	68
94.147400	94.413400	67
94.407400	95.187400	59
94.410400	94.938400	65
94.410400	95.200400	62
94.410400	95.971400	43
94.411400	95.187400	56
94.938400	95.200400	65
95.187400	95.965400	59
95.187400	95.971400	56
95.187400	95.972400	53
95.562400	95.972400	60
95.564400	95.972400	51
95.684400	95.967400	62
95.687400	95.972400	50
95.965400	96.715400	59
95.967400	96.715400	62
95.968400	96.715400	65
95.971400	97.501400	43
95.971400	97.501400	56
96.475400	96.715400	67
96.664400	96.726400	70
96.727300	97.496300	59
96.730400	97.497300	62
96.730400	97.503400	68
97.241400	97.503400	67
97.496300	98.288300	59
97.497300	98.288300	62
97.500300	98.024300	65
97.501400	98.214300	43
97.501400	98.288300	56
98.024300	98.288300	65
98.214300	99.065300	43
98.281300	98.655300	67
98.284300	98.656300	77
98.284300	98.658300	79
98.284300	99.065300	74
98.288300	99.065300	59
98.655300	98.782300	67
98.655300	99.065300	70
98.656300	98.784300	77
98.658300	98.785300	79
98.659300	99.065300	61
98.782300	99.065300	67
98.784300	99.065300	71
98.784300	99.065300	77
98.785300	99.065300	62
98.785300	99.065300	79
99.062300	100.643000	87
99.062300	101.378000	91
99.064300	100.514000	84
99.065300	100.392000	79
99.065300	101.378000	36
99.194300	101.378000	43
99.327300	101.378000	48
99.468300	101.378000	51
99.604300	101.378000	55
99.741300	101.378000	60
99.873300	101.378000	63
100.003000	101.378000	67
100.135000	101.378000	72
100.265000	101.378000	75
100.392000	101.378000	79
100.514000	101.378000	84
100.643000	101.462000	87
101.466000	101.851000	63
101.466000	101.854000	67
101.467000	102.275000	69
101.469000	102.275000	60
101.851000	101.980000	63
101.854000	101.981000	67
101.854000	102.275000	70
101.855000	102.275000	58
101.980000	102.270000	63
101.981000	102.271000	67
101.981000	102.271000	72
101.983000	102.275000	57
102.270000	103.051000	63
102.271000	103.047000	67
102.271000	103.051000	72
102.274000	103.090000	75
102.275000	103.090000	57
103.047000	103.430000	67
103.048000	103.433000	69
103.051000	103.863000	63
103.051000	103.863000	72
103.430000	103.563000	67
103.433000	103.566000	69
103.433000	103.863000	74
103.434000	103.863000	62
103.563000	103.860000	67
103.566000	103.860000	69
103.566000	103.861000	75
103.566000	103.863000	60
103.860000	104.983000	67
103.860000	105.004000	69
103.861000	105.004000	75
103.863000	104.980000	60
103.863000	105.004000	81
104.980000	105.815000	60
104.983000	105.500000	67
104.983000	105.815000	63
104.984000	105.815000	57
105.365000	105.815000	69
105.500000	105.771000	67
105.771000	106.572000	67
105.771000	106.573000	62
105.772000	106.575000	74
105.773000	106.575000	58
105.774000	106.306000	50
106.174000	106.502000	49
106.306000	106.576000	50
106.576000	107.360000	50
106.961000	107.089000	62
107.090000	107.363000	62
107.363000	108.220000	60
107.364000	108.155000	63
107.367000	107.889000	50
107.367000	108.220000	57
107.367000	108.957000	55
107.752000	108.157000	67
107.754000	108.220000	49
107.888000	108.220000	69
107.889000	108.158000	50
108.155000	108.957000	63
108.157000	108.952000	67
108.158000	108.956000	50
108.158000	108.957000	72
108.540000	108.953000	74
108.669000	108.957000	75
108.952000	109.779000	67
108.953000	109.816000	74
108.956000	109.499000	50
108.956000	109.816000	62
108.957000	109.779000	58
109.358000	109.816000	49
109.499000	109.816000	50
109.775000	110.576000	61
109.779000	110.574000	51
109.779000	110.576000	58
109.779000	110.576000	67
110.160000	110.576000	72
110.293000	110.576000	70
110.570000	111.406000	60
110.573000	111.416000	68
110.574000	111.416000	44
110.574000	111.416000	51
110.968000	111.416000	72
111.102000	111.329000	67
111.246000	111.406000	66
111.329000	111.416000	67
111.406000	111.959000	66
111.406000	112.263000	60
111.409000	112.260000	50
111.819000	112.263000	64
111.959000	112.263000	66
112.260000	112.813000	50
112.260000	113.138000	58
112.260000	113.138000	67
112.262000	113.138000	43
112.680000	113.138000	51
112.813000	113.090000	50
113.085000	113.852000	57
113.089000	113.453000	60
113.089000	113.454000	62
113.090000	113.849000	50
113.453000	113.579000	60
113.454000	113.583000	62
113.579000	113.852000	60
113.583000	113.845000	62
113.845000	114.587000	58
113.845000	114.587000	62
113.846000	114.587000	67
113.849000	114.608000	43
113.849000	114.609000	50
113.849000	114.609000	55
114.349000	114.610000	69
114.611000	115.382000	63
114.612000	115.382000	66
114.612000	115.382000	70
114.615000	115.379000	43
114.616000	115.382000	60
115.116000	115.382000	69
115.378000	116.155000	62
115.379000	115.904000	67
115.379000	116.159000	43
115.379000	116.169000	58
115.904000	116.169000	67
116.155000	116.529000	60
116.155000	116.534000	62
116.159000	116.919000	43
116.159000	116.919000	50
116.159000	116.922000	57
116.529000	116.653000	60
116.534000	116.653000	62
116.653000	116.918000	62
116.653000	116.922000	60
116.915000	117.650000	58
116.918000	117.650000	62
116.919000	117.650000	67
116.919000	117.667000	43
116.919000	117.667000	50
116.921000	117.668000	55
117.408000	117.668000	69
117.671000	118.445000	63
117.672000	118.445000	66
117.672000	118.445000	70
117.674000	118.444000	43
117.675000	118.445000	60
118.174000	118.445000	69
118.442000	119.232000	62
118.444000	118.974000	67
118.444000	119.231000	58
118.444000	119.274000	43
118.974000	119.274000	67
119.231000	119.618000	58
119.232000	119.620000	62
119.232000	120.031000	42
119.232000	120.031000	54
119.618000	119.753000	58
119.620000	119.754000	62
119.753000	120.026000	58
119.754000	120.031000	62
120.026000	120.824000	58
120.030000	120.552000	65
120.030000	120.841000	50
120.030000	121.655000	41
120.552000	120.842000	65
120.842000	121.655000	57
120.845000	121.655000	51
120.845000	121.655000	65
121.370000	121.655000	62
121.651000	122.463000	53
121.654000	122.190000	58
121.654000	122.462000	46
121.654000	122.463000	50
122.190000	122.459000	58
122.458000	123.265000	55
122.459000	122.852000	58
122.459000	123.265000	39
122.462000	123.265000	46
122.852000	123.264000	58
122.984000	123.265000	60
123.260000	124.090000	53
123.261000	124.090000	62
123.264000	124.087000	58
123.264000	124.090000	34
123.265000	124.090000	46
124.087000	124.469000	58
124.087000	124.884000	54
124.089000	124.884000	39
124.090000	124.884000	46
124.469000	124.881000	58
124.604000	124.884000	60
124.881000	125.647000	53
124.881000	125.647000	58
124.882000	125.647000	62
124.884000	125.657000	34
124.884000	125.658000	46
125.396000	125.661000	65
125.662000	126.450000	57
125.664000	126.450000	63
125.665000	126.450000	41
125.665000	126.450000	48
125.665000	126.450000	67
126.186000	126.450000	65
126.445000	127.323000	62
126.449000	127.295000	58
126.449000	127.323000	53
126.450000	127.323000	46
126.998000	127.323000	60
127.293000	127.874000	55
127.295000	127.723000	58
127.296000	128.178000	39
127.296000	128.178000	51
127.723000	128.178000	58
127.874000	128.178000	55
127.877000	128.178000	45
127.877000	128.178000	60
128.171000	130.571000	54
128.172000	130.572000	57
128.172000	130.572000	62
128.175000	130.575000	38
128.175000	130.576000	50
130.576000	130.951000	74
130.951000	131.076000	74
131.076000	131.339000	74
131.338000	132.080000	70
131.339000	132.080000	74
131.342000	132.080000	79
131.342000	132.098000	55
131.343000	132.098000	62
131.343000	132.101000	67
131.839000	132.102000	81
132.104000	132.871000	75
132.105000	132.871000	78
132.105000	132.871000	82
132.106000	132.868000	55
132.108000	132.871000	72
132.605000	132.871000	81
132.867000	133.631000	74
132.868000	133.394000	79
132.868000	133.645000	55
132.871000	133.645000	70
133.394000	133.646000	79
133.646000	134.020000	72
133.647000	134.023000	74
133.648000	134.411000	55
133.648000	134.412000	62
133.649000	134.413000	69
134.020000	134.142000	72
134.023000	134.145000	74
134.142000	134.413000	72
134.145000	134.408000	74
134.408000	135.143000	70
134.408000	135.143000	74
134.409000	135.143000	79
134.411000	135.164000	55
134.412000	135.165000	62
134.412000	135.165000	67
134.905000	135.167000	81
135.168000	135.942000	75
135.168000	135.942000	78
135.169000	135.942000	82
135.171000	135.941000	55
135.172000	135.942000	72
135.672000	135.942000	81
135.937000	136.689000	74
135.938000	136.470000	79
135.941000	136.724000	55
135.941000	136.725000	70
136.470000	136.725000	79
136.726000	137.114000	70
136.728000	137.117000	74
136.729000	137.527000	54
136.729000	137.527000	66
137.114000	137.248000	70
137.117000	137.250000	74
137.248000	137.524000	70
137.250000	137.527000	74
137.524000	138.051000	77
137.524000	138.320000	70
137.526000	138.338000	62
137.526000	139.151000	53
138.051000	138.339000	77
138.339000	139.151000	69
138.341000	139.151000	77
138.342000	139.151000	63
138.868000	139.150000	70
139.147000	139.959000	65
139.150000	139.687000	70
139.150000	139.959000	58
139.151000	139.959000	62
139.687000	139.956000	70
139.955000	140.771000	67
139.956000	140.348000	70
139.956000	140.771000	51
139.957000	140.771000	63
140.348000	140.758000	70
140.480000	140.771000	72
140.757000	141.587000	65
140.758000	141.583000	70
140.758000	141.587000	74
140.760000	141.586000	58
140.760000	141.587000	46
141.583000	141.968000	70
141.583000	142.382000	51
141.583000	142.382000	66
141.586000	142.381000	58
141.968000	142.378000	70
142.097000	142.382000	72
142.377000	143.143000	65
142.378000	143.143000	70
142.378000	143.143000	74
142.381000	143.161000	46
142.381000	143.162000	58
142.892000	143.165000	77
143.165000	143.952000	69
143.165000	143.952000	75
143.166000	143.952000	79
143.169000	143.952000	53
143.169000	143.952000	60
143.683000	143.952000	77
143.949000	144.820000	74
143.950000	144.796000	70
143.950000	144.820000	65
143.952000	144.820000	58
144.494000	144.820000	72
144.796000	145.224000	70
144.796000	145.678000	67
144.799000	145.678000	51
144.800000	145.678000	63
145.224000	145.678000	70
145.371000	145.678000	72
145.374000	145.678000	57
145.672000	148.898000	66
145.675000	148.898000	50
145.675000	148.898000	69
145.675000	148.898000	74
145.676000	148.131000	62
148.131000	148.503000	62
148.503000	148.632000	62
148.632000	148.894000	62
148.891000	149.647000	59
148.894000	149.647000	62
148.894000	149.647000	65
148.895000	150.431000	43
148.895000	150.432000	56
149.405000	149.647000	67
149.595000	149.658000	70
149.658000	150.427000	59
149.661000	150.428000	62
149.661000	150.432000	68
150.172000	150.432000	67
150.427000	151.148000	59
150.428000	150.955000	65
150.428000	151.148000	62
150.431000	151.993000	43
150.432000	151.208000	55
150.955000	151.208000	65
151.209000	151.995000	56
151.212000	151.989000	59
151.212000	151.996000	53
151.583000	151.996000	51
151.583000	151.996000	60
151.702000	151.992000	62
151.706000	151.996000	50
151.989000	152.734000	59
151.992000	152.734000	62
151.993000	152.734000	65
151.993000	153.525000	43
151.995000	153.525000	56
152.493000	152.734000	67
152.689000	152.751000	70
152.751000	153.521000	59
152.755000	153.522000	62
152.755000	153.525000	68
153.259000	153.525000	67
153.521000	154.307000	59
153.522000	154.050000	65
153.522000	154.309000	62
153.525000	154.239000	43
153.525000	154.309000	56
154.050000	154.309000	65
154.239000	155.093000	43
154.305000	154.680000	67
154.306000	154.681000	77
154.306000	155.093000	74
154.307000	154.681000	79
154.307000	155.093000	59
154.677000	155.093000	70
154.680000	154.806000	67
154.681000	154.810000	77
154.681000	154.810000	79
154.683000	155.093000	61
154.806000	155.093000	67
154.807000	155.093000	71
154.810000	155.090000	79
154.810000	155.093000	62
154.810000	155.093000	77
155.086000	155.591000	87
155.086000	155.950000	91
155.087000	155.950000	84
155.090000	155.592000	79
155.090000	155.950000	36
155.093000	155.950000	48
155.591000	155.868000	87
155.592000	155.867000	79
155.593000	155.867000	75
155.593000	155.868000	60
155.597000	155.870000	67
155.597000	155.871000	72
155.867000	156.231000	79
155.867000	156.619000	75
155.868000	156.231000	60
155.868000	156.619000	87
155.870000	156.234000	67
155.871000	156.235000	72
156.228000	156.613000	74
156.231000	156.358000	79
156.231000	156.360000	60
156.231000	156.613000	86
156.234000	156.360000	67
156.235000	156.360000	72
156.358000	156.619000	79
156.358000	156.619000	84
156.360000	156.615000	60
156.360000	156.619000	67
156.360000	156.619000	72
156.612000	156.979000	77
156.613000	156.979000	74
156.613000	157.266000	86
156.615000	156.980000	68
156.616000	156.977000	71
156.977000	157.102000	71
156.979000	157.100000	74
156.979000	157.266000	77
156.980000	157.102000	60
156.980000	157.102000	68
157.099000	157.291000	79
157.100000	157.291000	74
157.102000	157.294000	60
157.102000	157.294000	71
157.102000	157.295000	68
157.295000	157.358000	82
157.358000	157.732000	74
157.361000	157.732000	71
157.361000	157.736000	60
157.361000	158.121000	80
157.362000	157.736000	68
157.732000	157.855000	71
157.732000	157.855000	74
157.733000	158.121000	79
157.736000	157.858000	60
157.736000	157.859000	68
157.852000	158.121000	77
157.855000	158.121000	71
157.855000	158.121000	74
157.858000	158.118000	60
157.859000	158.121000	68
158.117000	158.482000	75
158.118000	158.479000	72
158.118000	158.482000	60
158.120000	158.484000	67
158.479000	158.610000	72
158.482000	158.610000	75
158.482000	158.611000	60
158.482000	158.894000	78
158.484000	158.611000	67
158.608000	158.870000	79
158.610000	158.873000	75
158.610000	158.876000	72
158.611000	158.874000	60
158.611000	158.874000	67
158.870000	159.244000	79
158.873000	159.626000	75
158.873000	159.626000	87
158.874000	159.245000	60
158.874000	159.245000	67
158.876000	159.247000	72
159.241000	159.622000	74
159.244000	159.367000	79
159.244000	159.622000	86
159.245000	159.367000	60
159.245000	159.368000	67
159.247000	159.367000	72
159.363000	159.626000	84
159.367000	159.623000	60
159.367000	159.626000	72
159.367000	159.626000	79
159.368000	159.626000	67
159.619000	159.993000	77
159.622000	159.993000	74
159.622000	160.280000	86
159.623000	159.991000	71
159.623000	159.993000	60
159.623000	159.994000	68
159.991000	160.115000	71
159.993000	160.113000	74
159.993000	160.116000	60
159.993000	160.280000	77
159.994000	160.116000	68
160.113000	160.298000	79
160.113000	160.301000	74
160.115000	160.301000	71
160.116000	160.302000	60
160.116000	160.302000	68
160.305000	160.360000	82
160.364000	160.739000	71
160.364000	160.740000	74
160.367000	161.127000	80
160.368000	160.743000	60
160.368000	160.743000	68
160.739000	160.868000	71
160.740000	160.868000	74
160.742000	161.127000	79
160.743000	160.871000	60
160.743000	160.871000	68
160.865000	161.127000	77
160.868000	161.127000	71
160.868000	161.127000	74
160.871000	161.124000	60
160.871000	161.127000	68
161.123000	161.491000	75
161.124000	161.488000	72
161.124000	161.874000	67
161.124000	161.922000	60
161.488000	161.617000	72
161.491000	161.615000	75
161.492000	161.922000	78
161.614000	161.874000	79
161.615000	161.922000	75
161.617000	161.922000	72
161.873000	162.352000	74
161.874000	162.237000	79
161.874000	162.615000	67
161.874000	162.615000	86
161.876000	162.618000	58
162.237000	162.545000	79
162.352000	162.608000	74
162.618000	163.238000	84
162.619000	162.986000	79
162.619000	163.108000	72
162.620000	164.060000	63
162.622000	164.130000	57
162.986000	163.234000	79
163.108000	163.238000	72
163.239000	163.375000	81
163.301000	164.060000	84
163.371000	164.060000	72
163.372000	164.060000	74
163.374000	164.060000	78
163.375000	163.875000	81
163.375000	164.130000	62
163.752000	164.060000	79
163.875000	164.131000	81
164.134000	164.896000	82
164.135000	164.635000	74
164.135000	164.827000	70
164.137000	164.897000	62
164.137000	165.671000	55
164.512000	164.827000	79
164.635000	164.897000	74
164.900000	165.279000	79
164.900000	165.401000	74
164.900000	165.671000	82
164.904000	165.671000	64
164.904000	165.671000	86
165.279000	165.671000	79
165.401000	165.667000	74
165.666000	166.423000	81
165.667000	166.042000	74
165.667000	166.167000	69
165.667000	166.424000	65
165.670000	167.222000	57
166.042000	166.359000	74
166.167000	166.426000	69
166.426000	167.222000	73
166.427000	166.948000	81
166.427000	167.222000	79
166.430000	167.222000	64
166.818000	167.222000	82
166.948000	167.218000	81
166.948000	167.222000	67
167.218000	167.976000	86
167.218000	167.977000	81
167.221000	167.588000	62
167.221000	167.980000	66
167.221000	167.980000	74
167.591000	167.725000	61
167.725000	167.983000	62
167.984000	168.750000	62
168.362000	168.491000	74
168.491000	168.751000	74
168.748000	169.523000	69
168.748000	169.523000	72
168.750000	169.254000	62
168.750000	169.516000	75
168.750000	170.294000	67
169.124000	169.517000	79
169.125000	169.523000	61
169.251000	169.523000	82
169.254000	169.518000	62
169.516000	170.294000	75
169.517000	170.017000	79
169.517000	170.294000	86
169.518000	170.290000	62
169.888000	170.294000	84
170.017000	170.294000	79
170.287000	171.085000	74
170.288000	171.085000	72
170.290000	170.788000	81
170.290000	170.791000	62
170.291000	171.831000	66
170.665000	171.085000	61
170.665000	171.085000	82
170.788000	171.085000	81
170.791000	171.056000	62
171.053000	171.439000	78
171.053000	171.831000	75
171.054000	171.831000	84
171.056000	171.831000	62
171.436000	171.827000	74
171.439000	171.558000	78
171.439000	171.831000	82
171.558000	171.831000	72
171.558000	171.831000	78
171.560000	171.831000	81
171.827000	172.341000	70
171.827000	172.342000	74
171.830000	172.345000	79
171.831000	172.218000	62
172.215000	172.605000	72
172.216000	172.611000	75
172.216000	172.611000	81
172.218000	172.345000	62
172.341000	172.611000	70
172.342000	172.611000	74
172.345000	172.607000	62
172.345000	172.611000	79
172.604000	173.395000	69
172.605000	173.398000	72
172.605000	173.398000	77
172.607000	173.395000	62
172.992000	173.126000	70
172.992000	173.395000	74
172.992000	173.398000	79
173.125000	173.398000	67
173.126000	173.398000	70
173.126000	173.398000	75
173.393000	174.270000	66
173.395000	173.923000	62
173.395000	174.270000	69
173.395000	174.270000	74
173.791000	174.270000	63
173.923000	174.193000	62
174.193000	174.595000	62
174.595000	174.729000	62
174.729000	175.009000	62
175.005000	175.810000	57
175.005000	175.810000	60
175.006000	175.779000	63
175.009000	175.517000	50
175.009000	176.562000	55
175.387000	175.779000	67
175.389000	175.810000	49
175.516000	175.810000	70
175.517000	175.781000	50
175.779000	176.287000	67
175.779000	176.562000	63
175.781000	176.560000	50
175.781000	176.562000	74
176.156000	176.562000	72
176.287000	176.562000	67
176.556000	177.416000	62
176.559000	177.059000	69
176.559000	177.416000	60
176.560000	177.060000	50
176.562000	178.099000	54
176.931000	177.416000	70
176.934000	177.416000	49
177.059000	177.416000	69
177.060000	177.327000	50
177.325000	178.099000	63
177.326000	178.099000	66
177.326000	178.099000	72
177.327000	178.099000	50
177.697000	178.099000	70
177.822000	178.099000	69
178.095000	178.617000	58
178.096000	178.617000	62
178.096000	178.620000	67
178.099000	178.494000	50
178.491000	178.897000	60
178.492000	178.942000	63
178.492000	178.942000	69
178.494000	178.621000	50
178.617000	178.942000	58
178.617000	178.942000	62
178.620000	178.942000	67
178.621000	178.901000	50
178.897000	179.716000	57
178.897000	179.719000	60
178.900000	179.719000	65
178.901000	179.717000	50
179.296000	179.429000	58
179.296000	179.717000	62
179.297000	179.719000	67
179.429000	179.719000	55
179.429000	179.719000	58
179.430000	179.719000	63
179.716000	180.532000	57
179.717000	179.950000	50
179.717000	180.528000	62
179.717000	180.529000	54
179.849000	179.981000	49
179.985000	180.233000	50
180.118000	180.258000	49
180.259000	180.532000	50
180.391000	180.532000	49
180.528000	180.913000	62
180.528000	181.315000	60
180.529000	181.315000	54
180.531000	181.042000	51
180.651000	180.916000	50
180.776000	181.315000	49
180.913000	181.040000	62
180.916000	181.175000	50
181.040000	181.312000	62
181.042000	181.315000	51
181.175000	181.315000	50
181.312000	182.148000	58
181.312000	182.148000	62
181.313000	182.148000	55
181.313000	182.148000	67
181.315000	182.148000	43
181.441000	182.148000	54
181.571000	182.148000	53
181.697000	182.148000	52
181.827000	182.148000	69
181.829000	182.148000	51
181.959000	182.148000	50
182.093000	182.880000	63
182.096000	182.880000	49
182.096000	182.880000	66
182.096000	182.880000	70
182.219000	182.880000	50
182.351000	182.880000	51
182.481000	182.880000	52
182.617000	182.880000	69
182.618000	182.880000	53
182.743000	182.880000	54
182.877000	183.426000	58
182.878000	183.426000	62
182.879000	183.419000	67
182.880000	183.143000	55
182.880000	183.713000	43
183.006000	183.177000	54
183.143000	183.426000	55
183.282000	183.426000	50
183.419000	183.713000	49
183.419000	183.713000	67
183.542000	183.713000	50
183.674000	184.056000	60
183.674000	184.056000	62
183.675000	184.456000	54
183.797000	184.057000	50
183.926000	184.456000	49
184.056000	184.182000	60
184.056000	184.185000	62
184.057000	184.315000	50
184.182000	184.456000	60
184.185000	184.452000	62
184.185000	184.456000	51
184.315000	184.456000	50
184.451000	185.211000	58
184.452000	185.211000	62
184.454000	185.211000	67
184.455000	185.211000	55
184.455000	185.218000	43
184.574000	185.211000	54
184.704000	185.211000	53
184.832000	185.211000	52
184.962000	185.218000	69
184.963000	185.211000	51
185.092000	185.221000	50
185.221000	186.016000	63
185.225000	186.016000	66
185.226000	186.016000	49
185.226000	186.016000	70
185.355000	186.016000	50
185.481000	186.016000	51
185.610000	186.016000	52
185.740000	186.016000	69
185.741000	186.016000	53
185.877000	186.016000	54
186.010000	186.555000	58
186.013000	186.555000	62
186.013000	186.556000	67
186.014000	186.282000	55
186.014000	186.829000	43
186.150000	186.285000	54
186.282000	186.548000	55
186.422000	186.558000	50
186.558000	186.829000	67
186.559000	186.829000	49
186.688000	186.829000	50
186.824000	187.220000	58
186.828000	187.221000	62
186.828000	187.644000	42
186.947000	187.221000	50
187.077000	187.644000	49
187.220000	187.353000	58
187.221000	187.353000	62
187.221000	187.490000	50
187.353000	187.640000	58
187.353000	187.644000	62
187.357000	187.644000	51
187.490000	187.641000	50
187.640000	188.179000	58
187.641000	187.902000	50
187.641000	188.176000	65
187.641000	188.463000	41
187.766000	187.920000	49
187.902000	188.179000	50
188.036000	188.179000	49
188.176000	188.463000	65
188.179000	188.466000	50
188.312000	188.466000	49
188.462000	188.997000	57
188.463000	188.710000	51
188.463000	188.998000	65
188.463000	189.285000	41
188.592000	188.724000	50
188.725000	188.974000	51
188.865000	189.002000	48
189.002000	189.281000	53
189.002000	189.285000	62
189.139000	189.285000	51
189.281000	189.827000	53
189.282000	189.831000	58
189.282000	190.100000	46
189.283000	189.551000	50
189.419000	189.565000	49
189.551000	189.799000	50
189.690000	189.831000	49
189.831000	190.101000	58
189.834000	190.090000	50
189.964000	190.101000	49
190.104000	190.647000	55
190.105000	190.504000	58
190.107000	190.927000	39
190.237000	190.927000	45
190.371000	190.927000	46
190.504000	190.924000	58
190.506000	190.779000	51
190.643000	190.927000	60
190.647000	190.927000	55
190.779000	190.927000	51
190.923000	191.194000	53
190.923000	191.819000	62
190.924000	191.750000	58
190.927000	191.606000	46
191.053000	191.819000	52
191.194000	191.819000	53
191.325000	191.819000	49
191.465000	191.819000	50
191.606000	191.819000	46
191.749000	192.282000	54
191.750000	192.146000	58
191.750000	192.571000	39
191.879000	192.571000	45
192.012000	192.568000	46
192.146000	192.567000	58
192.148000	192.421000	52
192.281000	192.571000	60
192.282000	192.571000	54
192.421000	192.571000	52
192.565000	193.394000	53
192.567000	193.394000	58
192.568000	192.824000	46
192.568000	193.394000	62
192.691000	193.394000	45
192.824000	193.226000	46
192.957000	193.394000	49
193.089000	193.394000	65
193.090000	193.394000	50
193.226000	193.394000	46
193.360000	194.223000	57
193.362000	194.223000	63
193.362000	194.223000	67
193.363000	194.025000	41
193.492000	194.223000	47
193.626000	194.223000	48
193.758000	194.223000	50
193.897000	194.223000	65
193.898000	194.223000	51
194.025000	194.223000	41
194.166000	195.114000	62
194.168000	195.027000	58
194.168000	195.114000	53
194.170000	194.443000	46
194.304000	195.114000	45
194.443000	194.873000	46
194.584000	195.114000	49
194.726000	195.114000	50
194.726000	195.114000	60
194.873000	195.114000	46
195.025000	195.620000	55
195.027000	195.466000	58
195.027000	195.938000	39
195.168000	195.771000	45
195.314000	195.938000	46
195.466000	195.938000	58
195.468000	195.938000	48
195.620000	195.938000	55
195.621000	195.938000	51
195.621000	195.938000	60
195.771000	195.938000	45
195.931000	199.241000	54
195.935000	199.241000	57
195.936000	196.236000	38
195.936000	198.464000	62
196.093000	196.253000	49
196.254000	196.568000	50
196.400000	196.568000	44
196.545000	196.791000	46
196.681000	196.816000	45
196.816000	197.062000	41
196.949000	197.082000	42
197.086000	197.374000	37
197.220000	197.374000	38
197.359000	197.779000	32
197.514000	197.779000	33
197.696000	199.241000	38
198.464000	198.840000	62
198.840000	198.963000	62
198.963000	199.228000	62
199.228000	199.981000	59
199.228000	199.981000	62
199.232000	199.981000	65
199.232000	200.766000	43
199.232000	200.767000	56
199.735000	199.981000	67
199.929000	199.991000	70
199.992000	200.762000	59
199.994000	200.765000	62
199.994000	200.769000	68
200.507000	200.769000	67
200.762000	201.478000	59
200.765000	201.478000	62
200.766000	201.290000	65
200.766000	202.329000	43
200.767000	201.541000	56
201.290000	201.546000	65
201.546000	202.326000	59
201.546000	202.329000	56
201.546000	202.333000	53
201.917000	202.333000	51
201.917000	202.333000	60
202.039000	202.326000	62
202.039000	202.333000	50
202.326000	203.070000	59
202.326000	203.070000	62
202.326000	203.070000	65
202.329000	203.858000	43
202.329000	203.859000	56
202.829000	203.070000	67
203.015000	203.084000	70
203.085000	203.856000	59
203.088000	203.858000	62
203.089000	203.862000	68
203.595000	203.862000	67
203.856000	204.646000	59
203.858000	204.379000	65
203.858000	204.576000	43
203.858000	204.646000	62
203.859000	204.646000	56
204.379000	204.646000	65
204.576000	205.419000	43
204.642000	205.009000	67
204.643000	205.419000	74
204.645000	205.010000	77
204.646000	205.010000	79
204.646000	205.419000	59
205.007000	205.419000	70
205.009000	205.136000	67
205.010000	205.137000	77
205.010000	205.139000	79
205.010000	205.419000	61
205.136000	205.419000	67
205.136000	205.419000	71
205.137000	205.419000	77
205.139000	205.416000	79
205.139000	205.419000	62
205.415000	206.997000	87
205.415000	207.726000	91
205.416000	206.740000	79
205.416000	206.865000	84
205.419000	207.726000	36
205.549000	207.726000	43
205.682000	207.726000	48
205.815000	207.726000	51
205.955000	207.726000	55
206.088000	207.726000	60
206.228000	207.726000	63
206.353000	207.726000	67
206.483000	207.726000	72
206.610000	207.726000	75
206.740000	207.726000	79
206.865000	207.726000	84
206.997000	207.816000	87
207.817000	208.205000	63
207.820000	208.206000	67
207.820000	208.621000	60
207.820000	208.621000	69
208.205000	208.331000	63
208.206000	208.335000	67
208.206000	208.621000	70
208.208000	208.621000	58
208.331000	208.618000	63
208.335000	208.618000	67
208.335000	208.619000	72
208.335000	208.621000	57
208.618000	209.402000	67
208.618000	209.406000	63
208.619000	209.403000	72
208.619000	209.436000	75
208.621000	209.436000	57
209.402000	209.784000	67
209.403000	209.784000	69
209.403000	210.284000	72
209.406000	210.284000	63
209.784000	209.916000	67
209.784000	209.920000	69
209.785000	210.284000	74
209.787000	210.284000	62
209.916000	210.214000	67
209.920000	210.215000	69
209.920000	210.217000	75
209.921000	210.218000	60
210.214000	211.335000	67
210.215000	211.338000	69
210.217000	211.338000	75
210.217000	211.338000	81
210.218000	211.334000	60
211.334000	212.129000	60
211.335000	211.853000	67
211.338000	212.129000	57
211.338000	212.129000	63
211.719000	212.129000	69
211.853000	212.125000	67
212.125000	212.920000	67
212.126000	212.920000	62
212.126000	212.923000	58
212.126000	212.923000	74
212.128000	212.654000	50
212.517000	212.849000	49
212.654000	212.923000	50
212.924000	213.707000	50
213.308000	213.441000	62
213.445000	213.711000	62
213.711000	214.540000	60
213.714000	214.503000	63
213.715000	214.236000	50
213.715000	214.540000	57
213.715000	215.304000	55
214.107000	214.505000	67
214.108000	214.540000	49
214.233000	214.540000	69
214.236000	214.506000	50
214.503000	215.304000	63
214.505000	215.300000	67
214.506000	215.303000	50
214.506000	215.304000	72
214.887000	215.300000	74
215.017000	215.304000	75
215.300000	216.130000	67
215.300000	216.136000	74
215.301000	216.136000	62
215.303000	215.846000	50
215.304000	216.133000	58
215.709000	216.136000	49
215.846000	216.136000	50
216.130000	216.922000	61
216.130000	216.922000	67
216.133000	216.922000	58
216.134000	216.921000	51
216.514000	216.922000	72
216.641000	216.922000	70
216.917000	217.669000	60
216.921000	217.669000	68
216.921000	217.750000	51
216.921000	217.753000	44
217.316000	217.669000	72
217.449000	217.669000	67
217.600000	217.676000	66
217.677000	217.753000	67
217.754000	218.307000	66
217.754000	218.684000	60
217.757000	218.615000	50
218.166000	218.684000	64
218.307000	218.684000	66
218.614000	219.440000	67
218.615000	219.167000	50
218.615000	219.440000	58
218.616000	219.440000	43
219.027000	219.440000	51
219.167000	219.434000	50
219.433000	220.204000	57
219.434000	219.808000	60
219.434000	219.808000	62
219.434000	220.204000	50
219.808000	219.927000	60
219.808000	219.930000	62
219.927000	220.204000	60
219.930000	220.200000	62
220.197000	221.012000	58
220.200000	221.012000	43
220.200000	221.012000	62
220.200000	221.012000	67
220.204000	220.728000	50
220.589000	221.012000	51
220.725000	221.012000	69
220.728000	220.988000	50
220.987000	221.757000	63
220.987000	221.757000	66
220.988000	221.754000	50
220.988000	221.757000	70
221.498000	221.757000	69
221.753000	222.545000	62
221.754000	222.287000	67
221.754000	222.289000	50
221.755000	222.597000	43
222.150000	222.597000	51
222.287000	222.597000	67
222.289000	222.545000	50
222.542000	223.315000	57
222.544000	222.913000	60
222.545000	222.913000	62
222.545000	223.312000	50
222.913000	223.035000	60
222.913000	223.035000	62
223.035000	223.312000	62
223.035000	223.315000	60
223.311000	224.088000	58
223.312000	223.833000	50
223.312000	224.088000	62
223.312000	224.088000	67
223.315000	224.105000	43
223.700000	224.088000	51
223.832000	224.088000	69
223.833000	224.106000	50
224.036000	224.126000	72
224.110000	225.002000	63
224.110000	225.002000	66
224.110000	225.002000	70
224.112000	225.002000	60
224.113000	224.954000	50
224.642000	225.002000	69
224.950000	225.233000	58
224.953000	225.234000	62
224.953000	225.234000	67
224.954000	225.236000	43
224.954000	225.236000	50
225.236000	226.055000	54
225.240000	226.055000	42
225.373000	226.055000	55
225.377000	226.055000	43
225.513000	226.042000	57
225.514000	226.042000	45
225.646000	226.055000	58
225.649000	226.055000	46
225.776000	226.055000	49
225.776000	226.055000	61
225.909000	226.055000	50
225.909000	226.055000	62
226.042000	226.811000	45
226.042000	226.811000	57
226.168000	226.811000	58
226.171000	226.811000	46
226.297000	226.802000	61
226.298000	226.804000	49
226.426000	226.811000	62
226.427000	226.811000	50
226.553000	226.811000	54
226.553000	226.811000	66
226.675000	226.811000	55
226.675000	226.811000	67
226.802000	227.550000	61
226.804000	227.550000	49
226.924000	227.550000	50
226.924000	227.550000	62
227.046000	227.539000	66
227.046000	227.540000	54
227.169000	227.550000	55
227.169000	227.550000	67
227.288000	227.550000	69
227.291000	227.550000	57
227.417000	227.550000	58
227.417000	227.550000	70
227.539000	228.295000	66
227.540000	228.295000	54
227.659000	228.295000	67
227.662000	228.295000	55
227.782000	228.275000	69
227.784000	228.278000	57
227.904000	228.295000	70
227.907000	228.295000	58
228.026000	228.295000	73
228.029000	228.295000	61
228.155000	228.295000	74
228.156000	228.295000	62
228.275000	229.033000	69
228.278000	229.033000	57
228.397000	229.033000	70
228.400000	229.033000	58
228.520000	229.009000	73
228.520000	229.010000	61
228.641000	229.033000	74
228.642000	229.033000	62
228.765000	229.033000	66
228.765000	229.033000	78
228.887000	229.033000	79
228.888000	229.033000	67
229.009000	229.748000	73
229.010000	229.748000	61
229.129000	229.748000	74
229.132000	229.748000	62
229.247000	229.723000	78
229.248000	229.724000	66
229.367000	229.748000	79
229.370000	229.748000	67
229.485000	229.748000	69
229.485000	229.748000	81
229.600000	229.748000	82
229.601000	229.748000	70
229.723000	230.423000	78
229.724000	230.423000	66
229.843000	230.423000	79
229.846000	230.423000	67
229.961000	230.423000	81
229.962000	230.423000	69
230.077000	230.423000	82
230.078000	230.423000	70
230.192000	230.423000	85
230.193000	230.423000	73
230.308000	230.430000	86
230.309000	230.430000	74
230.431000	230.938000	69
230.431000	230.938000	81
230.553000	230.938000	70
230.553000	230.938000	82
230.675000	230.938000	85
230.676000	230.938000	73
230.795000	230.938000	86
230.798000	230.938000	74
230.935000	231.774000	91
230.937000	231.774000	79
231.691000	232.457000	74
231.691000	232.460000	72
231.694000	232.460000	78
231.694000	232.460000	86
231.695000	232.460000	38
231.695000	232.460000	81
231.697000	232.460000	50
232.457000	233.211000	74
232.457000	233.261000	70
232.458000	233.261000	79
232.458000	233.261000	82
232.460000	233.261000	43
232.460000	233.261000	55
233.210000	233.977000	69
233.211000	233.973000	74
233.211000	233.977000	72
233.212000	233.977000	78
233.213000	233.977000	38
233.213000	233.977000	50
233.970000	236.853000	67
233.972000	235.488000	70
233.973000	235.488000	79
233.973000	236.853000	74
233.976000	236.853000	31
233.976000	236.853000	43
235.485000	236.993000	91
235.487000	236.997000	86
235.488000	236.997000	70
235.488000	236.997000	79
235.488000	236.998000	55
235.491000	237.000000	62
