OnsetTime	OffsetTime	MidiPitch
0.521985	0.573993	50
0.521985	0.574999	57
0.727992	0.778002	59
0.731989	0.778002	65
0.935005	0.979999	60
0.935998	0.980992	53
1.130000	1.183000	69
1.134000	1.184010	62
1.344000	1.512000	59
1.348000	1.543000	50
1.544000	1.649000	59
1.650000	1.746990	60
1.746990	1.942990	69
1.748000	1.946000	65
1.751000	1.946000	59
1.946990	2.107990	57
2.163000	2.239990	59
2.163990	2.372990	50
2.583000	2.744990	65
2.583990	2.747990	60
2.583990	2.747990	69
3.009990	3.219980	59
3.013990	3.423980	45
3.220990	3.423980	60
3.426980	3.524970	62
3.426980	3.824970	72
3.426980	3.825970	69
3.622970	3.724970	64
3.825970	3.923970	66
3.828960	4.213970	38
4.021960	4.084970	66
4.087960	4.150960	67
4.151970	4.214960	66
4.214960	4.416960	64
4.217960	4.619960	72
4.217960	4.620950	69
4.417960	4.620950	62
4.623960	4.797950	60
4.623960	5.043940	45
4.836940	5.008930	62
5.043940	5.427940	72
5.044940	5.428940	69
5.047930	5.428940	64
5.459940	5.670940	64
5.462940	5.872940	40
5.670940	5.873930	66
5.876940	5.971940	68
5.877930	6.279930	59
6.064930	6.173930	69
6.279930	6.446920	66
6.282930	6.684910	52
6.481920	6.586920	66
6.586920	6.685920	68
6.687920	6.887920	66
6.688910	6.891910	62
6.688910	7.108920	57
6.891910	7.051910	60
6.894900	7.052910	64
7.109910	7.315900	66
7.111910	7.315900	62
7.112910	7.521900	40
7.522900	7.738900	62
7.524900	7.739910	66
7.524900	7.739910	69
7.952900	8.165910	64
7.952900	8.165910	68
7.953910	8.577910	59
7.955910	10.464900	52
8.168910	8.360910	66
8.168910	8.365910	69
8.365910	8.960920	64
8.367910	8.963910	68
8.578920	8.788920	60
8.788920	9.407890	59
8.997910	9.198910	66
8.998910	9.201900	69
9.201900	9.792890	68
9.202910	9.792890	71
9.411900	9.617900	60
9.618890	10.234900	62
9.827890	10.023900	69
9.827890	10.024900	72
10.026900	10.234900	64
10.027900	10.464900	68
10.234900	10.468900	64
10.468900	10.674900	76
10.469900	10.675900	79
10.471900	11.286900	69
10.471900	11.291900	60
10.472900	11.291900	53
10.675900	10.772900	74
10.679900	10.772900	77
10.776900	10.878900	76
10.776900	10.878900	79
10.878900	11.080900	74
10.881900	11.081900	77
11.081900	11.294900	72
11.084900	11.295900	76
11.295900	11.494900	70
11.295900	11.494900	74
11.297900	12.120900	62
11.297900	12.120900	65
11.298900	12.121900	55
11.494900	11.707900	69
11.495800	11.708900	72
11.708900	12.330800	70
11.710900	12.331900	74
12.124900	12.939800	48
12.124900	12.940800	55
12.125900	12.940800	64
12.331900	12.428900	69
12.331900	12.428900	72
12.429800	12.526800	70
12.432900	12.526800	74
12.527800	12.736800	72
12.530800	12.737800	69
12.737800	12.940800	70
12.739800	12.942800	67
12.943800	13.146800	65
12.943800	13.149800	69
12.947800	13.362800	53
12.947800	13.363800	57
12.947800	13.363800	60
13.149800	13.366800	64
13.150800	13.367800	67
13.367800	13.744800	65
13.369800	13.744800	69
13.369800	13.748800	50
13.370800	13.748800	57
13.370800	13.749800	62
13.779800	13.975800	76
13.779800	14.587800	69
13.783800	13.978800	79
13.783800	14.588800	41
13.783800	14.588800	57
13.786800	14.588800	48
13.979800	14.080800	74
13.982800	14.080800	77
14.084800	14.181800	76
14.087800	14.182800	79
14.182800	14.385800	74
14.183800	14.385800	77
14.386800	14.591800	72
14.388800	14.592800	76
14.592800	15.417800	65
14.594800	14.793800	70
14.594800	14.794800	74
14.595800	15.417800	43
14.598800	15.418800	58
14.598800	15.421800	50
14.798800	15.004800	69
14.798800	15.004800	72
15.007800	15.620800	70
15.008800	15.621800	74
15.421800	16.236800	64
15.421800	16.237800	48
15.424800	16.237800	55
15.424800	16.239800	60
15.623800	15.718800	69
15.623800	15.718800	72
15.722800	15.822800	70
15.722800	15.823800	74
15.823800	16.026800	72
15.826800	16.026800	69
16.030800	16.239800	70
16.030800	16.240800	67
16.240800	16.445800	65
16.243800	16.446800	69
16.243800	16.869800	53
16.244800	16.870800	60
16.446800	16.660800	64
16.447800	16.660800	67
16.661800	17.696700	65
16.663800	17.279800	69
16.870800	17.069800	52
17.073800	17.699700	50
17.073800	17.902700	53
17.282800	17.489700	67
17.490800	18.105700	69
17.699700	17.902700	64
17.703700	17.903700	48
17.905700	19.939700	53
17.905700	20.345700	62
17.906700	18.518700	47
18.106700	18.308700	67
18.308700	18.924700	69
18.519700	18.718700	45
18.718700	19.334700	43
18.924700	19.134700	71
19.135700	19.334700	74
19.337700	19.533700	45
19.337700	19.533700	71
19.534700	19.736700	69
19.536700	20.345700	47
19.737700	19.939700	71
19.940700	20.142700	64
19.943700	20.143700	55
20.145700	20.346700	67
20.146700	20.348700	52
20.349700	20.555700	69
20.349700	22.788600	62
20.351700	20.965700	47
20.352700	22.584600	53
20.555700	20.758700	67
20.759700	21.367700	69
20.968700	21.167700	45
21.168700	21.776700	43
21.368700	21.577700	71
21.577700	21.780700	74
21.781700	21.976700	71
21.783700	21.976700	45
21.979700	22.179700	69
21.980700	22.789600	47
22.183700	22.375600	71
22.378600	22.589600	69
22.589600	22.792600	65
22.590600	22.792600	55
22.793600	24.615600	64
22.795600	22.998600	56
22.795600	24.216600	60
22.799600	25.220600	48
22.999600	23.201600	54
23.205600	23.411600	52
23.412600	23.611600	54
23.615600	23.817600	56
23.817600	23.890600	57
24.020600	24.094600	59
24.216600	25.221600	60
24.419600	24.496600	62
24.618600	25.224600	64
24.815600	24.891600	66
25.010600	25.095600	68
25.225600	26.886600	62
25.228600	27.097600	64
25.228600	27.768600	47
25.229600	25.431600	56
25.431600	25.637600	54
25.640600	25.846600	52
25.850600	26.057600	54
26.057600	26.267600	56
26.268600	26.340600	57
26.470600	26.551600	59
26.677600	26.754600	60
26.887600	27.772500	62
27.097600	27.772500	64
27.317600	27.391600	66
27.530600	27.625600	68
27.773600	27.821500	57
27.776500	27.824500	38
27.979500	28.031600	59
28.181600	28.227500	65
28.182600	28.230500	69
28.185600	28.231500	60
28.186500	28.231500	45
28.186500	28.234500	53
28.381500	28.434600	62
28.594600	28.763500	59
28.595600	28.797600	38
28.798500	28.895600	59
28.896500	28.994600	60
28.994600	29.186500	69
28.997500	29.187500	59
28.997500	29.187500	65
28.998500	29.039500	53
29.001600	29.043500	45
29.189500	29.344500	57
29.399500	29.476500	59
29.400500	29.603500	38
29.802500	29.963500	65
29.803500	29.963500	69
29.803500	29.967500	60
29.805500	29.861500	53
29.806500	29.862500	45
30.236500	30.439500	59
30.237500	30.285500	38
30.440500	30.646500	60
30.646500	31.038500	72
30.647500	30.743500	62
30.647500	31.038500	69
30.649500	30.691500	45
30.649500	30.691500	54
30.841500	30.940500	64
31.038500	31.135500	66
31.041500	31.237500	38
31.237500	31.297500	66
31.300500	31.362500	67
31.363500	31.426500	66
31.427500	31.832500	72
31.427500	31.833500	69
31.429500	31.626500	64
31.430500	31.478500	54
31.430500	31.479500	45
31.626500	31.835500	62
31.835500	32.003500	60
31.839500	32.032500	38
32.032500	32.203500	62
32.235500	32.658500	64
32.236500	32.287500	54
32.236500	32.658500	69
32.236500	32.658500	72
32.238500	32.287500	45
32.662500	32.703500	69
32.662500	32.704500	38
32.861500	32.914500	71
33.064500	33.109500	65
33.065500	33.110500	62
33.065500	33.113500	72
33.067500	33.113500	45
33.068500	33.114500	53
33.260500	33.313500	74
33.477500	33.645500	71
33.477500	33.680500	38
33.681500	33.778500	71
33.779500	33.876500	72
33.876500	34.068500	62
33.877500	34.069500	65
33.880500	33.922500	53
33.880500	34.069500	71
33.881500	33.922500	45
34.072500	34.230500	69
34.285500	34.359500	71
34.286500	34.485500	38
34.689500	34.853500	65
34.691500	34.853500	62
34.692500	34.740500	53
34.692500	34.853500	72
34.695500	34.744500	45
35.119500	35.171500	38
35.119500	35.321500	71
35.322500	35.525500	72
35.528500	35.920500	72
35.528500	35.921500	69
35.529500	35.622500	74
35.529500	35.626500	62
35.720500	35.819500	76
35.724500	35.822500	64
35.921500	36.018500	78
35.923500	36.022500	66
36.116500	36.179500	78
36.120500	36.179500	66
36.183500	36.242500	79
36.186500	36.246500	67
36.246500	36.308500	78
36.249500	36.312500	66
36.313500	36.512500	64
36.313500	36.512500	76
36.515500	36.718500	74
36.515500	36.722500	62
36.725500	36.924500	72
36.725500	36.925500	60
36.925500	37.138500	74
36.928500	37.138500	62
37.142500	37.964500	76
37.142500	37.965500	64
37.554500	37.754500	69
37.559500	37.754500	72
37.559500	37.755500	57
37.562500	37.758500	60
37.758500	37.965500	74
37.759500	37.967500	62
37.967500	38.335500	67
37.968500	38.336400	71
37.968500	38.339500	76
37.971500	38.340500	55
37.972500	38.340500	59
37.974500	38.340500	64
38.370500	38.783400	66
38.371500	38.574500	57
38.371500	38.574500	69
38.371500	38.783400	54
38.577400	38.784400	71
38.577400	38.787400	59
38.787400	39.199400	65
38.787400	39.200400	68
38.788400	39.584400	72
38.790400	39.200400	53
38.790400	39.204400	56
38.790400	39.585400	60
39.204400	39.518400	64
39.207400	39.522400	52
39.207400	39.522400	67
39.207400	39.523400	55
39.623400	40.450400	68
39.624400	40.036400	63
39.626400	40.036400	66
39.627400	40.037400	51
39.627400	40.037400	54
39.627400	40.450400	56
40.040400	40.344400	65
40.041400	40.345400	50
40.041400	40.345400	62
40.043400	40.348400	53
40.450400	42.846400	64
40.452400	40.610400	61
40.453400	40.611400	49
40.453400	42.847400	52
40.876400	41.041400	60
40.880400	41.041400	48
41.310400	41.481400	59
41.314400	41.482400	47
41.759400	41.947400	62
41.762400	41.947400	58
41.762400	41.948400	46
41.766400	41.948400	50
42.259400	42.479400	40
42.847400	43.305400	33
43.354400	43.455400	60
43.358400	43.456400	64
43.358400	43.456400	69
43.362400	43.459400	57
43.554400	43.652400	59
43.554400	43.652400	62
43.555400	43.653400	64
43.557400	43.655400	52
43.753400	43.826400	59
43.754400	43.827400	62
43.754400	43.827400	64
43.755400	43.830400	52
43.949400	44.047400	60
43.949400	44.048400	64
43.950400	44.050400	69
43.953400	44.051400	57
44.145400	44.243400	60
44.146400	44.244400	64
44.148400	44.247400	57
44.148400	44.247400	69
44.345400	44.442400	64
44.345400	44.443400	59
44.345400	44.443400	62
44.346400	44.446400	52
44.537400	44.611400	59
44.537400	44.611400	64
44.538400	44.612400	62
44.538400	44.614400	52
44.733400	44.838400	60
44.734400	44.839400	64
44.734400	44.839400	69
44.736400	44.839400	45
44.940400	45.020400	62
44.940400	45.024400	67
44.943400	45.024400	71
44.943400	45.027400	40
45.377400	45.772400	81
45.378400	45.773400	33
45.378400	45.773400	69
45.790400	45.888400	60
45.791400	45.888400	64
45.791400	45.889400	57
45.791400	45.889400	69
45.987400	46.084400	59
45.987400	46.085400	62
45.987400	46.085400	64
45.989400	46.087400	52
46.179400	46.244400	59
46.179400	46.245400	62
46.180400	46.249400	52
46.180400	46.249400	64
46.367400	46.469400	60
46.372400	46.470400	64
46.372400	46.470400	69
46.372400	46.473400	57
46.564400	46.665400	64
46.567400	46.666400	69
46.567400	46.668400	60
46.571400	46.669400	57
46.763400	46.858400	62
46.764400	46.858400	59
46.767400	46.859400	64
46.767400	46.861400	52
46.949400	47.025400	59
46.949400	47.026400	64
46.953400	47.026400	62
46.953400	47.029400	52
47.152400	47.256400	60
47.155400	47.257400	64
47.156400	47.260400	69
47.156400	47.261400	45
47.361400	47.442400	62
47.362400	47.446400	67
47.362400	47.447400	71
47.365400	47.447400	43
47.796400	48.198400	84
47.799400	48.198400	72
47.800400	48.199400	36
48.212400	48.313400	64
48.216400	48.314400	67
48.216400	48.314400	72
48.220400	48.317400	60
48.412400	48.506400	62
48.413400	48.506400	65
48.415400	48.507400	55
48.415400	48.507400	67
48.605400	48.674400	62
48.605400	48.675400	65
48.605400	48.675400	67
48.607400	48.677400	55
48.797400	48.895400	64
48.797400	48.895400	72
48.798400	48.895400	67
48.800400	48.899400	60
48.992400	49.084400	64
48.993400	49.087400	67
48.996400	49.088400	72
48.997400	49.091400	60
49.182400	49.283400	62
49.185400	49.284400	65
49.189400	49.284400	67
49.189400	49.286400	55
49.374400	49.451400	62
49.378400	49.451400	67
49.379400	49.455400	55
49.379400	49.455400	65
49.580400	49.682300	64
49.581300	49.686300	67
49.581300	49.687400	72
49.582400	49.687400	48
49.791300	49.868300	65
49.791300	49.872300	70
49.792300	49.872300	74
49.792300	49.874300	43
50.224300	50.616300	84
50.225300	50.617300	72
50.225300	50.620300	36
50.630300	50.729300	64
50.631300	50.729300	67
50.631300	50.732300	72
50.634300	50.732300	60
50.827300	50.924300	62
50.827300	50.925300	65
50.831300	50.928300	67
50.831300	50.929300	55
51.019300	51.089300	65
51.019300	51.089300	67
51.020300	51.090300	62
51.023300	51.093300	55
51.208300	51.310300	64
51.211300	51.311300	67
51.212300	51.311300	72
51.215300	51.311300	60
51.401300	51.498300	64
51.401300	51.499300	67
51.404300	51.503300	60
51.404300	51.503300	72
51.600300	51.691300	62
51.601300	51.691300	65
51.601300	51.692300	67
51.603300	51.695300	55
51.790300	51.866300	62
51.790300	51.867300	67
51.793300	51.867300	65
51.793300	51.869300	55
51.989300	52.090300	64
51.990300	52.094300	67
51.992300	52.094300	72
51.992300	52.097300	60
52.198300	52.643300	65
52.199300	52.644300	70
52.199300	52.644300	74
52.200300	52.647300	58
52.648300	52.863300	75
52.650300	55.152300	70
52.651300	53.291300	67
52.651300	53.292300	63
52.868300	53.074300	74
53.074300	53.700300	75
53.292300	53.490300	58
53.293300	53.493300	65
53.494300	54.116300	63
53.494300	54.117300	67
53.704300	53.910300	74
53.911300	54.529300	75
54.120300	54.320300	65
54.124300	54.323300	69
54.324300	54.943300	63
54.327300	54.944300	67
54.534300	54.726300	74
54.730300	55.363300	75
54.946300	55.153300	58
54.946300	55.153300	65
55.156300	55.979300	57
55.157300	55.979300	67
55.363300	55.562300	74
55.566200	55.761200	75
55.762200	55.980200	79
55.980200	56.178200	67
55.982200	57.578200	74
55.982200	57.582200	50
55.983300	57.582200	57
56.182200	56.382200	69
56.382200	56.584200	67
56.588200	56.790200	64
56.791200	56.998200	67
56.998200	57.200200	69
57.201200	57.404200	67
57.404200	57.583200	64
57.614200	57.820200	74
57.614200	60.091200	69
57.615200	58.236200	65
57.617200	58.236200	62
57.823200	58.029200	72
58.034200	58.653200	74
58.237200	58.436200	57
58.237200	58.440200	64
58.440200	59.058200	62
58.440200	59.059200	65
58.653200	58.856200	72
58.856200	59.472200	74
59.062200	59.262200	64
59.063200	59.263200	67
59.266200	59.885200	62
59.266200	59.885200	65
59.472200	59.672200	72
59.675200	60.294200	74
59.886200	60.092200	64
59.889200	60.095200	57
60.095200	60.925200	70
60.098200	60.925200	55
60.098200	60.926200	65
60.295200	60.497200	72
60.501200	60.707200	74
60.708200	60.926200	77
60.927200	61.124200	65
60.928200	62.551100	48
60.928200	63.371100	70
60.929200	63.371100	55
61.127200	61.326100	63
61.327200	61.530100	62
61.534100	61.736100	63
61.737100	61.939100	65
61.940100	62.146100	63
62.150100	62.349100	62
62.350100	62.758100	63
62.555100	67.442100	41
62.758100	62.958100	62
62.961100	63.165100	60
63.165100	63.995100	63
63.372100	64.231100	69
63.374100	64.232100	53
63.581100	64.134100	62
63.875048	64.197100	60
63.995100	64.197100	63
64.197100	64.813100	60
64.201100	65.047100	67
64.201100	65.051100	51
64.407100	65.017100	58
64.607100	65.017100	57
64.813100	65.629100	60
65.016100	66.234100	65
65.016100	66.235100	50
65.227100	65.713100	58
65.429100	65.713100	57
65.629100	65.831100	60
65.835100	66.042100	58
66.045100	66.235100	62
66.237100	66.844100	65
66.238100	66.643100	67
66.238100	67.266100	53
66.437100	67.266100	62
66.643100	67.037100	70
66.643100	67.239100	67
66.644100	67.266100	55
66.844100	67.266100	65
67.037100	67.266100	70
67.039100	67.442100	58
67.039100	67.442100	74
67.239100	67.444100	67
67.445100	67.644100	63
67.445100	69.017000	70
67.449100	72.300000	41
67.644100	67.848100	62
67.851000	68.044100	60
68.047000	68.863000	63
68.246000	69.100000	69
68.247000	69.101000	53
68.457000	69.017000	62
68.663000	69.017000	60
68.863000	69.065000	63
69.069000	69.685000	60
69.069000	69.920000	67
69.070000	69.920000	51
69.276000	69.888000	58
69.479000	69.888000	57
69.685000	70.501000	60
69.884000	71.106000	65
69.885000	71.107000	50
70.095000	70.574000	58
70.298000	70.574000	57
70.501000	70.703000	60
70.707000	70.907000	58
70.908000	71.107000	62
71.107000	71.709000	65
71.109000	71.513000	67
71.110000	72.124000	53
71.309000	72.124000	62
71.513000	72.096000	67
71.515000	71.904000	70
71.515000	72.124000	55
71.709000	72.124000	65
71.902000	72.327000	74
71.904000	72.124000	70
71.904000	72.303000	58
72.096000	72.303000	67
72.303000	72.495000	70
72.304000	72.730000	76
72.307000	73.822000	43
72.499000	72.702000	67
72.703000	72.891000	72
72.703000	73.090000	77
72.704000	73.091000	57
72.705000	73.091000	60
72.706000	73.094000	65
72.895000	73.094000	69
73.095000	73.480000	70
73.095000	73.868000	74
73.097000	73.868000	58
73.097000	73.869000	62
73.098000	73.871000	55
73.283000	73.679000	67
73.480000	73.822000	70
73.483000	73.871000	41
73.679000	73.871000	67
73.872000	74.277000	70
73.875000	74.693000	40
73.875000	74.693000	72
74.071000	74.477000	67
74.277000	74.693000	70
74.278000	74.691000	74
74.278000	74.693000	38
74.477000	74.693000	67
74.691000	76.204900	74
74.691000	76.204900	79
74.691000	77.094900	36
74.883000	76.204900	70
75.089000	75.498900	76
75.090000	75.499900	81
75.092000	75.501900	69
75.093000	75.501900	60
75.093000	75.501900	64
75.288900	75.691900	72
75.498900	75.898900	76
75.499900	76.204900	81
75.501900	75.899900	64
75.501900	75.900900	60
75.501900	76.089900	69
75.691900	75.897900	72
75.897900	76.204900	72
75.898900	76.288900	76
75.899900	76.289900	64
75.900900	76.289900	57
75.900900	76.289900	60
76.089900	76.292900	69
76.292900	76.684900	72
76.293900	77.094900	76
76.295900	77.095900	57
76.296900	77.097900	60
76.296900	77.097900	64
76.485900	76.891900	69
76.684900	76.964900	72
76.891900	77.101900	69
77.101900	77.293900	70
77.102900	77.523900	76
77.102900	78.637900	43
77.294900	77.493900	67
77.495900	77.685900	72
77.496900	77.884900	77
77.500900	77.885900	57
77.500900	77.885900	60
77.500900	77.888900	65
77.685900	77.889900	69
77.889900	78.276900	70
77.890900	78.661900	74
77.892900	78.661900	58
77.892900	78.662900	62
77.892900	78.665900	55
78.081900	78.469900	67
78.276900	78.637900	70
78.277900	78.665900	41
78.469900	78.666900	67
78.669900	79.069900	70
78.670900	79.477900	40
78.670900	79.477900	72
78.865900	79.267900	67
79.069900	79.477900	70
79.071900	79.470900	74
79.071900	79.477900	38
79.267900	79.477900	67
79.470900	80.982900	74
79.474900	80.982900	79
79.474900	84.100800	36
79.667900	80.982900	70
79.866900	80.269900	76
79.866900	80.269900	81
79.869900	80.272900	69
79.870900	80.271900	60
79.870900	80.272900	64
80.065900	80.464900	72
80.269900	80.665900	76
80.269900	80.982900	81
80.271900	80.668900	60
80.272900	80.667900	64
80.272900	80.850900	69
80.464900	80.664900	72
80.664900	80.982900	72
80.665900	81.042900	76
80.667900	81.042900	64
80.667900	81.043900	57
80.668900	81.045900	60
80.850900	81.045900	69
81.046900	81.702800	72
81.049900	81.702800	57
81.049900	81.702800	76
81.050900	81.702800	60
81.052900	81.702800	64
81.242900	81.702800	69
81.448900	81.702800	77
81.448900	81.818900	82
81.451900	81.822900	70
81.452900	81.823900	62
81.452900	81.823900	65
81.630900	81.823900	74
81.825900	82.011900	77
81.826900	82.214900	82
81.829900	82.215800	62
81.829900	82.215800	65
81.830900	82.217800	70
82.011900	82.217800	74
82.218900	82.399900	79
82.221900	82.585900	84
82.222800	82.585900	64
82.222800	82.589900	67
82.224800	82.589900	72
82.400900	82.590900	76
82.592900	82.784900	79
82.592900	82.981800	84
82.593900	82.981800	64
82.596900	82.984900	67
82.596900	82.984900	72
82.785900	82.984900	76
82.985900	83.166800	76
82.988800	83.359800	60
82.988800	83.359800	81
82.989900	83.359800	64
82.989900	83.362800	69
83.167800	83.363800	72
83.363800	83.544800	76
83.364800	83.729800	81
83.366800	83.730800	60
83.366800	83.730800	64
83.366800	83.733800	69
83.544800	83.734900	72
83.734900	83.915800	81
83.736800	84.101800	84
83.737800	84.104800	64
83.737800	84.105800	69
83.740800	84.105800	72
83.915800	84.107800	76
84.108800	84.289800	82
84.108800	84.478800	86
84.111800	86.365800	34
84.112800	86.365800	41
84.293800	84.479800	76
84.479800	84.667800	82
84.482800	84.860800	86
84.482800	84.864800	65
84.672800	84.865800	77
84.867800	85.242800	82
84.867800	85.242800	86
84.868800	86.362800	58
84.868800	86.365800	55
84.871800	85.988800	62
85.050800	85.424800	74
85.242800	85.613800	82
85.242800	85.613800	86
85.424800	86.170800	74
85.613800	85.984800	82
85.613800	85.985800	86
85.616800	86.365800	60
85.798800	86.365800	72
85.984800	86.359800	82
85.985800	86.361800	86
85.988800	86.362800	62
86.170800	86.365800	74
86.359800	86.732800	82
86.361800	86.733800	86
86.362800	87.086800	67
86.362800	88.640800	58
86.362800	88.641800	62
86.547800	87.086800	79
86.732800	87.086800	82
86.733800	87.086800	86
86.736800	87.097800	69
86.918900	87.097800	81
87.098800	87.476800	82
87.100800	87.478800	86
87.100800	88.500800	69
87.290800	88.500800	81
87.476800	87.863800	82
87.478800	87.867800	64
87.478800	87.867800	86
87.668800	88.056800	76
87.863800	88.252800	82
87.867800	88.253800	86
87.867800	88.643800	64
88.056800	88.445800	76
88.252800	88.500800	82
88.253800	88.500800	86
88.445800	88.644800	76
88.644800	88.836800	82
88.647800	89.043800	86
88.648800	91.080800	34
88.648800	91.080800	41
88.840800	89.043800	76
89.044800	89.242800	82
89.044800	89.449800	86
89.046800	89.449800	65
89.245800	89.450800	77
89.452800	89.841800	82
89.452800	89.845800	86
89.453800	91.080800	55
89.453800	91.081800	58
89.456800	90.654800	62
89.648800	90.041800	74
89.841800	90.240800	82
89.845800	90.240800	86
90.041800	90.866800	74
90.240800	90.650800	82
90.240800	90.653800	86
90.241800	91.020800	60
90.440800	91.020800	72
90.650800	91.020800	82
90.653800	91.020800	86
90.654800	91.045800	62
90.866800	91.045800	74
91.083800	91.468800	83
91.083800	91.468800	88
91.084800	91.828800	28
91.087800	91.829800	40
91.272800	91.458800	76
91.457800	91.793800	71
91.458800	91.793800	76
91.644800	91.829800	64
91.832800	92.168800	76
91.833800	92.168800	69
91.833800	92.581800	29
91.834800	92.581800	41
92.015800	92.196800	64
92.199800	92.581800	57
92.200800	92.575800	64
92.386800	92.581800	52
92.575800	92.949800	59
92.575800	92.950800	64
92.576800	93.320800	31
92.577800	93.320800	43
92.764800	93.135800	52
92.949800	93.232800	59
92.950800	93.232800	64
93.135800	93.321800	52
93.323800	93.691800	60
93.323800	93.694800	64
93.324800	94.062800	33
93.327800	94.066800	45
93.506800	93.879800	52
93.691800	93.957800	60
93.694800	93.957800	64
93.879800	94.066800	52
94.067800	94.451800	64
94.068800	94.731800	62
94.069800	94.731800	35
94.069800	94.731800	47
94.255800	94.639800	52
94.450800	94.731800	60
94.451800	94.731800	64
94.451800	94.828800	33
94.452800	94.829800	45
94.639800	94.831800	52
94.831800	95.686800	59
94.832800	95.248800	65
94.832800	95.690800	62
94.835800	95.249800	31
94.836800	95.249800	43
95.249800	95.690800	69
95.252800	95.693800	29
95.252800	95.693800	41
95.693800	95.994800	83
95.694800	95.994800	88
95.697800	96.431800	28
95.697800	96.432800	40
95.882800	96.060800	76
96.061800	96.406800	71
96.061800	96.406800	76
96.247800	96.432800	64
96.434800	96.774800	69
96.435800	96.774800	76
96.435800	97.191800	29
96.435800	97.191800	41
96.625800	96.806800	64
96.809800	97.184800	64
96.810800	97.191800	57
96.995800	97.191800	52
97.184800	97.558800	59
97.184800	97.559800	64
97.185800	97.937800	31
97.185800	97.937800	43
97.373800	97.744800	52
97.558800	97.937800	59
97.559800	97.933800	64
97.744800	97.937800	52
97.933800	98.301800	60
97.933800	98.303800	64
97.934800	98.681800	33
97.934800	98.685800	45
98.116800	98.494800	52
98.301800	98.660800	60
98.303800	98.660800	64
98.494800	98.686800	52
98.686800	99.092800	62
98.687800	99.091800	64
98.689800	99.532800	35
98.689800	99.532800	47
98.889800	99.312800	52
99.091800	99.529800	64
99.092800	99.532800	62
99.312800	99.532800	52
99.529800	100.016000	64
99.529800	100.576000	36
99.532800	100.577000	48
99.770800	100.324000	52
100.016000	100.325000	64
100.324000	100.577000	52
100.478000	100.628000	38
100.524000	100.629000	45
100.579000	100.629000	69
100.580000	100.632000	54
100.580000	100.633000	60
100.584000	100.635000	64
100.786000	100.832000	71
100.982000	101.028000	72
101.175000	101.227000	74
101.381000	101.556000	71
101.584000	101.682000	71
101.686000	101.791000	72
101.791000	101.983000	71
101.984000	102.137000	69
102.085000	102.393000	38
102.137000	102.393000	45
102.189000	102.347000	60
102.190000	102.270000	71
102.190000	102.347000	64
102.193000	102.396000	54
102.599000	102.757000	72
102.921000	103.079000	38
102.974000	103.079000	45
103.026000	103.236000	71
103.026000	103.439000	64
103.027000	103.439000	60
103.030000	103.080000	54
103.236000	103.440000	72
103.443000	103.537000	74
103.635000	103.733000	76
103.835000	103.880000	69
103.835000	103.933000	78
104.031000	104.094000	78
104.094000	104.156000	79
104.160000	104.223000	78
104.224000	104.420000	76
104.420000	104.629000	74
104.629000	104.849000	72
104.630000	104.685000	62
104.850000	105.078000	74
105.078000	105.521000	76
105.522000	107.954000	74
105.525000	105.574000	81
105.526000	107.954000	65
105.526000	109.557000	60
105.526000	109.557000	62
105.732000	105.778000	83
105.924000	105.970000	84
106.107000	106.162000	86
106.316000	106.491000	83
106.526000	106.621000	83
106.621000	106.719000	84
106.719000	106.904000	83
106.905000	107.058000	81
107.117000	107.195000	83
107.527000	107.682000	84
107.955000	110.450000	74
107.958000	108.157000	83
107.958000	108.755000	66
108.158000	108.361000	84
108.364000	108.458000	86
108.556000	108.658000	88
108.756000	108.857000	90
108.756000	109.561000	69
108.952000	109.019000	90
109.019000	109.081000	91
109.082000	109.144000	90
109.148000	109.341000	88
109.344000	109.561000	86
109.562000	109.771000	84
109.562000	109.772000	38
109.774000	109.999000	86
109.999000	110.653000	88
110.334000	110.845000	55
110.393000	110.800000	62
110.453000	110.845000	71
110.653000	110.747000	86
110.849000	110.944000	83
111.044000	111.143000	81
111.241000	111.345000	83
111.444000	111.535000	79
111.636000	111.734000	76
111.832000	111.930000	74
112.035000	112.452000	72
112.036000	112.892000	67
112.036000	113.096000	76
112.039000	112.893000	48
112.040000	112.897000	64
112.042000	112.900000	55
112.455000	112.900000	69
112.784000	113.295000	43
112.841000	113.296000	50
112.900000	113.296000	71
112.901000	113.691000	67
112.904000	113.298000	59
112.904000	113.691000	62
113.099000	113.194000	74
113.299000	113.692000	71
113.492000	113.592000	69
113.694000	113.789000	71
113.886000	113.985000	67
114.086000	114.185000	64
114.275000	114.380000	62
114.486000	114.922000	60
114.486000	114.923000	45
114.486000	115.598000	64
114.489000	116.998000	48
114.923000	115.392000	57
114.924000	115.392000	42
115.393000	117.800000	55
115.395000	117.800000	40
115.602000	115.805000	66
115.805000	115.902000	67
115.994000	116.099000	69
116.196000	116.372000	64
116.400000	116.497000	64
116.502000	116.596000	66
116.599000	116.796000	64
116.796000	116.946000	62
116.998000	117.125000	64
117.002000	117.800000	47
117.407000	117.534000	67
117.804000	117.926000	71
117.804000	117.929000	62
117.804000	117.930000	67
117.807000	118.206000	33
117.807000	118.207000	45
118.209000	118.332000	60
118.210000	118.335000	64
118.210000	118.336000	69
118.608000	118.734000	57
119.015000	119.136000	52
119.414000	119.564000	45
119.812000	119.967000	43
120.222000	120.999000	69
120.223000	120.947000	81
120.223000	122.571000	29
120.223000	122.571000	41
120.418000	120.947000	79
120.513000	120.947000	77
120.611000	120.947000	76
120.709000	120.947000	74
120.804000	120.947000	72
120.901000	120.999000	71
121.003000	121.996000	69
121.195000	121.702000	67
121.297000	121.702000	65
121.388000	121.702000	64
121.486000	121.702000	62
121.587000	121.702000	60
121.685000	121.776000	59
121.777000	122.178000	57
121.979000	122.140000	72
122.178000	122.392000	71
122.179000	122.574000	55
122.378000	122.542000	74
122.574000	124.166000	65
122.578000	122.791000	72
122.578000	122.965000	57
122.777000	122.938000	76
122.970000	123.186000	74
122.970000	123.368000	59
123.169000	123.329000	77
123.369000	123.586000	76
123.369000	123.767000	60
123.571000	123.785000	72
123.767000	123.980000	71
123.768000	124.166000	62
123.964000	124.170000	67
124.170000	124.597000	65
124.174000	124.597000	62
124.174000	124.601000	59
124.601000	124.974000	64
124.601000	124.975000	67
124.604000	124.814000	57
124.814000	125.027000	55
125.028000	125.808000	69
125.028000	125.819000	81
125.031000	127.372000	29
125.032000	127.372000	41
125.227000	125.819000	79
125.326000	125.819000	77
125.417000	125.819000	76
125.518000	125.819000	74
125.616000	125.819000	72
125.713000	125.819000	71
125.808000	126.802000	69
126.000000	126.554000	67
126.102000	126.554000	65
126.200000	126.554000	64
126.295000	126.554000	62
126.393000	126.554000	60
126.491000	126.581000	59
126.585000	126.984000	57
126.785000	126.949000	72
126.985000	127.198000	71
126.985000	127.376000	55
127.180000	127.344000	74
127.376000	128.968000	65
127.377000	127.593000	72
127.377000	127.772000	57
127.575000	127.737000	76
127.775000	127.988000	74
127.775000	128.167000	59
127.967000	128.132000	77
128.167000	128.388000	76
128.168000	128.566000	60
128.370000	128.583000	72
128.567000	128.790000	71
128.570000	128.968000	62
128.773000	128.972000	67
128.972000	129.399000	65
128.975000	129.399000	62
128.975000	129.400000	57
129.403000	129.787000	69
129.403000	129.788000	65
129.404000	129.619000	55
129.620000	129.840000	53
129.841000	130.617000	67
129.841000	130.617000	79
129.843000	132.195000	27
129.844000	132.196000	39
130.040000	130.617000	77
130.137000	130.617000	75
130.229000	130.617000	74
130.327000	130.617000	72
130.428000	130.617000	70
130.527000	130.620000	69
130.620000	131.614000	67
130.816000	131.349000	65
130.915000	131.349000	63
131.013000	131.349000	62
131.111000	131.349000	60
131.205000	131.349000	58
131.303000	131.401000	57
131.401000	131.796000	55
131.604000	131.761000	70
131.797000	132.017000	69
131.800000	132.199000	53
132.000000	132.160000	72
132.200000	132.413000	70
132.200000	133.788000	63
132.202000	132.591000	55
132.394000	132.556000	74
132.591000	132.808000	72
132.592000	132.987000	57
132.794000	132.959000	75
132.987000	133.207000	74
132.988000	133.393000	58
133.189000	133.406000	70
133.393000	133.606000	69
133.396000	133.789000	60
133.589000	133.789000	65
133.791000	134.219000	60
133.792000	134.220000	57
133.792000	134.220000	63
134.220000	134.593000	65
134.222000	134.432000	55
134.222000	134.593000	62
134.433000	134.653000	53
134.653000	135.426000	67
134.656000	135.401000	79
134.656000	136.997000	27
134.656000	136.998000	39
134.849000	135.401000	77
134.943000	135.401000	75
135.042000	135.401000	74
135.133000	135.401000	72
135.234000	135.401000	70
135.325000	135.427000	69
135.427000	136.423000	67
135.621000	136.179000	65
135.721000	136.179000	63
135.815000	136.179000	62
135.913000	136.179000	60
136.011000	136.179000	58
136.105000	136.200000	57
136.203000	136.598000	55
136.406000	136.567000	70
136.599000	136.816000	69
136.599000	136.998000	53
136.798000	136.962000	72
137.001000	138.591000	63
137.002000	137.211000	70
137.002000	137.393000	55
137.194000	137.361000	74
137.394000	137.613000	72
137.394000	137.785000	57
137.595000	137.757000	75
137.789000	138.005000	74
137.790000	138.191000	58
137.991000	138.212000	70
138.195000	138.408000	69
138.195000	138.591000	60
138.390000	138.591000	65
138.592000	139.017000	60
138.593000	139.021000	63
138.594000	139.021000	57
139.021000	139.335000	67
139.022000	139.339000	63
139.024000	139.237000	58
139.241000	139.441000	60
139.441000	140.032000	66
139.442000	140.033000	62
139.444000	140.035000	50
139.444000	140.036000	57
140.036000	140.190000	60
140.039000	140.193000	63
140.040000	140.193000	45
140.040000	140.193000	67
140.242000	140.840000	66
140.243000	140.841000	62
140.245000	140.841000	50
140.246000	140.844000	57
140.844000	140.984000	60
140.845000	140.985000	63
140.848000	140.987000	67
140.848000	141.030000	45
141.030000	141.432000	62
141.033000	141.432000	66
141.037000	141.436000	50
141.037000	141.436000	57
141.437000	141.845000	60
141.439000	141.846000	63
141.439000	141.846000	69
141.439000	141.847000	42
141.849000	142.258000	58
141.849000	142.259000	62
141.849000	142.259000	67
141.853000	142.261000	43
142.262000	142.454000	57
142.262000	142.454000	62
142.263000	142.458000	66
142.265000	142.657000	45
142.458000	142.658000	67
142.658000	143.458000	64
142.661000	143.662000	62
142.661000	144.278000	55
142.662000	143.459000	46
143.459000	144.278000	45
143.662000	143.864000	61
143.865000	144.068000	59
144.068000	144.279000	61
144.281000	144.684000	57
144.281000	144.684000	66
144.282000	144.685000	62
144.282000	145.775000	50
144.687000	145.073000	60
144.687000	145.073000	69
145.075000	145.877000	64
145.076000	145.881000	66
145.076000	145.882000	72
145.776000	146.605000	43
145.828000	146.605000	50
145.884000	146.297000	62
145.885000	146.297000	67
145.885000	146.298000	71
145.885000	146.606000	59
146.301000	146.714000	66
146.301000	146.714000	71
146.302000	146.718000	74
146.609000	148.334000	40
146.661000	148.335000	55
146.718000	147.540000	71
146.721000	147.540000	69
146.721000	147.541000	78
146.721000	148.337000	47
147.543000	147.946000	67
147.544000	147.946000	76
147.544000	148.338000	71
147.949000	148.338000	74
147.949000	148.341000	66
148.342000	148.548000	64
148.342000	148.754000	67
148.344000	148.755000	71
148.345000	149.164000	45
148.548000	148.755000	62
148.757000	148.961000	61
148.758000	149.164000	64
148.758000	149.167000	67
148.961000	149.168000	59
149.171000	149.762000	62
149.171000	149.762000	66
149.172000	149.766000	50
149.172000	149.766000	57
149.767000	149.913000	60
149.769000	149.913000	63
149.769000	149.916000	67
149.770000	149.916000	45
149.966000	150.564000	62
149.966000	150.564000	66
149.968000	150.567000	50
149.969000	150.567000	57
150.567000	150.707000	60
150.568000	150.710000	63
150.570000	150.711000	67
150.571000	150.753000	45
150.756000	151.155000	62
150.757000	151.159000	66
150.760000	151.159000	50
150.760000	151.160000	57
151.160000	151.565000	60
151.162000	151.569000	63
151.163000	151.571000	69
151.163000	151.572000	42
151.572000	151.981000	62
151.573000	151.982000	67
151.575000	151.982000	59
151.576000	151.984000	43
151.985000	152.184000	57
151.985000	152.184000	62
151.988000	152.185000	66
151.989000	152.380000	45
152.188000	152.380000	67
152.381000	152.751000	62
152.384000	152.755000	55
152.385000	152.755000	64
152.387000	152.755000	47
152.804000	153.209000	64
152.804000	153.210000	67
152.807000	153.214000	49
152.807000	153.214000	71
153.214000	153.615000	61
153.217000	153.616000	66
153.217000	153.619000	69
153.218000	153.620000	50
153.620000	154.025000	59
153.622000	154.026000	64
153.623000	154.026000	52
153.623000	154.026000	67
154.029000	154.386000	61
154.030000	154.386000	58
154.030000	154.387000	66
154.032000	154.387000	54
154.435000	154.841000	66
154.438000	154.845000	71
154.438000	154.845000	74
154.439000	154.848000	55
154.848000	155.243000	64
154.848000	155.244000	67
154.849000	155.244000	73
154.851000	155.246000	57
155.247000	155.632000	62
155.247000	155.632000	66
155.248000	155.635000	71
155.250000	155.635000	59
155.636000	156.471000	64
155.636000	156.472000	67
155.639000	156.038000	69
155.639000	156.475000	61
156.038000	156.363000	81
156.476000	157.071000	74
156.479000	156.573000	62
156.479000	157.071000	78
156.479000	158.393000	81
156.483000	156.574000	69
156.867000	156.972000	57
157.074000	157.164000	75
157.074000	157.165000	79
157.263000	157.861000	78
157.264000	157.364000	50
157.264000	157.861000	74
157.658000	157.763000	57
157.862000	157.956000	75
157.865000	157.956000	79
158.053000	158.396000	74
158.054000	158.151000	62
158.054000	158.397000	78
158.445000	158.852000	72
158.446000	158.853000	75
158.449000	158.855000	81
158.450000	158.855000	69
158.450000	158.859000	63
158.452000	158.860000	60
158.453000	158.860000	54
158.862000	159.261000	70
158.863000	159.261000	74
158.863000	159.262000	79
158.866000	159.262000	67
158.866000	159.265000	62
158.867000	159.265000	55
158.867000	159.265000	58
159.266000	159.457000	78
159.268000	159.458000	69
159.268000	159.458000	74
159.269000	159.661000	62
159.269000	159.661000	66
159.272000	159.662000	57
159.460000	159.664000	79
159.664000	160.455000	74
159.668000	160.456000	67
159.668000	160.458000	76
159.668000	160.459000	64
159.669000	160.459000	62
159.671000	160.459000	58
160.462000	161.281000	79
160.463000	161.281000	76
160.465000	161.282000	70
160.466000	161.282000	67
160.466000	161.285000	61
160.466000	161.285000	64
161.286000	161.679000	78
161.288000	161.680000	74
161.288000	162.096000	69
161.288000	162.905000	66
161.292000	162.909000	62
161.683000	162.101000	81
162.101000	162.909000	72
162.103000	162.910000	78
162.104000	162.910000	84
162.104000	162.912000	57
162.912000	165.449000	67
162.913000	163.317000	71
162.915000	163.752000	55
162.916000	165.449000	59
163.318000	163.753000	74
163.755000	164.605000	78
163.756000	166.422000	45
163.756000	166.422000	52
164.606000	165.005000	76
165.008000	165.450000	74
165.453000	165.918000	67
165.453000	165.919000	71
165.454000	166.426000	61
165.919000	166.426000	64
165.921000	166.427000	67
166.429000	167.339000	59
166.429000	167.339000	62
166.430000	167.343000	66
166.433000	167.343000	44
167.344000	167.781000	56
167.346000	167.784000	61
167.347000	167.784000	64
167.347000	167.785000	45
167.787000	168.200000	54
167.788000	168.201000	59
167.788000	168.201000	62
167.789000	168.202000	47
168.203000	168.627000	53
168.204000	168.627000	59
168.204000	168.631000	61
168.207000	168.631000	49
168.634000	171.448000	59
168.635000	169.037000	61
168.635000	169.436000	68
168.638000	168.830000	51
168.834000	169.037000	53
169.038000	169.824000	54
169.038000	171.451000	62
169.436000	169.565000	66
169.566000	169.692000	68
169.692000	169.827000	69
169.828000	170.241000	66
169.828000	170.636000	56
170.244000	171.038000	64
170.640000	171.420000	57
171.039000	171.423000	66
171.452000	173.100000	68
171.455000	172.275000	78
171.456000	172.275000	74
171.456000	172.276000	59
172.278000	172.690000	73
172.278000	172.694000	76
172.279000	172.695000	61
172.695000	173.101000	74
172.698000	173.101000	71
172.698000	173.102000	62
173.104000	173.517000	68
173.105000	173.518000	71
173.105000	173.520000	73
173.107000	173.520000	64
173.521000	173.944000	73
173.521000	177.573000	71
173.524000	173.948000	65
173.524000	174.357000	80
173.948000	177.574000	74
173.951000	177.574000	66
174.357000	174.773000	78
174.774000	175.194000	80
175.194000	175.635000	81
175.638000	176.145000	78
176.146000	177.577000	80
177.577000	179.526000	51
177.581000	178.492000	55
177.581000	178.540000	58
177.581000	179.526000	34
177.584000	179.526000	46
178.491000	179.558000	70
178.492000	179.562000	55
178.536000	179.562000	75
178.540000	179.565000	58
178.584000	179.565000	79
178.585000	179.566000	63
178.637000	179.566000	82
178.638000	179.568000	67
179.569000	181.455000	55
179.569000	181.623000	51
179.570000	181.494000	58
179.572000	181.623000	46
180.545000	181.623000	34
181.452000	182.526000	70
181.455000	182.527000	55
181.493000	182.527000	75
181.494000	182.529000	58
181.546000	182.530000	79
181.547000	182.530000	63
181.591000	182.533000	82
181.591000	182.534000	67
182.534000	183.856000	51
182.536000	183.660000	58
182.536000	183.857000	55
182.537000	183.857000	46
183.457000	183.859000	34
183.660000	183.859000	60
183.860000	184.051000	62
184.052000	184.262000	63
184.262000	184.430000	60
184.263000	184.661000	51
184.266000	184.661000	55
184.465000	184.563000	60
184.563000	184.665000	62
184.665000	184.808000	60
184.853000	185.014000	58
185.070000	185.123000	60
185.071000	185.172000	67
185.071000	185.175000	72
185.072000	185.175000	75
185.480000	185.532000	63
185.911000	186.114000	62
185.911000	186.313000	46
185.914000	186.313000	34
186.114000	186.314000	63
186.317000	186.502000	65
186.505000	186.715000	67
186.720000	186.884000	62
186.720000	187.118000	58
186.722000	187.119000	50
186.723000	187.119000	55
186.922000	187.020000	62
187.021000	187.121000	63
187.122000	187.265000	62
187.310000	187.471000	60
187.524000	187.727000	58
187.528000	187.628000	67
187.529000	187.629000	70
187.529000	187.633000	74
187.728000	187.934000	60
187.937000	188.364000	62
188.367000	189.173000	61
188.368000	188.571000	63
188.372000	189.173000	55
188.372000	190.814000	46
188.571000	188.766000	65
188.767000	188.962000	67
188.963000	189.176000	68
189.176000	189.340000	65
189.180000	189.977000	56
189.375000	189.474000	65
189.477000	189.572000	67
189.575000	189.718000	65
189.771000	189.929000	63
189.981000	190.030000	65
189.984000	190.383000	68
189.985000	190.387000	77
189.985000	190.390000	73
190.390000	190.447000	68
190.818000	191.020000	67
190.818000	192.021000	61
190.819000	191.622000	46
190.821000	191.623000	51
191.021000	191.216000	68
191.217000	191.413000	70
191.414000	191.626000	72
191.627000	191.791000	67
191.627000	192.025000	75
191.628000	192.026000	73
191.825000	191.923000	65
191.895000	191.958000	67
191.959000	192.029000	65
192.029000	192.169000	63
192.217000	192.379000	61
192.428000	192.634000	63
192.431000	194.062000	51
192.635000	192.836000	65
192.837000	193.264000	67
193.267000	194.454000	61
193.268000	193.470000	67
193.268000	194.062000	46
193.471000	193.667000	68
193.667000	193.855000	70
193.860000	194.063000	72
194.063000	194.230000	67
194.066000	194.457000	75
194.066000	194.458000	73
194.261000	194.363000	65
194.328000	194.391000	67
194.391000	194.458000	65
194.462000	194.601000	63
194.647000	194.804000	61
194.856000	195.053000	63
194.857000	195.669000	51
195.053000	195.255000	65
195.259000	195.669000	67
195.672000	195.864000	68
195.672000	196.841000	61
195.673000	196.452000	52
195.673000	196.453000	42
195.865000	196.057000	69
196.057000	196.250000	71
196.251000	196.456000	73
196.457000	196.614000	68
196.457000	196.842000	73
196.457000	196.842000	76
196.649000	196.743000	66
196.711000	196.778000	68
196.779000	196.844000	66
196.845000	196.981000	64
197.034000	197.177000	63
197.230000	197.422000	64
197.233000	198.409000	52
197.425000	197.618000	66
197.622000	198.217000	68
198.021000	198.410000	40
198.021000	199.162000	62
198.217000	198.410000	69
198.412000	198.595000	71
198.595000	198.783000	73
198.787000	198.976000	68
198.788000	199.165000	74
198.790000	199.166000	76
198.976000	199.169000	69
199.169000	199.354000	71
199.357000	199.540000	73
199.543000	199.732000	74
199.544000	200.397000	52
199.733000	199.914000	76
199.914000	200.103000	78
200.104000	200.397000	80
200.106000	200.397000	40
200.286000	200.838000	81
200.289000	201.022000	62
200.289000	201.027000	61
200.293000	201.027000	69
200.474000	201.027000	73
200.657000	201.027000	74
200.838000	201.027000	81
201.021000	201.563000	80
201.021000	201.748000	68
201.022000	201.742000	62
201.023000	201.748000	59
201.195000	201.748000	71
201.378000	201.748000	74
201.563000	201.748000	80
201.741000	202.284000	78
201.742000	202.463000	62
201.742000	202.463000	66
201.743000	202.463000	56
201.920000	202.463000	71
202.095000	202.463000	74
202.284000	202.463000	78
202.459000	202.997000	76
202.460000	203.534000	64
202.462000	203.537000	61
202.463000	203.537000	57
202.633000	203.355000	69
202.816000	203.176000	73
202.997000	203.538000	76
203.176000	203.407000	73
203.176000	204.643000	40
203.355000	203.541000	69
203.541000	203.901000	78
203.542000	204.076000	73
203.542000	204.643000	57
203.544000	203.905000	61
203.544000	203.905000	66
203.716000	203.905000	69
203.901000	204.259000	81
203.901000	204.443000	78
203.905000	204.262000	66
203.905000	204.264000	69
203.905000	204.640000	61
204.076000	204.265000	73
204.259000	204.639000	81
204.262000	204.643000	66
204.262000	204.643000	85
204.264000	204.642000	69
204.265000	204.643000	73
204.443000	204.643000	78
204.639000	205.186000	81
204.640000	205.371000	62
204.640000	205.374000	61
204.642000	205.374000	69
204.818000	205.374000	73
204.997000	205.374000	74
205.186000	205.374000	81
205.367000	205.917000	80
205.368000	206.141000	68
205.371000	206.102000	62
205.371000	206.141000	59
205.550000	206.141000	71
205.731000	206.141000	74
205.917000	206.141000	80
206.099000	206.648000	78
206.100000	206.834000	66
206.102000	206.834000	56
206.102000	206.834000	62
206.281000	206.834000	71
206.463000	206.834000	74
206.648000	206.834000	78
206.831000	207.380000	76
206.831000	207.929000	64
206.834000	207.930000	57
206.834000	207.930000	61
207.012000	207.751000	69
207.195000	207.561000	73
207.380000	207.933000	76
207.561000	207.799000	73
207.561000	209.007000	40
207.751000	207.933000	69
207.934000	208.476000	73
207.936000	208.300000	78
207.937000	208.906000	54
208.115000	208.906000	69
208.300000	208.847000	78
208.301000	208.664000	81
208.301000	208.906000	57
208.476000	208.906000	73
208.664000	208.906000	81
208.665000	209.011000	85
208.668000	209.011000	61
208.847000	209.014000	78
209.036000	209.224000	64
209.039000	209.409000	73
209.042000	209.410000	76
209.043000	210.502000	45
209.043000	211.226000	38
209.225000	209.410000	66
209.413000	209.588000	69
209.414000	209.742000	73
209.414000	209.770000	61
209.589000	209.756000	66
209.771000	210.135000	69
209.771000	210.466000	73
209.773000	210.502000	54
209.774000	210.503000	57
209.774000	210.505000	61
209.956000	210.323000	66
210.135000	210.361000	69
210.323000	210.484000	66
210.505000	210.688000	66
210.506000	210.873000	69
210.506000	211.226000	45
210.688000	210.873000	62
210.874000	211.051000	69
210.876000	211.230000	73
211.055000	211.230000	62
211.231000	211.411000	68
211.233000	211.590000	71
211.233000	211.947000	32
211.233000	211.947000	44
211.412000	211.590000	62
211.594000	211.772000	68
211.594000	211.773000	71
211.597000	211.775000	56
211.597000	211.776000	59
211.776000	211.948000	65
211.777000	211.948000	69
211.779000	211.951000	53
211.780000	211.951000	57
211.951000	212.312000	68
211.955000	212.672000	50
211.955000	212.672000	71
211.955000	212.676000	56
211.956000	212.676000	59
212.134000	212.494000	62
212.312000	212.549000	68
212.494000	212.677000	62
212.679000	213.042000	68
212.679000	213.396000	44
212.857000	213.218000	62
213.040000	213.397000	71
213.042000	213.397000	68
213.218000	213.399000	62
213.400000	213.582000	64
213.403000	213.764000	73
213.404000	213.765000	76
213.404000	214.128000	38
213.407000	214.128000	45
213.582000	213.765000	66
213.767000	213.950000	69
213.768000	214.100000	73
213.768000	214.131000	61
213.950000	214.114000	66
214.135000	214.495000	69
214.135000	214.828000	73
214.136000	214.856000	54
214.136000	214.856000	57
214.136000	214.856000	61
214.310000	214.674000	66
214.495000	214.821000	69
214.674000	214.835000	66
214.859000	215.227000	69
214.859000	215.592000	66
214.860000	215.592000	45
215.042000	215.409000	62
215.227000	215.592000	69
215.231000	215.592000	73
215.409000	215.592000	62
215.589000	215.934000	71
215.591000	216.927000	35
215.591000	216.991000	74
215.592000	216.927000	47
215.762000	216.109000	66
215.934000	216.291000	71
216.109000	216.462000	66
216.291000	216.638000	71
216.295000	216.992000	54
216.295000	216.992000	59
216.295000	216.994000	62
216.462000	216.813000	66
216.638000	216.927000	71
216.813000	216.995000	66
216.995000	217.537000	66
216.998000	217.352000	71
216.999000	218.377000	33
216.999000	218.377000	45
217.172000	218.086000	62
217.352000	217.905000	71
217.355000	217.723000	74
217.537000	218.084000	66
217.723000	218.086000	74
217.726000	218.377000	78
217.726000	218.430000	32
217.727000	218.430000	44
217.905000	218.258000	71
218.084000	218.377000	66
218.086000	218.401000	74
218.086000	218.433000	62
218.258000	218.419000	71
218.433000	219.119000	74
218.437000	219.874000	56
218.437000	219.879000	59
218.438000	219.151000	62
218.611000	218.973000	71
218.790000	219.024000	66
218.973000	219.133000	71
219.151000	219.336000	73
219.151000	219.521000	76
219.154000	219.522000	64
219.154000	219.524000	61
219.336000	219.525000	71
219.525000	219.703000	74
219.526000	219.879000	78
219.528000	219.879000	62
219.529000	219.881000	66
219.703000	219.882000	71
219.882000	220.057000	77
219.883000	220.235000	80
219.885000	220.585000	37
219.886000	220.586000	49
220.057000	220.586000	71
220.239000	220.407000	77
220.240000	220.411000	80
220.240000	220.413000	65
220.240000	220.414000	68
220.414000	220.586000	75
220.415000	220.589000	78
220.417000	220.589000	63
220.418000	220.590000	66
220.590000	220.764000	77
220.592000	220.907000	80
220.593000	220.911000	65
220.593000	222.031000	59
220.596000	220.911000	68
220.764000	220.914000	71
220.939000	221.191000	73
220.940000	221.303000	77
220.940000	221.306000	61
220.940000	221.306000	65
221.125000	221.307000	71
221.310000	221.565000	75
221.310000	221.671000	78
221.311000	221.671000	63
221.311000	221.672000	66
221.492000	221.674000	71
221.674000	221.919000	77
221.675000	222.031000	80
221.678000	222.031000	65
221.678000	222.032000	68
221.852000	222.035000	71
222.035000	222.209000	78
222.036000	222.380000	81
222.038000	222.741000	42
222.038000	222.742000	49
222.210000	222.385000	73
222.388000	222.563000	73
222.388000	222.714000	78
222.388000	222.745000	66
222.566000	222.727000	69
222.748000	223.102000	73
222.749000	223.428000	78
222.749000	223.462000	57
222.751000	223.463000	61
222.752000	223.466000	66
222.927000	223.285000	69
223.102000	223.427000	73
223.285000	223.444000	69
223.467000	224.026000	78
223.469000	223.837000	81
223.470000	224.232000	54
223.470000	224.232000	57
223.470000	224.232000	61
223.645000	224.232000	73
223.837000	224.230000	81
223.840000	224.232000	85
224.026000	224.230000	78
224.229000	227.112000	86
224.230000	224.597000	78
224.230000	224.598000	81
224.232000	226.828000	38
224.232000	226.828000	45
224.410000	224.777000	74
224.597000	224.961000	78
224.598000	224.961000	81
224.600000	224.962000	54
224.600000	226.828000	50
224.601000	224.964000	57
224.777000	225.138000	74
224.961000	225.310000	81
224.961000	225.311000	78
224.962000	226.828000	54
224.964000	225.677000	57
224.964000	225.677000	62
225.138000	225.492000	74
225.310000	225.674000	81
225.311000	225.674000	78
225.492000	225.852000	74
225.674000	226.033000	78
225.674000	226.034000	81
225.675000	226.037000	66
225.677000	226.038000	62
225.677000	226.828000	57
225.852000	226.216000	74
226.033000	226.406000	78
226.034000	226.408000	81
226.034000	226.409000	69
226.037000	226.409000	66
226.038000	226.408000	62
226.216000	226.577000	74
226.406000	226.755000	78
226.408000	226.756000	81
226.408000	228.572000	62
226.409000	228.572000	66
226.409000	228.572000	69
226.577000	226.828000	74
226.755000	226.934000	78
226.756000	226.934000	81
226.935000	227.115000	74
227.116000	227.294000	81
227.116000	227.294000	86
227.119000	227.840000	88
227.294000	227.472000	76
227.473000	227.654000	81
227.476000	227.655000	86
227.655000	227.840000	76
227.841000	228.018000	81
227.844000	228.019000	86
227.844000	228.575000	90
228.022000	228.204000	78
228.208000	228.386000	86
228.208000	228.387000	81
228.387000	228.575000	78
228.575000	228.943000	81
228.576000	228.945000	86
228.579000	230.784000	35
228.579000	230.784000	47
228.579000	232.232000	90
228.758000	229.129000	78
228.943000	229.313000	81
228.945000	229.314000	86
228.946000	229.314000	54
228.946000	229.317000	57
228.946000	230.784000	50
229.129000	229.492000	78
229.313000	229.668000	81
229.314000	229.670000	86
229.314000	230.784000	54
229.317000	230.038000	57
229.318000	230.035000	62
229.492000	229.850000	78
229.668000	230.032000	81
229.670000	230.034000	86
229.850000	230.210000	78
230.032000	230.391000	81
230.034000	230.392000	86
230.035000	230.395000	66
230.035000	230.396000	62
230.038000	230.784000	57
230.210000	230.581000	78
230.391000	230.780000	81
230.392000	230.778000	86
230.395000	230.780000	66
230.395000	230.780000	69
230.396000	230.781000	62
230.581000	230.784000	78
230.778000	231.134000	86
230.780000	231.134000	81
230.780000	232.236000	66
230.780000	232.695000	69
230.781000	232.236000	62
230.952000	231.320000	78
231.134000	231.501000	86
231.134000	231.505000	81
231.320000	231.502000	78
231.501000	232.233000	86
231.502000	231.864000	78
231.505000	231.865000	81
231.684000	232.051000	74
231.864000	232.419000	78
231.865000	232.695000	81
232.051000	232.695000	74
232.232000	232.960000	90
232.233000	232.594000	83
232.233000	232.596000	86
232.233000	232.695000	71
232.236000	232.695000	62
232.236000	232.695000	66
232.237000	232.695000	59
232.419000	232.695000	78
232.594000	232.772000	83
232.596000	232.775000	86
232.775000	232.960000	78
232.961000	233.100000	93
232.964000	233.101000	81
232.964000	233.101000	88
232.965000	233.104000	33
232.965000	233.104000	40
232.967000	233.104000	45
233.332000	233.492000	64
233.332000	233.493000	69
233.333000	233.497000	60
233.335000	233.497000	57
233.499000	233.668000	62
233.500000	233.668000	52
233.500000	233.671000	59
233.671000	233.713000	69
233.672000	233.713000	64
233.675000	233.714000	60
233.675000	233.717000	57
234.039000	234.132000	64
234.039000	234.133000	69
234.042000	234.133000	60
234.042000	234.137000	57
234.766000	234.857000	83
234.767000	234.858000	71
234.767000	234.858000	79
234.769000	234.861000	43
234.770000	234.861000	50
234.770000	234.862000	55
235.123000	235.218000	84
235.128000	235.219000	72
235.128000	235.219000	79
235.130000	235.221000	36
235.131000	235.221000	43
235.131000	235.222000	48
235.498000	235.659000	67
235.499000	235.659000	72
235.499000	235.660000	64
235.500000	235.663000	60
235.663000	235.837000	65
235.666000	235.841000	55
235.666000	235.842000	62
235.842000	235.886000	67
235.844000	235.887000	60
235.844000	235.887000	72
235.845000	235.890000	64
236.201000	236.296000	67
236.205000	236.300000	72
236.208000	236.300000	60
236.208000	236.300000	64
236.930000	237.023000	83
236.933000	237.024000	71
236.933000	237.024000	79
236.934000	237.027000	43
236.934000	237.028000	50
236.937000	237.028000	55
237.290000	237.384000	81
237.290000	237.385000	76
237.294000	237.385000	69
237.294000	237.388000	45
237.294000	237.389000	52
237.295000	237.389000	57
237.660000	237.822000	64
237.661000	237.822000	69
237.661000	237.825000	57
237.664000	237.829000	60
237.829000	238.003000	64
237.830000	238.004000	52
237.830000	238.008000	59
238.008000	238.046000	64
238.008000	238.047000	69
238.010000	238.047000	60
238.011000	238.049000	57
238.371000	238.462000	64
238.372000	238.463000	69
238.372000	238.466000	60
238.373000	238.466000	57
239.096000	239.187000	83
239.097000	239.191000	79
239.097000	239.192000	71
239.099000	239.192000	43
239.100000	239.194000	50
239.100000	239.194000	55
239.453000	239.551000	84
239.456000	239.555000	79
239.457000	239.558000	72
239.460000	239.558000	36
239.460000	239.558000	43
239.461000	239.559000	48
239.828000	239.988000	67
239.828000	239.989000	72
239.829000	239.992000	64
239.831000	239.993000	60
239.993000	240.167000	65
239.996000	240.171000	55
239.996000	240.171000	62
240.174000	240.216000	67
240.174000	240.216000	72
240.175000	240.220000	60
240.175000	240.220000	64
240.535000	240.625000	67
240.535000	240.630000	72
240.536000	240.630000	60
240.538000	240.633000	64
241.280000	241.378000	83
241.281000	241.379000	71
241.281000	241.379000	79
241.282000	241.381000	64
241.283000	241.381000	59
241.284000	241.382000	52
241.686000	241.784000	71
241.687000	241.785000	79
241.687000	241.785000	83
241.687000	241.788000	52
241.689000	241.788000	59
241.689000	241.789000	64
242.456000	242.869000	40
243.275000	243.681000	52
244.094000	246.782000	64
244.913000	246.782000	36
244.983000	246.782000	65
245.057000	246.782000	67
245.127000	246.782000	69
245.197000	246.782000	71
245.274000	246.782000	72
245.344000	246.782000	74
245.417000	246.782000	76
245.488000	246.782000	77
245.565000	246.782000	79
245.641000	246.782000	81
245.708000	246.782000	83
245.785000	246.782000	35
245.785000	246.782000	84
245.859000	246.782000	86
245.929000	246.782000	88
246.005000	246.782000	89
246.086000	246.782000	91
246.163000	246.782000	93
246.239000	246.782000	95
246.317000	246.782000	96
246.401000	246.782000	98
246.475000	246.782000	100
246.562000	246.782000	101
246.642000	246.782000	103
246.730000	247.135000	105
246.731000	247.136000	33
249.172000	249.375000	57
249.173000	249.376000	33
249.173000	249.380000	45
