OnsetTime	OffsetTime	MidiPitch
0.521985	1.504980	53
0.522991	1.505980	56
0.524989	1.700980	37
0.524989	1.701970	44
0.525982	1.701970	49
1.402980	1.801980	54
1.403980	1.805970	58
1.703970	2.333970	56
1.704970	2.327970	53
1.704970	2.334960	44
1.705980	2.334960	37
1.708970	2.334960	49
2.338970	4.031970	37
2.338970	4.031970	49
2.338970	4.031970	53
2.340970	4.031970	44
2.478970	3.472950	56
2.625980	3.471960	61
2.761970	3.471960	65
2.908980	4.031970	68
3.045970	4.031970	73
3.184960	4.031970	77
3.325970	4.031970	80
3.469950	4.066960	85
3.471960	4.067960	61
3.471960	4.069960	65
3.472950	4.073960	56
4.126960	5.095960	68
4.127960	5.095960	65
4.129960	5.291950	56
4.129960	5.294950	49
4.130950	5.295960	61
4.997950	5.396940	66
4.998960	5.397950	70
5.295960	5.928960	65
5.298950	5.929950	68
5.299950	5.929950	49
5.299950	5.930960	61
5.301950	5.931950	56
5.932960	7.667930	56
5.932960	7.667930	65
5.933950	7.667930	49
5.935950	7.667930	61
6.072940	7.066930	68
6.219950	7.063940	73
6.356950	7.066930	77
6.503960	7.667930	80
6.643940	7.667930	85
6.779940	7.667930	89
6.919940	7.667930	92
7.063940	7.720940	73
7.063940	7.720940	97
7.066930	7.721940	68
7.066930	7.724940	77
7.724940	8.885940	54
7.725930	8.886930	63
7.725930	8.889930	48
7.727930	8.886930	44
8.885940	9.506920	54
8.886930	9.508920	44
8.886930	10.517900	63
8.889930	10.667900	48
9.342930	9.506920	60
9.344930	9.509930	51
9.506920	10.667900	60
9.506920	11.095900	54
9.508920	10.668900	44
9.509930	11.276900	51
9.673920	11.276900	80
9.810920	11.276900	78
9.957910	11.276900	75
10.094900	11.276900	72
10.241900	11.276900	68
10.380900	11.276900	66
10.517900	11.276900	63
10.667900	11.276900	48
10.667900	11.276900	60
10.668900	11.273900	44
10.804900	11.276900	56
10.947900	11.276900	55
11.095900	11.276900	54
11.270900	12.440900	61
11.273900	12.439900	53
11.273900	12.442900	44
11.274900	12.441900	37
11.276900	12.442900	49
12.439900	13.058900	53
12.440900	13.783900	61
12.441900	13.064900	37
12.442900	13.062900	44
12.442900	13.062900	49
13.058900	14.066900	53
13.062900	13.926900	56
13.062900	14.214900	49
13.062900	14.350900	44
13.064900	14.658900	37
13.219900	14.854900	77
13.359900	14.854900	73
13.502900	14.854900	68
13.643900	14.854900	65
13.783900	14.854900	61
13.926900	14.851900	56
14.066900	14.854900	53
14.214900	14.854900	49
14.350900	14.854900	44
14.500900	14.853900	41
14.658900	14.854900	37
14.851900	15.946900	50
14.851900	15.946900	56
14.852900	15.672900	58
14.853900	15.947900	34
14.853900	15.949900	41
14.854900	15.949900	46
15.673900	15.949900	59
15.953900	16.519900	56
15.953900	16.519900	58
15.956900	16.523900	34
15.956900	16.523900	50
15.956900	16.524900	46
15.957900	16.524900	41
16.526900	16.655900	51
16.526900	16.792900	54
16.530900	17.751800	39
16.530900	17.751800	46
16.655900	17.751800	51
16.792900	17.615800	54
16.929900	17.618900	58
17.069900	17.615800	63
17.198900	17.475900	66
17.339900	17.751800	70
17.475900	17.751800	66
17.614900	18.255900	75
17.615800	18.256900	63
17.615800	18.258900	54
17.618900	18.259800	58
18.259800	19.323900	62
18.262900	19.326800	68
18.263800	19.067800	70
18.263800	19.327800	46
18.263800	19.327800	53
18.265900	19.330800	58
19.071800	19.330800	71
19.331800	19.893800	68
19.331800	19.894800	62
19.333800	19.894800	70
19.333800	19.896800	53
19.334800	19.897800	46
19.334800	19.897800	58
19.898900	20.027800	63
19.901800	20.160800	66
19.901800	20.972800	58
19.901800	21.276800	51
20.027800	20.972800	63
20.160800	21.276800	66
20.293800	21.276800	70
20.429800	21.276800	75
20.562800	20.828800	78
20.696800	21.276800	82
20.828800	21.276800	78
20.971800	21.377800	87
20.972800	21.541800	58
20.972800	21.542800	54
20.972800	21.542800	63
21.381800	21.545800	85
21.546800	21.675800	84
21.546800	22.606800	32
21.548800	22.607800	44
21.676800	21.814800	92
21.815800	21.941800	90
21.944800	22.074800	87
22.074800	22.206800	84
22.210800	22.336800	80
22.336800	22.470800	78
22.472800	22.607800	75
22.607800	22.731800	72
22.609800	23.114800	60
22.609800	23.127800	56
22.610800	22.865800	66
22.732800	22.866800	68
22.866800	23.128800	66
22.991800	23.128800	63
23.129800	23.267800	60
23.130800	24.240800	44
23.131800	24.240800	32
23.268800	23.404800	56
23.404800	23.537800	55
23.540800	23.677800	56
23.681800	23.816800	58
23.817800	23.950800	56
23.950800	24.093800	55
24.096800	24.682800	56
24.241800	24.684800	65
24.244800	24.832800	44
24.245800	24.833800	48
24.685800	24.835800	54
24.685800	24.836800	63
24.836800	25.245800	61
24.839800	24.976800	53
24.840800	27.107700	37
24.840800	27.107700	49
24.842800	27.107700	44
24.976800	27.107700	53
25.112800	25.918800	56
25.245800	25.918800	61
25.378800	25.920800	65
25.508800	27.107700	68
25.641800	27.107700	73
25.774800	27.107700	77
25.917800	27.107700	80
25.918800	26.512700	56
25.918800	26.513700	61
25.920800	26.509800	65
26.047800	27.107700	85
26.186700	27.107700	89
26.337800	27.107700	92
26.508700	27.177800	97
26.509800	27.180700	65
26.512700	27.180700	56
26.513700	27.181800	61
27.803700	28.269800	61
28.273700	28.426800	65
28.427700	29.425700	65
28.427700	29.767700	39
28.430800	28.713800	51
28.713800	29.284800	51
28.994800	29.569700	61
28.997700	29.568700	55
29.284800	29.767700	51
29.284800	29.767700	63
29.425700	29.767700	65
29.568700	29.767700	67
29.568700	29.855700	55
29.569700	29.855700	61
29.708700	29.856700	68
29.858700	30.005700	70
29.858700	30.149800	51
30.006700	30.152700	72
30.153700	31.915700	39
30.153700	31.915700	73
30.156700	30.436700	51
30.436700	31.014800	51
30.720800	31.297700	61
30.720800	31.300700	55
30.866700	30.958700	75
30.912700	31.297700	77
30.958700	31.150700	75
31.013700	31.915700	74
31.014800	31.594700	51
31.150700	31.915700	75
31.297700	31.915700	61
31.297700	31.915700	77
31.300700	31.915700	55
31.443700	31.915700	79
31.593700	31.915700	80
31.594700	31.915700	51
31.741800	31.915700	82
31.912700	34.653700	84
31.913700	33.708700	32
31.913700	33.708700	44
32.231700	32.812700	51
32.518700	33.104700	60
32.522700	33.104700	56
32.812700	33.257700	82
32.812700	33.411700	51
32.956700	33.411700	80
33.103700	34.653700	79
33.104700	34.296700	60
33.104700	34.297700	56
33.257700	34.653700	82
33.411700	33.999700	51
33.411700	34.653700	80
33.558700	34.653700	77
33.704700	34.887700	75
33.708700	34.653700	32
33.708700	34.653700	44
33.999700	34.593700	51
34.296700	34.653700	60
34.297700	34.653700	56
34.593700	34.888700	51
34.891700	35.329700	72
34.892700	35.178700	56
34.892700	35.179700	60
34.892700	35.329700	75
35.179700	35.485700	51
35.330700	35.486700	73
35.332700	35.486700	77
35.490700	35.780700	51
35.490700	36.365700	73
35.490700	36.366700	77
35.491700	37.233700	39
35.780700	36.366700	51
35.780700	36.652700	67
36.067700	36.652700	55
36.068700	36.653700	61
36.365700	36.928700	73
36.366700	36.928700	77
36.366700	36.929700	51
36.652700	37.520700	67
36.652700	37.817700	55
36.653700	37.818700	61
36.928700	37.229700	73
36.928700	37.232700	77
36.929700	37.232700	51
37.229700	37.818700	73
37.232700	37.523700	51
37.232700	37.818700	77
37.233700	37.818700	39
37.520700	37.818700	67
37.523700	37.818700	51
37.817700	38.104700	55
37.818700	38.105700	61
38.105700	38.401700	65
38.108700	38.402700	51
38.108700	38.402700	73
38.403700	38.688700	63
38.405700	38.692700	72
38.406700	38.692700	55
38.692700	38.993700	61
38.695700	38.993700	70
38.696700	38.994700	51
38.994700	39.578700	60
38.997700	40.725600	44
38.997700	40.726600	32
39.144700	41.754600	72
39.291700	39.872700	51
39.578700	40.156600	60
39.581700	40.156600	56
39.872700	40.292600	70
39.872700	40.436600	51
40.015600	40.435600	68
40.155600	41.754600	67
40.156600	41.303600	56
40.156600	41.304600	60
40.292600	41.754600	70
40.435600	41.754600	68
40.436600	41.013600	51
40.575600	41.754600	65
40.723600	41.881600	63
40.725600	41.754600	44
40.726600	41.754600	32
41.013600	41.595600	51
41.303600	41.754600	56
41.304600	41.754600	60
41.595600	41.884600	51
41.884600	42.335600	63
41.885600	42.185600	56
41.888600	42.185600	60
42.186600	42.497600	51
42.336600	42.500600	65
42.500600	43.498600	65
42.501600	42.791600	51
42.501600	43.837600	39
42.791600	43.356600	51
43.068600	43.645600	55
43.068600	43.645600	61
43.355600	43.837600	63
43.356600	43.837600	51
43.498600	43.837600	65
43.645600	43.837600	67
43.645600	43.931600	61
43.645600	43.932600	55
43.788600	43.932600	68
43.936600	44.075600	70
43.936600	44.228600	51
44.075600	44.229600	72
44.229600	45.987600	73
44.230600	45.987600	39
44.232600	44.514600	51
44.514600	45.087600	51
44.796600	45.370600	55
44.797600	45.370600	61
44.937600	45.028600	75
44.982600	45.367600	77
45.028600	45.220600	75
45.083600	45.987600	74
45.087600	45.672600	51
45.220600	45.987600	75
45.367600	45.987600	77
45.370600	45.987600	55
45.370600	45.987600	61
45.517600	45.987600	79
45.671600	45.987600	80
45.672600	45.987600	51
45.818600	45.987600	82
45.983600	47.795600	44
45.983600	48.755600	84
45.986600	47.796600	32
46.302600	46.886600	51
46.591600	47.173600	60
46.592600	47.173600	56
46.883600	47.330600	82
46.886600	47.488600	51
47.026600	47.487600	80
47.173600	48.398600	56
47.173600	48.399600	60
47.173600	48.755600	79
47.330600	48.755600	82
47.487600	48.755600	80
47.488600	48.100600	51
47.638600	48.755600	77
47.792600	48.989600	75
47.795600	48.755600	44
47.796600	48.755600	32
48.100600	48.693600	51
48.398600	48.755600	56
48.399600	48.755600	60
48.693600	48.989600	51
48.990600	49.427600	72
48.993600	49.283600	56
48.993600	49.284600	60
48.993600	49.430600	75
49.287600	49.591600	51
49.431500	49.591600	73
49.434600	49.595600	77
49.595600	50.466500	73
49.596500	49.882500	51
49.596500	50.463500	77
49.598500	51.341500	39
49.881500	50.749500	67
49.882500	50.467500	51
50.173500	50.750600	55
50.175500	50.750600	61
50.463500	51.036500	77
50.466500	51.033600	73
50.467500	51.037500	51
50.749500	51.621500	67
50.750600	51.916500	61
50.750600	51.919500	55
51.033600	51.338500	73
51.036500	51.338500	77
51.037500	51.339500	51
51.338500	51.919500	73
51.338500	51.919500	77
51.339500	51.625500	51
51.341500	51.919500	39
51.621500	51.919500	67
51.625500	51.919500	51
51.916500	52.202500	61
51.919500	52.206500	55
52.206500	52.352500	65
52.209500	52.353500	73
52.209500	52.500500	51
52.500500	52.642500	63
52.501500	52.643500	72
52.503500	52.790500	55
52.790500	52.944500	70
52.791500	52.948500	61
52.793500	53.098500	51
53.098500	53.696500	60
53.099500	53.847500	68
53.101500	53.249500	44
53.101500	53.249500	56
53.406500	53.697500	51
53.697500	53.990600	56
53.700500	53.991500	60
53.847500	53.995500	63
53.995500	54.138500	68
53.998500	54.288500	51
54.139500	54.289500	72
54.289500	54.431500	75
54.291500	54.579500	60
54.292500	54.579500	56
54.435500	54.580500	80
54.582500	54.729500	84
54.582500	54.873500	51
54.730600	54.873500	87
54.869500	55.019500	92
54.876500	55.464500	60
54.877500	55.468500	56
55.026500	55.135500	80
55.163500	55.313500	80
55.321500	55.433500	92
55.468500	55.612500	92
55.611500	55.719500	80
55.758500	55.902500	80
55.913500	56.024500	92
56.056500	56.203500	92
56.203500	56.314500	80
56.342500	56.486500	80
56.493500	57.553500	61
56.500500	56.608500	92
56.570500	57.558500	65
56.640500	57.558500	68
56.643500	56.791500	92
56.784500	56.893500	80
56.923500	57.067500	80
57.067500	57.172500	92
57.214500	57.358500	92
57.362500	57.470500	80
57.498500	57.644500	80
57.505500	57.844500	70
57.644500	57.753500	92
57.792500	58.257500	65
57.795500	58.258500	61
57.795500	58.258500	68
57.799500	57.956500	92
57.952500	58.068500	80
58.096500	58.250500	80
58.253500	58.380500	92
58.261500	60.011500	56
58.338500	60.014500	61
58.422500	58.565500	92
58.429500	60.014500	65
58.572500	58.681500	80
58.716500	58.862500	80
58.863500	58.971500	92
59.006500	59.150500	92
59.154500	59.258500	80
59.286500	59.430500	80
59.437500	59.548500	92
59.580500	59.727500	92
59.727500	59.836500	80
59.863500	60.011500	80
60.015500	61.092500	61
60.018500	60.140500	92
60.095500	61.093500	65
60.171500	61.093500	68
60.178500	60.326500	92
60.326500	60.435500	80
60.469500	60.609500	80
60.609500	60.714500	92
60.760500	60.907500	92
60.906500	61.008500	80
61.047500	61.330500	70
61.050500	61.193500	80
61.197500	61.299500	92
61.330500	61.789500	65
61.331500	61.789500	68
61.331500	61.792500	61
61.334500	61.484500	92
61.480500	61.596500	80
61.638500	61.793500	80
61.788500	61.908500	92
61.793500	63.700400	56
61.876500	63.700400	61
61.957500	63.701400	65
61.960500	62.107500	92
62.100500	62.205500	80
62.251500	62.391500	80
62.398500	62.506500	92
62.541500	62.688500	92
62.688500	62.789500	80
62.828500	62.972400	80
62.965400	63.077400	92
63.104500	63.252500	92
63.252500	63.361400	80
63.405400	63.553400	80
63.472400	64.603400	66
63.542400	63.658400	92
63.546400	64.680400	68
63.623400	64.763400	72
63.697400	63.836400	82
63.703400	64.855500	75
63.773400	63.910400	80
63.836400	63.976400	82
63.910400	64.042400	80
63.976400	64.109400	82
64.042400	64.186400	80
64.109400	64.249400	82
64.186400	64.313400	80
64.249400	64.375400	82
64.313400	64.455400	80
64.375400	64.526400	82
64.455400	64.604400	80
64.526400	64.679400	82
64.603400	65.323500	66
64.604400	64.760400	80
64.679400	64.848500	82
64.680400	65.407500	68
64.760400	64.932500	80
64.763400	65.495500	72
64.848500	65.001500	82
64.855500	67.123500	75
64.932500	65.085500	80
65.001500	65.170500	82
65.085500	65.247500	80
65.170500	65.317500	82
65.247500	65.404500	80
65.248500	67.123500	63
65.317500	65.492500	82
65.323500	67.123500	66
65.404500	65.562500	80
65.407500	67.123500	68
65.492500	65.636500	82
65.495500	67.123500	72
65.562500	65.708500	80
65.636500	65.768500	82
65.708500	65.838500	80
65.768500	65.898500	82
65.838500	65.974500	80
65.898500	66.037500	82
65.974500	66.108500	80
66.037500	66.171500	82
66.108500	66.244500	80
66.171500	66.314500	82
66.244500	66.384500	80
66.314500	66.447500	82
66.384500	66.517500	80
66.447500	66.602500	82
66.517500	66.667500	80
66.602500	66.752500	82
66.667500	66.822500	80
66.752500	66.892500	82
66.892500	67.042500	82
66.959500	67.123500	80
67.042500	67.158500	82
67.043500	68.194500	65
67.124500	67.283500	80
67.126500	68.277500	68
67.214500	68.365500	73
67.228500	67.360500	82
67.283500	67.427500	80
67.360500	67.497500	82
67.427500	67.564500	80
67.497500	67.626500	82
67.564500	67.696500	80
67.626500	67.760500	82
67.696500	67.830500	80
67.760500	67.911600	82
67.830500	67.969500	80
67.911600	68.043500	82
67.969500	68.113500	80
68.043500	68.197500	82
68.113500	68.274500	80
68.194500	68.928600	65
68.197500	68.358500	82
68.274500	68.449500	80
68.277500	69.003600	68
68.358500	68.519500	82
68.365500	70.367600	73
68.449500	68.603500	80
68.519500	68.687500	82
68.603500	68.771500	80
68.687500	68.852600	82
68.771500	68.932600	80
68.850600	70.501600	61
68.852600	69.002600	82
68.928600	70.504600	65
68.932600	69.072500	80
69.002600	69.149600	82
69.003600	70.504600	68
69.072500	69.212600	80
69.149600	69.275600	82
69.212600	69.352600	80
69.275600	69.422600	82
69.352600	69.478600	80
69.422600	69.548600	82
69.478600	69.611600	80
69.548600	69.688600	82
69.611600	69.751600	80
69.688600	69.818600	82
69.751600	69.881600	80
69.818600	69.943600	82
69.881600	70.014600	80
69.943600	70.084600	82
70.014600	70.154600	80
70.084600	70.223600	82
70.154600	70.304600	80
70.223600	70.367600	82
70.304600	70.395600	80
70.368600	70.462600	82
70.430600	70.525600	80
70.501600	70.587600	82
70.505600	71.553600	61
70.571600	70.661600	80
70.571600	71.554600	65
70.633600	71.554600	68
70.640600	70.787600	92
70.784600	70.893600	80
70.923600	71.067600	80
71.064600	71.176600	92
71.207600	71.354600	92
71.358600	71.467600	80
71.498600	71.645600	80
71.505600	71.844600	70
71.645600	71.750600	92
71.789600	72.254600	65
71.789600	72.257600	68
71.792600	72.258600	61
71.803600	71.949600	92
71.946600	72.061600	80
72.097600	72.250600	80
72.251600	72.376600	92
72.258600	74.014600	56
72.341600	74.014600	61
72.422600	72.568600	92
72.429600	74.015600	65
72.569600	72.677600	80
72.712600	72.862600	80
72.863600	72.968600	92
73.003600	73.149600	92
73.150600	73.258600	80
73.286600	73.434600	80
73.441600	73.549600	92
73.580600	73.724600	92
73.724600	73.832600	80
73.863600	74.007600	80
74.018600	74.134600	92
74.018600	75.085500	61
74.095600	75.089500	65
74.175500	75.089500	68
74.182500	74.326600	92
74.329600	74.430600	80
74.465500	74.609600	80
74.606600	74.715600	92
74.763500	74.907500	92
74.900500	75.012500	80
75.040500	75.331500	70
75.047500	75.194500	80
75.195500	75.302500	92
75.331500	75.788500	65
75.334500	75.488500	92
75.334500	75.789500	61
75.334500	75.789500	68
75.477500	75.589500	80
75.631500	75.792500	80
75.781500	75.911500	92
75.793500	77.465500	56
75.869500	77.469500	61
75.957500	77.470500	65
75.964500	76.107500	92
76.096500	76.205500	80
76.247500	76.394500	80
76.395500	76.506500	92
76.538500	76.682500	92
76.685500	76.790500	80
76.821500	76.969500	80
76.969500	77.073500	92
77.108500	77.252500	92
77.252500	77.356500	80
77.402500	77.556500	80
77.472500	78.623500	56
77.542500	77.658500	92
77.542500	78.624500	60
77.623500	78.624500	63
77.693500	78.625500	66
77.699500	77.787500	82
77.763500	77.850500	80
77.822500	77.910500	82
77.896500	77.983500	80
77.963500	78.046500	82
78.018500	78.106500	80
78.095500	78.179500	82
78.151500	78.239500	80
78.228500	78.316500	82
78.285500	78.378500	80
78.347500	78.438500	82
78.414500	78.505500	80
78.477500	78.568500	82
78.557500	78.655500	80
78.628500	78.739500	82
78.628500	79.230500	56
78.697500	78.802500	80
78.704500	79.233500	61
78.785500	79.237500	65
78.792500	78.890500	82
78.865500	78.964500	80
78.936500	79.033500	82
79.005500	79.103500	80
79.075500	79.180500	82
79.159500	79.261500	80
79.237500	79.330500	82
79.238500	80.231500	56
79.299500	79.394500	80
79.306500	80.231500	60
79.376500	80.231500	63
79.377500	79.464500	82
79.446500	79.534500	80
79.506500	79.590500	82
79.569500	79.652500	80
79.638500	79.719500	82
79.702500	79.782600	80
79.765600	79.845600	82
79.821500	79.912600	80
79.888500	79.975600	82
79.944600	80.038500	80
80.020600	80.115500	82
80.097500	80.189500	80
80.153500	80.248500	82
80.234500	80.328500	80
80.234500	80.833600	53
80.301500	80.409500	82
80.301500	80.833600	59
80.381500	80.486500	80
80.382500	80.836500	62
80.458500	80.556600	82
80.461500	80.836500	65
80.542500	80.637600	80
80.612600	80.717600	82
80.682500	80.787500	80
80.759500	80.857600	82
80.840600	80.934600	80
80.840600	82.740500	56
80.903600	81.004500	82
80.903600	82.740500	60
80.979600	82.741500	63
80.982500	81.053600	80
81.056600	81.193600	80
81.057500	82.741500	66
81.193600	81.340600	82
81.341600	81.484500	84
81.487500	81.623500	85
81.624500	81.767600	87
81.770500	81.907500	89
81.911600	82.047500	90
82.048500	82.187500	92
82.187500	82.327500	94
82.328500	82.464500	92
82.467500	82.599500	90
82.600500	82.743500	89
82.743500	82.876500	87
82.877500	83.016500	85
83.017500	83.150500	84
83.153500	83.289500	82
83.293500	83.423500	80
83.423500	83.562500	78
83.563500	83.695500	77
83.699500	83.836500	75
83.836500	83.968500	73
83.969500	84.102500	72
84.105500	84.234500	70
84.235500	84.371500	68
84.371500	84.508500	66
84.510500	84.637500	65
84.638500	84.770500	63
84.770500	84.903500	61
84.904500	85.036500	60
85.040500	85.168500	58
85.173500	85.298500	56
85.299500	85.432500	54
85.432500	85.536500	53
85.537500	85.645400	51
85.648400	85.757400	49
85.757400	85.872500	48
85.873400	85.995400	46
85.995400	87.230500	32
85.996500	87.231400	44
87.846500	88.791400	68
88.738400	89.096500	70
89.037500	91.423500	68
89.691500	91.424500	60
89.695500	91.424500	54
89.695500	91.427500	51
89.697500	91.428500	44
91.428500	92.351400	68
92.306400	92.644500	70
92.595500	94.944500	68
93.216500	94.949500	53
93.216500	94.949500	61
93.219500	94.951500	44
94.952400	95.876500	68
95.827500	96.177500	70
96.124500	98.774500	68
96.733500	98.011500	62
96.737500	98.014500	47
96.737500	98.014500	53
96.737500	98.015500	44
98.018500	98.774500	48
98.018500	98.774500	63
98.019500	98.775500	54
98.019500	98.776500	44
98.777500	102.137000	60
98.777500	102.140000	66
98.778500	102.140000	68
98.780500	102.141000	56
98.781500	102.144000	44
98.781500	102.144000	51
102.788000	103.722000	68
102.789000	103.723000	65
102.789000	103.968000	56
102.791000	103.968000	61
102.792000	103.970000	49
103.677000	104.020000	70
103.678000	104.021000	66
103.971000	104.605000	65
103.971000	104.657000	68
103.972000	104.601000	61
103.975000	104.608000	49
103.975000	104.608000	56
104.608000	106.323000	61
104.612000	106.324000	65
104.612000	106.326000	56
104.612000	106.327000	49
106.368000	107.299000	68
106.372000	107.300000	65
106.373000	107.548000	61
106.373000	107.552000	56
106.375000	107.552000	49
107.254000	107.600000	66
107.255000	107.604000	70
107.553000	108.182000	65
107.556000	108.175000	61
107.556000	108.182000	49
107.556000	108.234000	68
107.557000	108.182000	56
108.185000	109.942000	61
108.185000	109.943000	65
108.186000	109.943000	56
108.189000	109.943000	49
109.988000	111.167000	75
109.989000	111.168000	60
109.989000	111.168000	66
109.991000	111.169000	56
111.170000	111.786000	66
111.171000	111.566000	75
111.171000	111.567000	60
111.172000	111.787000	56
111.619000	111.790000	72
111.619000	111.791000	63
111.791000	113.498000	66
111.792000	113.501000	72
111.794000	113.502000	56
111.794000	113.502000	63
113.551000	114.723000	65
113.554000	114.724000	73
113.554000	114.726000	61
113.555000	114.727000	49
114.727000	115.347000	65
114.731000	115.129000	73
114.731000	115.347000	61
114.731000	115.348000	49
115.185000	115.348000	68
115.350000	117.057000	68
115.350000	117.058000	65
115.351000	117.058000	61
115.354000	117.061000	49
117.110000	118.282000	66
117.111000	118.283000	54
117.111000	118.283000	70
117.114000	118.287000	61
118.287000	118.903000	70
118.287000	118.906000	66
118.288000	118.906000	54
118.290000	118.907000	61
118.910000	119.830000	73
118.910000	119.833000	70
118.911000	120.064000	54
118.913000	120.068000	61
119.784000	120.117000	68
119.788000	120.117000	72
120.069000	120.680000	66
120.069000	120.681000	61
120.069000	120.681000	70
120.071000	120.684000	54
120.685000	121.607000	68
120.685000	121.608000	65
120.687000	121.842000	61
120.687000	121.843000	49
121.562000	121.894000	66
121.563000	121.895000	70
121.843000	122.508000	68
121.844000	122.462000	65
121.846000	122.459000	61
121.846000	122.462000	49
122.462000	124.173000	61
122.466000	124.174000	65
122.466000	124.176000	56
122.466000	124.177000	49
124.226000	125.399000	70
124.230000	125.401000	66
124.230000	125.402000	54
124.230000	125.402000	61
125.406000	126.022000	66
125.406000	126.022000	70
125.407000	126.023000	54
125.409000	126.025000	61
126.025000	126.949000	70
126.026000	126.949000	73
126.029000	127.180000	54
126.029000	127.183000	61
126.903000	127.232000	72
126.904000	127.236000	68
127.184000	127.796000	66
127.187000	127.799000	70
127.187000	127.800000	61
127.188000	127.800000	54
127.803000	128.705000	68
127.804000	128.710000	65
127.804000	128.941000	49
127.804000	128.941000	61
128.661000	128.993000	66
128.661000	128.993000	70
128.944000	129.556000	65
128.944000	129.606000	68
128.945000	129.556000	61
128.948000	129.557000	49
129.560000	131.275000	61
129.560000	131.275000	65
129.561000	131.276000	56
129.561000	131.279000	49
131.323000	132.500000	66
131.328000	132.500000	75
131.328000	132.501000	56
131.331000	132.504000	60
132.504000	133.130000	75
132.505000	133.134000	66
132.507000	133.134000	60
132.507000	133.137000	56
133.137000	134.302000	66
133.138000	134.061000	78
133.138000	134.303000	60
133.141000	134.306000	56
134.012000	134.362000	75
134.306000	134.936000	66
134.310000	134.939000	72
134.310000	134.940000	56
134.310000	134.940000	63
134.944000	136.910000	73
134.944000	138.037000	56
134.944000	138.037000	65
134.946000	138.038000	61
134.947000	138.041000	49
136.864000	138.041000	68
136.865000	138.042000	77
138.621000	139.556000	73
138.625000	139.801000	65
138.625000	139.802000	49
138.628000	139.802000	61
138.628000	139.804000	56
139.510000	139.853000	68
139.805000	140.416000	65
139.808000	140.417000	61
139.809000	140.417000	56
139.809000	140.420000	49
140.421000	141.299000	65
140.424000	141.590000	60
140.425000	141.347000	68
140.425000	141.590000	44
140.425000	141.591000	56
141.299000	141.593000	63
141.300000	141.646000	66
141.593000	142.262000	63
141.594000	142.265000	60
141.597000	142.265000	54
141.597000	142.266000	44
142.293000	143.228000	77
142.293000	143.469000	68
142.293000	143.472000	65
142.296000	143.473000	61
142.297000	143.476000	49
142.297000	143.476000	56
143.175000	143.518000	73
143.477000	143.759000	65
143.477000	143.819000	68
143.479000	144.081000	61
143.479000	144.082000	56
143.480000	144.082000	49
143.763000	144.082000	65
144.085000	145.247000	60
144.086000	145.002000	70
144.086000	145.247000	66
144.088000	145.248000	44
144.089000	145.251000	51
144.089000	145.251000	56
144.956000	145.299000	68
145.251000	145.849000	60
145.254000	145.589000	63
145.254000	145.853000	44
145.254000	145.853000	54
145.537000	145.854000	65
145.856000	146.470000	49
145.856000	148.939000	61
145.857000	146.469000	53
146.469000	147.092000	53
146.469000	147.093000	44
146.470000	147.093000	49
146.472000	147.095000	37
147.092000	147.708000	53
147.093000	147.708000	44
147.093000	147.709000	49
147.095000	147.709000	37
147.708000	148.940000	44
147.708000	148.940000	53
147.709000	148.943000	37
147.709000	148.944000	49
149.559000	150.739000	56
149.562000	151.362000	49
149.563000	151.359000	37
149.854000	150.448000	61
149.854000	150.449000	68
149.855000	150.452000	65
150.448000	151.033000	61
150.448000	151.407000	58
150.449000	151.034000	68
150.452000	151.033000	65
150.739000	151.407000	56
151.033000	151.407000	61
151.033000	151.407000	65
151.034000	151.407000	68
151.358000	153.139000	53
151.359000	152.933000	37
151.362000	152.933000	49
151.646000	152.240000	61
151.649000	152.241000	65
151.649000	152.241000	68
152.240000	152.828000	61
152.241000	152.825000	68
152.241000	152.828000	65
152.825000	153.143000	68
152.828000	153.144000	65
152.828000	153.146000	61
153.147000	154.319000	56
153.147000	154.936000	49
153.150000	154.935000	37
153.441000	154.030000	65
153.441000	154.032000	61
153.442000	154.029000	68
154.029000	154.617000	68
154.029000	155.156000	58
154.030000	154.613000	65
154.032000	154.617000	61
154.319000	155.156000	56
154.613000	155.156000	65
154.617000	155.156000	61
154.617000	155.156000	68
154.935000	155.226000	37
154.935000	156.713000	53
154.936000	155.226000	49
155.229000	155.817000	68
155.230000	155.815000	65
155.230000	155.817000	61
155.815000	156.401000	65
155.817000	156.402000	61
155.817000	156.405000	68
156.401000	156.714000	65
156.402000	156.714000	61
156.405000	156.715000	68
156.717000	157.893000	63
156.717000	158.505000	32
156.717000	158.505000	44
157.011000	157.597000	68
157.011000	157.599000	66
157.597000	158.184000	68
157.599000	158.183000	66
157.893000	158.558000	63
158.183000	158.558000	66
158.184000	158.558000	68
158.338000	158.503000	60
158.503000	160.283000	60
158.505000	160.108000	32
158.505000	160.108000	44
158.793000	159.385000	66
158.793000	159.386000	68
159.385000	159.971000	66
159.386000	159.969000	68
159.969000	160.284000	68
159.971000	160.284000	66
160.285000	161.463000	61
160.286000	162.075000	49
160.287000	162.075000	37
160.581000	161.166000	65
160.581000	161.169000	68
161.166000	161.758000	65
161.169000	161.760000	68
161.463000	162.100000	61
161.758000	162.100000	65
161.760000	162.100000	68
161.915000	162.073000	56
162.073000	163.853000	56
162.075000	163.678000	37
162.075000	163.678000	49
162.369000	162.955000	68
162.369000	162.957000	65
162.955000	163.541000	68
162.957000	163.539000	65
163.539000	163.854000	65
163.541000	163.854000	68
163.856000	165.029000	58
163.857000	165.650000	42
163.857000	165.652000	30
164.151000	164.738000	70
164.151000	164.739000	61
164.152000	164.739000	66
164.738000	165.330000	70
164.739000	165.330000	66
164.739000	165.331000	61
165.029000	165.712000	58
165.330000	165.712000	66
165.330000	165.712000	70
165.331000	165.649000	61
165.649000	167.434000	61
165.650000	167.434000	42
165.652000	167.434000	30
165.939000	166.534000	66
165.939000	166.534000	70
166.532000	167.434000	60
166.534000	167.116000	66
166.534000	167.118000	70
166.819000	167.434000	58
167.116000	167.434000	66
167.118000	167.434000	70
167.431000	168.607000	56
167.434000	169.222000	37
167.434000	169.222000	49
167.725000	168.317000	61
167.727000	168.316000	68
167.728000	168.319000	65
168.316000	168.908000	68
168.316000	169.233000	58
168.317000	168.907000	61
168.319000	168.907000	65
168.607000	169.233000	56
168.907000	169.233000	61
168.907000	169.233000	65
168.908000	169.233000	68
169.220000	170.996000	53
169.222000	170.734000	37
169.222000	170.734000	49
169.507000	170.104000	61
169.509000	170.104000	68
169.510000	170.102000	65
170.102000	170.688000	65
170.104000	170.689000	61
170.104000	170.689000	68
170.688000	171.000000	65
170.689000	171.001000	61
170.689000	171.001000	68
171.003000	172.170000	58
171.004000	172.792000	30
171.004000	172.792000	42
171.291000	171.886000	66
171.291000	171.886000	70
171.292000	171.883000	61
171.883000	172.470000	61
171.886000	172.470000	66
171.886000	172.471000	70
172.170000	172.925000	58
172.470000	172.789000	61
172.470000	172.925000	66
172.471000	172.925000	70
172.789000	174.591000	61
172.792000	174.591000	30
172.792000	174.591000	42
173.084000	173.674000	66
173.086000	173.674000	70
173.672000	174.591000	60
173.674000	174.258000	66
173.674000	174.259000	70
173.966000	174.591000	58
174.258000	174.591000	66
174.259000	174.591000	70
174.578000	175.747000	56
174.578000	176.362000	37
174.580000	176.363000	49
174.865000	175.463000	61
174.867000	175.463000	68
174.868000	175.463000	65
175.460000	176.391000	58
175.463000	176.048000	61
175.463000	176.048000	65
175.463000	176.049000	68
175.747000	176.391000	56
176.048000	176.391000	61
176.048000	176.391000	65
176.049000	176.391000	68
176.359000	178.136000	53
176.362000	177.885000	37
176.363000	177.885000	49
176.647000	177.244000	61
176.649000	177.242000	68
176.649000	177.244000	65
177.242000	177.830000	68
177.244000	177.830000	65
177.244000	177.831000	61
177.830000	178.137000	65
177.830000	178.140000	68
177.831000	178.141000	61
178.143000	179.317000	63
178.144000	179.929000	32
178.144000	179.929000	44
178.435000	179.026000	72
178.437000	179.026000	66
178.438000	179.026000	68
179.026000	179.611000	66
179.026000	179.612000	68
179.026000	179.612000	72
179.317000	179.957000	63
179.611000	179.926000	66
179.612000	179.957000	68
179.612000	179.957000	72
179.926000	181.399000	66
179.929000	181.722000	32
179.929000	181.722000	44
180.224000	180.814000	72
180.226000	180.814000	68
180.812000	181.722000	63
180.814000	181.400000	68
180.814000	181.400000	72
181.102000	181.722000	60
181.399000	181.722000	66
181.400000	181.722000	68
181.400000	181.722000	72
181.717000	183.617000	61
181.718000	183.520000	37
181.721000	183.520000	49
182.012000	182.607000	65
182.014000	182.606000	68
182.015000	182.607000	73
182.606000	183.199000	68
182.607000	183.198000	65
182.607000	183.198000	73
183.198000	183.517000	65
183.198000	183.617000	73
183.199000	183.617000	68
183.517000	185.070000	65
183.520000	183.814000	49
183.520000	183.818000	37
183.818000	184.417000	73
183.821000	184.417000	77
183.821000	184.419000	68
184.417000	185.022000	73
184.417000	185.022000	77
184.419000	185.020000	68
185.020000	185.333000	68
185.022000	185.334000	73
185.022000	185.334000	77
185.334000	186.218000	61
185.336000	187.136000	37
185.337000	187.136000	49
185.631000	186.219000	65
185.631000	186.219000	68
186.216000	187.129000	56
186.218000	186.810000	61
186.219000	186.808000	68
186.219000	186.810000	65
186.509000	187.136000	53
186.808000	187.136000	68
186.810000	187.136000	61
186.810000	187.136000	65
187.129000	188.627000	56
187.130000	188.948000	44
187.132000	188.948000	32
187.423000	188.033000	68
187.426000	188.032000	60
187.426000	188.948000	65
188.029000	188.948000	54
188.032000	188.627000	60
188.032000	188.948000	63
188.033000	188.948000	68
188.322000	188.948000	51
188.626000	188.948000	66
188.627000	188.948000	56
188.627000	188.948000	60
188.946000	192.133000	49
188.948000	190.863000	37
189.263000	189.904000	65
189.264000	189.901000	56
189.264000	189.904000	61
189.901000	190.542000	56
189.904000	190.541000	65
189.904000	190.544000	61
190.541000	191.496000	65
190.542000	191.496000	56
190.544000	191.496000	61
190.863000	192.134000	37
192.137000	192.708000	65
192.641000	192.711000	61
192.711000	193.866000	65
192.714000	194.465000	46
192.715000	194.503000	34
193.002000	194.160000	53
193.289000	193.867000	58
193.576000	194.503000	66
193.577000	194.462000	61
193.866000	194.503000	65
193.867000	194.468000	58
194.160000	194.503000	53
194.462000	195.077000	61
194.465000	195.077000	46
194.465000	195.077000	73
194.468000	195.077000	58
194.738000	195.077000	65
195.015000	195.605000	72
195.017000	195.605000	63
195.018000	195.605000	48
195.018000	195.605000	57
195.291000	195.605000	65
195.568000	196.060000	61
195.570000	196.134000	70
195.571000	196.060000	49
195.571000	196.060000	58
195.854000	196.135000	65
196.064000	196.135000	63
196.138000	197.807000	41
196.138000	199.158000	70
196.139000	196.421000	53
196.421000	197.531000	53
196.698000	197.257000	57
196.982000	197.254000	69
196.985000	197.730000	63
197.254000	199.158000	69
197.257000	198.364000	57
197.528000	199.158000	72
197.531000	198.088000	53
197.730000	198.665000	63
197.804000	198.963000	65
197.805000	199.158000	29
197.807000	199.158000	41
198.088000	199.158000	53
198.364000	198.966000	57
198.665000	199.158000	63
198.963000	199.532000	65
198.966000	199.245000	57
199.246000	199.533000	53
199.463000	199.533000	61
199.534000	200.664000	65
199.536000	201.233000	34
199.537000	201.233000	46
199.816000	200.958000	53
200.100000	200.667000	58
200.380000	201.233000	66
200.381000	201.233000	61
200.664000	201.247000	65
200.667000	201.233000	58
200.958000	201.248000	53
201.251000	201.808000	61
201.252000	201.808000	58
201.252000	201.808000	73
201.255000	201.808000	46
201.525000	201.808000	65
201.801000	202.392000	63
201.804000	202.392000	72
201.805000	202.392000	48
201.805000	202.392000	57
202.075000	202.392000	65
202.354000	202.728000	61
202.355000	202.924000	70
202.357000	202.728000	49
202.357000	202.728000	58
202.641000	202.928000	65
202.850000	202.928000	63
202.929000	206.323000	70
202.931000	203.207000	53
202.931000	204.591000	41
203.207000	204.317000	53
203.485000	204.044000	57
203.768000	204.041000	69
203.771000	204.513000	63
204.041000	206.323000	69
204.044000	205.157000	57
204.315000	206.323000	72
204.317000	204.591000	53
204.513000	205.452000	63
204.590000	205.749000	65
204.591000	204.874000	53
204.591000	206.323000	41
204.874000	206.033000	53
205.157000	205.752000	57
205.452000	206.323000	63
205.749000	206.319000	65
205.752000	206.323000	57
206.033000	206.323000	53
206.246000	206.323000	61
206.319000	207.449000	65
206.320000	208.062000	46
206.323000	208.062000	34
206.603000	207.747000	53
206.886000	207.453000	58
207.171000	208.062000	66
207.173000	208.062000	61
207.449000	208.038000	65
207.453000	208.062000	58
207.747000	208.062000	53
208.037000	208.597000	77
208.038000	208.597000	37
208.038000	208.597000	65
208.041000	208.597000	49
208.314000	208.597000	70
208.315000	208.597000	73
208.591000	209.137000	75
208.595000	209.138000	48
208.595000	209.138000	63
208.595000	209.140000	36
208.864000	209.140000	72
208.867000	209.144000	69
209.144000	209.714000	73
209.145000	209.715000	46
209.145000	209.715000	61
209.147000	209.715000	34
209.420000	209.620000	65
209.420000	209.620000	70
209.569000	211.434000	63
209.637000	211.496000	66
209.717000	210.848000	72
209.718000	209.998000	51
209.718000	211.496000	39
209.998000	211.139000	51
210.275000	210.848000	54
210.565000	211.496000	60
210.565000	211.496000	73
210.848000	211.496000	54
210.848000	211.496000	72
211.139000	211.496000	51
211.434000	211.982000	75
211.434000	211.983000	63
211.436000	211.985000	48
211.436000	211.986000	36
211.702000	211.986000	66
211.703000	211.986000	72
211.987000	212.608000	61
211.989000	212.608000	73
211.990000	212.608000	49
211.993000	212.608000	37
212.255000	212.608000	65
212.256000	212.608000	70
212.539000	213.145000	72
212.542000	213.145000	60
212.543000	213.145000	51
212.543000	213.147000	39
212.816000	213.053000	63
212.819000	213.053000	66
212.900000	213.053000	58
212.984000	213.060000	61
213.060000	213.148000	65
213.148000	214.258000	70
213.149000	213.421000	53
213.151000	214.590000	41
213.421000	214.559000	53
213.701000	214.261000	58
213.981000	214.590000	61
214.258000	214.859000	70
214.261000	214.590000	58
214.559000	214.862000	53
214.709000	214.785000	58
214.786000	214.863000	64
214.866000	215.861000	70
214.867000	215.146000	54
214.867000	216.585000	42
215.146000	216.294000	54
215.433000	216.585000	60
215.724000	216.581000	72
215.724000	216.585000	64
215.861000	216.291000	70
216.007000	216.585000	58
216.007000	216.585000	69
216.291000	216.585000	70
216.294000	216.585000	54
216.581000	220.121000	72
216.582000	218.303000	41
216.585000	216.865000	53
216.865000	218.006000	53
217.149000	217.725000	65
217.151000	217.726000	57
217.439000	218.882000	60
217.725000	218.300000	65
217.726000	219.483000	57
218.006000	218.583000	53
218.300000	218.881000	65
218.303000	218.882000	41
218.583000	219.178000	53
218.881000	219.484000	65
218.882000	219.486000	60
218.882000	219.487000	41
218.882000	220.121000	63
219.178000	219.799000	53
219.483000	220.121000	57
219.484000	220.117000	65
219.486000	220.121000	60
219.487000	220.121000	41
219.799000	220.121000	53
220.032000	220.121000	61
220.117000	221.255000	65
220.120000	221.838000	46
220.120000	221.877000	34
220.400000	221.544000	53
220.684000	221.258000	58
220.971000	221.835000	61
220.971000	221.877000	66
221.255000	221.877000	65
221.258000	221.838000	58
221.544000	221.877000	53
221.835000	222.377000	61
221.836000	222.384000	73
221.838000	222.377000	46
221.838000	222.377000	58
222.116000	222.385000	65
222.385000	222.937000	72
222.389000	222.906000	48
222.389000	222.906000	57
222.389000	222.906000	63
222.667000	222.938000	65
222.938000	223.515000	70
222.939000	223.518000	61
222.941000	223.518000	49
222.941000	223.518000	58
223.225000	223.518000	65
223.441000	223.518000	63
223.515000	223.791000	53
223.515000	226.911000	70
223.516000	225.174000	41
223.791000	224.901000	53
224.076000	224.625000	57
224.355000	224.625000	69
224.356000	226.038000	63
224.625000	225.741000	57
224.625000	226.911000	69
224.901000	225.459000	53
224.901000	226.911000	72
225.100000	226.833000	61
225.174000	226.340000	65
225.174000	226.911000	41
225.178000	226.911000	29
225.459000	226.617000	53
225.741000	226.340000	57
226.038000	226.911000	63
226.340000	226.907000	65
226.340000	226.911000	57
226.617000	226.911000	53
226.833000	226.911000	61
226.907000	228.041000	65
226.911000	228.629000	34
226.911000	228.629000	46
227.189000	228.327000	53
227.470000	228.044000	58
227.757000	228.628000	61
227.757000	228.629000	66
228.041000	228.629000	65
228.044000	228.628000	58
228.327000	228.629000	53
228.626000	229.171000	73
228.628000	229.139000	58
228.628000	229.139000	61
228.629000	229.139000	46
228.901000	229.172000	65
229.172000	229.723000	72
229.174000	229.700000	57
229.174000	229.700000	63
229.175000	229.700000	48
229.454000	229.724000	65
229.724000	230.228000	61
229.725000	230.303000	70
229.727000	230.303000	58
229.728000	230.303000	49
230.015000	230.303000	65
230.228000	230.303000	61
230.302000	230.585000	51
230.302000	233.700000	68
230.303000	231.961000	39
230.585000	231.688000	51
230.862000	231.414000	55
231.141000	231.411000	67
231.142000	231.890000	61
231.411000	233.700000	67
231.414000	232.528000	55
231.688000	231.961000	51
231.688000	233.700000	70
231.890000	232.821000	61
231.960000	233.700000	63
231.961000	232.244000	51
231.961000	233.700000	39
232.244000	233.410000	51
232.528000	233.129000	55
232.821000	233.700000	61
233.127000	233.696000	75
233.127000	233.700000	73
233.129000	233.700000	55
233.410000	233.700000	51
233.696000	234.809000	75
233.697000	235.397000	72
233.697000	235.939000	44
233.980000	235.939000	51
234.257000	235.939000	56
234.544000	235.939000	60
234.544000	235.939000	77
234.809000	235.320000	75
234.809000	235.939000	63
235.104000	235.939000	68
235.320000	235.939000	75
235.395000	236.483000	80
235.397000	236.486000	72
236.486000	237.060000	79
237.060000	238.177000	77
237.063000	238.765000	73
237.063000	239.307000	49
237.344000	239.307000	53
237.624000	239.307000	58
237.911000	239.307000	79
237.912000	239.307000	61
238.177000	238.684000	77
238.177000	239.307000	65
238.471000	239.307000	70
238.684000	239.307000	77
238.762000	239.853000	82
238.765000	239.854000	73
239.854000	240.427000	80
240.280000	240.350000	70
240.350000	240.427000	73
240.428000	243.899000	79
240.430000	240.714000	51
240.431000	242.132000	39
240.714000	241.845000	51
240.991000	241.562000	55
241.275000	243.896000	77
241.277000	242.979000	61
241.562000	242.692000	55
241.562000	243.899000	75
241.845000	242.132000	51
241.981000	243.899000	63
242.058000	243.899000	67
242.131000	243.899000	73
242.132000	242.414000	51
242.132000	243.899000	39
242.414000	243.560000	51
242.692000	243.262000	55
242.976000	243.899000	72
242.979000	243.899000	61
243.262000	243.899000	55
243.262000	243.899000	70
243.560000	243.899000	51
243.723000	243.899000	68
243.812000	243.899000	71
243.896000	245.347000	44
243.896000	245.593000	77
243.899000	245.347000	56
244.176000	245.310000	59
244.463000	245.025000	62
244.740000	245.347000	65
245.025000	245.347000	62
245.310000	245.593000	59
245.593000	246.734000	75
245.597000	245.877000	56
245.880000	246.160000	60
246.164000	246.447000	63
246.448000	246.737000	68
246.738000	247.329000	73
246.741000	247.330000	67
246.741000	247.330000	75
247.028000	247.332000	63
247.333000	248.453000	75
247.333000	249.033000	72
247.334000	249.576000	44
247.615000	249.576000	51
247.900000	249.576000	56
248.187000	249.576000	60
248.187000	249.576000	77
248.453000	248.961000	75
248.453000	249.576000	63
248.740000	249.576000	68
248.961000	249.576000	75
249.031000	250.119000	80
249.033000	250.122000	72
250.122000	250.696000	79
250.697000	251.813000	77
250.697000	252.401000	73
250.700000	252.943000	49
250.980000	252.943000	53
251.264000	252.943000	58
251.553000	252.943000	79
251.554000	252.943000	61
251.813000	252.328000	77
251.813000	252.943000	65
252.107000	252.943000	70
252.328000	252.943000	77
252.398000	253.489000	82
252.401000	253.490000	73
253.490000	254.063000	80
253.916000	253.993000	70
253.993000	254.063000	73
254.067000	254.350000	51
254.067000	255.768000	39
254.067000	257.505000	79
254.350000	255.481000	51
254.634000	255.198000	55
254.918000	257.505000	77
254.921000	256.619000	61
255.194000	257.505000	75
255.198000	256.331000	55
255.481000	255.768000	51
255.624000	257.505000	63
255.694000	257.505000	67
255.766000	257.505000	73
255.768000	256.048000	51
255.768000	257.505000	39
256.048000	257.204000	51
256.331000	256.905000	55
256.619000	257.505000	61
256.619000	257.505000	72
256.903000	257.505000	70
256.905000	257.505000	55
257.204000	257.505000	51
257.501000	258.070000	68
257.501000	259.873000	56
257.504000	259.873000	60
257.787000	258.357000	72
257.788000	259.873000	63
258.068000	258.645000	75
258.070000	259.873000	68
258.354000	258.953000	80
258.357000	259.873000	72
258.645000	259.268000	84
258.645000	259.873000	75
258.953000	259.873000	80
258.953000	259.873000	87
259.265000	260.489000	92
259.268000	259.873000	84
261.158000	262.096000	68
262.050000	262.400000	70
262.344000	264.728000	68
262.995000	264.728000	60
262.996000	264.729000	54
262.998000	264.729000	44
262.998000	264.731000	51
264.731000	265.662000	68
265.610000	265.956000	70
265.903000	268.256000	68
266.519000	268.256000	61
266.520000	268.257000	44
266.523000	268.259000	53
268.259000	269.183000	68
269.137000	269.481000	70
269.428000	272.081000	68
270.044000	271.321000	62
270.045000	271.322000	44
270.047000	271.322000	47
270.048000	271.325000	53
271.326000	272.082000	63
271.327000	272.082000	54
271.329000	272.085000	48
271.329000	272.086000	44
272.086000	275.598000	68
272.088000	275.599000	60
272.089000	275.599000	66
272.089000	275.603000	44
272.092000	275.603000	51
272.093000	275.603000	56
276.197000	276.285000	65
276.286000	277.318000	68
276.288000	279.894000	37
276.289000	278.098000	49
276.582000	277.774000	53
276.877000	277.468000	56
277.168000	277.465000	67
277.171000	278.959000	61
277.318000	277.616000	68
277.465000	279.894000	67
277.468000	278.668000	56
277.616000	277.923000	68
277.774000	278.381000	53
277.774000	279.775000	70
277.923000	279.893000	68
278.098000	279.831000	65
278.098000	279.894000	49
278.381000	279.562000	53
278.665000	279.894000	89
278.668000	279.256000	56
278.763000	279.894000	87
278.858000	279.894000	85
278.959000	279.894000	61
278.959000	279.894000	84
279.054000	279.894000	82
279.152000	279.894000	80
279.254000	279.894000	78
279.256000	279.894000	56
279.354000	279.894000	77
279.456000	279.894000	75
279.562000	279.894000	53
279.562000	279.894000	73
279.663000	279.894000	72
279.775000	279.894000	70
279.831000	279.894000	65
279.893000	280.919000	68
279.894000	281.697000	49
279.894000	283.489000	37
280.180000	281.374000	53
280.475000	281.066000	56
280.772000	281.065000	67
280.775000	282.558000	61
280.919000	281.220000	68
281.065000	283.489000	67
281.066000	282.264000	56
281.220000	281.522000	68
281.371000	283.489000	70
281.374000	281.980000	53
281.522000	283.489000	68
281.697000	283.489000	49
281.697000	283.489000	65
281.980000	283.160000	53
282.263000	283.489000	89
282.264000	282.854000	56
282.365000	283.489000	87
282.456000	283.489000	85
282.557000	283.489000	84
282.558000	283.489000	61
282.655000	283.489000	82
282.752000	283.489000	80
282.852000	283.489000	78
282.854000	283.489000	56
282.956000	283.489000	77
283.054000	283.488000	75
283.160000	283.373000	73
283.160000	283.489000	53
283.261000	283.489000	72
283.373000	283.489000	73
283.488000	284.517000	75
283.488000	285.298000	44
283.489000	283.778000	56
283.778000	284.972000	56
284.077000	284.664000	60
284.367000	287.089000	74
284.369000	286.156000	66
284.517000	284.969000	75
284.661000	286.547000	78
284.664000	285.866000	60
284.814000	286.653000	77
284.969000	286.758000	75
284.972000	285.298000	56
285.122000	286.862000	73
285.298000	285.578000	56
285.298000	287.089000	44
285.298000	287.089000	72
285.578000	286.760000	56
285.865000	287.089000	90
285.866000	286.452000	60
285.963000	287.089000	89
286.057000	287.089000	87
286.156000	287.089000	66
286.156000	287.089000	85
286.253000	287.089000	84
286.352000	287.089000	82
286.450000	287.089000	80
286.452000	287.089000	60
286.547000	287.089000	78
286.653000	287.089000	77
286.758000	287.089000	75
286.760000	287.089000	56
286.862000	286.967000	73
286.967000	287.087000	73
287.023000	287.089000	65
287.087000	288.108000	73
287.087000	288.896000	49
287.089000	290.688000	37
287.380000	288.570000	53
287.671000	288.263000	56
287.965000	288.262000	72
287.969000	289.757000	61
288.108000	288.412000	73
288.262000	290.460000	72
288.263000	289.466000	56
288.412000	288.720000	73
288.569000	290.149000	77
288.570000	289.179000	53
288.720000	290.358000	73
288.895000	290.688000	68
288.896000	290.688000	49
289.179000	290.359000	53
289.463000	290.688000	89
289.466000	290.052000	56
289.561000	290.688000	87
289.655000	290.688000	85
289.757000	290.688000	61
289.757000	290.688000	84
289.851000	290.688000	82
289.950000	290.688000	80
290.051000	290.688000	78
290.052000	290.688000	56
290.149000	290.688000	77
290.251000	290.688000	75
290.358000	290.566000	73
290.359000	290.688000	53
290.460000	290.688000	72
290.566000	290.688000	73
290.621000	290.688000	66
290.684000	291.710000	70
290.687000	292.490000	42
290.687000	292.491000	54
290.978000	292.164000	58
291.268000	294.286000	60
291.566000	292.162000	69
291.567000	293.355000	66
291.710000	292.011000	70
291.854000	294.054000	72
291.856000	293.064000	61
292.011000	292.319000	70
292.162000	294.286000	69
292.164000	292.777000	58
292.319000	294.165000	70
292.487000	293.951000	73
292.490000	294.286000	42
292.491000	294.286000	54
292.777000	293.953000	58
292.777000	294.286000	94
292.869000	294.286000	92
292.963000	294.286000	90
293.062000	294.286000	89
293.064000	293.652000	61
293.156000	294.286000	87
293.253000	294.286000	85
293.352000	294.286000	84
293.355000	294.286000	66
293.446000	294.286000	82
293.544000	294.286000	80
293.649000	294.286000	78
293.652000	294.286000	61
293.747000	294.286000	77
293.852000	294.286000	75
293.951000	294.286000	73
293.953000	294.286000	58
294.054000	294.286000	72
294.165000	294.286000	70
294.222000	294.286000	65
294.282000	295.308000	68
294.285000	296.095000	49
294.285000	296.096000	37
294.576000	295.763000	56
294.867000	295.462000	61
295.165000	295.459000	67
295.166000	296.092000	65
295.308000	295.609000	68
295.459000	297.884000	67
295.462000	296.663000	61
295.609000	295.917000	68
295.763000	296.376000	56
295.763000	297.449000	70
295.917000	297.550000	68
296.092000	296.953000	65
296.095000	297.884000	49
296.096000	297.884000	37
296.374000	297.884000	89
296.376000	297.550000	56
296.470000	297.884000	87
296.567000	297.884000	85
296.662000	297.884000	84
296.663000	297.247000	61
296.754000	297.884000	82
296.855000	297.884000	80
296.953000	297.764000	65
296.953000	297.884000	78
297.050000	297.884000	77
297.147000	297.884000	75
297.246000	297.884000	73
297.247000	297.884000	61
297.344000	297.884000	72
297.449000	297.883000	70
297.550000	297.884000	56
297.550000	297.884000	68
297.652000	297.820000	66
297.764000	297.884000	65
297.820000	297.884000	66
297.883000	298.905000	70
297.883000	299.688000	54
297.884000	299.689000	42
298.173000	299.366000	58
298.465000	301.484000	60
298.764000	299.364000	69
298.765000	300.553000	66
298.905000	299.209000	70
299.058000	301.257000	72
299.059000	300.263000	61
299.209000	299.517000	70
299.364000	301.484000	69
299.366000	299.976000	58
299.517000	301.362000	70
299.686000	301.155000	73
299.688000	301.484000	54
299.689000	301.484000	42
299.972000	301.484000	94
299.976000	301.156000	58
300.067000	301.484000	92
300.165000	301.484000	90
300.260000	301.484000	89
300.263000	300.848000	61
300.353000	301.484000	87
300.452000	301.484000	85
300.553000	301.484000	66
300.553000	301.484000	84
300.641000	301.484000	82
300.746000	301.484000	80
300.847000	301.484000	78
300.848000	301.484000	61
300.946000	301.484000	77
301.047000	301.484000	75
301.155000	301.484000	73
301.156000	301.484000	58
301.257000	301.484000	72
301.362000	301.484000	70
301.418000	301.484000	65
301.481000	302.514000	68
301.481000	303.293000	37
301.484000	303.293000	49
301.775000	302.968000	56
302.069000	302.660000	61
302.360000	302.657000	67
302.363000	303.290000	65
302.514000	302.807000	68
302.657000	305.083000	67
302.660000	303.858000	61
302.807000	303.115000	68
302.965000	305.083000	70
302.968000	303.570000	56
303.115000	305.083000	68
303.290000	304.152000	65
303.293000	305.083000	37
303.293000	305.083000	49
303.570000	304.757000	56
303.858000	304.445000	61
303.858000	305.083000	89
303.956000	305.083000	87
304.050000	305.083000	85
304.152000	305.083000	65
304.152000	305.083000	84
304.246000	305.083000	82
304.347000	305.083000	80
304.445000	305.083000	61
304.445000	305.083000	78
304.544000	305.083000	77
304.649000	305.082000	75
304.753000	304.961000	73
304.757000	305.083000	56
304.855000	305.047000	72
304.961000	305.083000	73
305.019000	305.083000	66
305.047000	305.083000	72
305.082000	306.112000	75
305.082000	306.892000	32
305.083000	306.893000	44
305.373000	306.567000	56
305.670000	306.258000	60
305.962000	306.566000	74
305.962000	306.828000	66
306.112000	306.406000	75
306.258000	307.459000	60
306.258000	307.945000	77
306.406000	306.713000	75
306.566000	308.688000	74
306.567000	307.175000	56
306.713000	308.044000	75
306.828000	307.751000	66
306.857000	308.142000	73
306.892000	307.847000	78
306.892000	308.688000	32
306.893000	308.688000	44
307.171000	308.688000	90
307.175000	308.355000	56
307.266000	308.688000	89
307.364000	308.688000	87
307.459000	308.047000	60
307.459000	308.688000	85
307.557000	308.688000	84
307.648000	308.688000	82
307.750000	308.688000	80
307.751000	308.565000	66
307.847000	308.688000	78
307.945000	308.688000	77
308.044000	308.688000	75
308.047000	308.688000	60
308.142000	308.684000	73
308.246000	308.688000	72
308.352000	308.688000	70
308.355000	308.688000	56
308.457000	308.688000	68
308.565000	308.688000	66
308.684000	309.562000	65
308.684000	309.710000	73
308.688000	308.823000	37
308.688000	308.827000	49
308.970000	310.164000	56
309.268000	309.856000	61
309.562000	310.162000	72
309.562000	310.490000	65
309.710000	310.011000	73
309.854000	311.642000	75
309.856000	311.060000	61
310.011000	310.315000	73
310.162000	311.844000	72
310.164000	310.774000	56
310.315000	311.747000	73
310.490000	311.351000	65
310.491000	311.543000	77
310.491000	312.286000	37
310.491000	312.286000	49
310.773000	312.286000	90
310.774000	311.952000	56
310.871000	312.286000	89
310.963000	312.286000	87
311.057000	312.286000	85
311.060000	311.644000	61
311.155000	312.286000	84
311.249000	312.286000	82
311.348000	312.286000	80
311.351000	312.222000	65
311.446000	312.286000	78
311.543000	312.286000	77
311.642000	312.286000	75
311.644000	312.286000	61
311.747000	312.283000	73
311.844000	312.286000	72
311.950000	312.286000	70
311.952000	312.286000	56
312.055000	312.286000	68
312.166000	312.286000	66
312.222000	312.286000	65
312.283000	314.213000	73
312.286000	314.213000	37
312.286000	314.213000	49
312.589000	313.825000	53
312.902000	313.510000	56
313.218000	314.147000	68
313.220000	314.213000	61
313.507000	314.213000	65
313.510000	314.213000	56
313.825000	314.213000	53
314.147000	316.055000	60
314.147000	316.055000	68
314.151000	314.301000	32
314.151000	314.302000	44
314.452000	316.055000	44
314.767000	316.055000	48
315.082000	316.055000	66
315.083000	316.055000	51
315.393000	316.055000	63
315.397000	316.055000	54
315.705000	316.055000	56
315.992000	316.055000	77
316.020000	316.055000	80
316.051000	317.839000	89
316.052000	316.205000	49
316.052000	317.839000	37
316.356000	317.543000	56
316.664000	317.248000	61
316.807000	317.839000	85
316.955000	317.839000	80
316.958000	317.543000	65
317.098000	317.839000	77
317.244000	317.839000	73
317.248000	317.696000	61
317.388000	317.839000	68
317.543000	317.839000	65
317.543000	317.857000	56
317.696000	317.839000	61
317.808000	317.839000	60
317.832000	317.860000	66
317.861000	319.705000	70
317.864000	319.705000	32
317.865000	318.165000	44
318.165000	319.705000	44
318.473000	319.705000	48
318.779000	319.705000	68
318.781000	319.705000	51
319.085000	319.705000	63
319.086000	319.705000	54
319.393000	319.705000	65
319.497288	319.808288	56
319.702000	320.160000	61
319.702000	320.314000	49
319.702000	320.314000	53
319.852000	320.312000	65
320.160000	320.923000	61
320.312000	320.924000	65
320.314000	321.875000	49
320.314000	321.875000	53
320.315000	320.924000	56
320.458000	321.875000	68
320.612000	321.875000	73
320.763000	321.875000	77
320.923000	321.568000	61
320.923000	321.875000	80
320.924000	321.568000	65
320.924000	321.571000	56
321.074000	321.875000	85
321.238000	321.875000	89
321.403000	321.875000	92
321.567000	322.180000	97
321.568000	322.229000	61
321.568000	322.232000	65
321.571000	322.232000	56
322.233000	322.729000	68
322.897000	323.390000	68
323.517000	323.548000	60
323.548000	323.577000	63
323.577000	324.799000	68
323.580000	325.438000	32
323.580000	325.439000	44
323.885000	325.100000	56
324.189000	324.799000	60
324.497000	326.639000	70
324.498000	326.349000	66
324.799000	325.379000	68
324.799000	326.041000	60
325.100000	325.739000	56
325.379000	326.195000	68
325.407000	327.246000	72
325.438000	327.246000	32
325.438000	327.246000	78
325.439000	327.246000	44
325.739000	326.936000	56
326.041000	326.639000	60
326.195000	326.492000	68
326.349000	326.933000	67
326.349000	327.246000	66
326.492000	326.782000	68
326.639000	327.246000	60
326.639000	327.246000	70
326.782000	327.077000	68
326.933000	327.246000	67
326.936000	327.246000	56
327.077000	327.242000	68
327.209000	327.246000	65
327.242000	328.420000	68
327.245000	329.026000	37
327.245000	329.026000	49
327.538000	328.704000	56
327.833000	328.424000	61
328.137000	330.829000	70
328.138000	328.970000	65
328.420000	328.995000	68
328.424000	329.629000	61
328.704000	329.327000	56
328.970000	329.937000	65
328.995000	330.829000	68
329.023000	329.782000	77
329.026000	330.829000	37
329.026000	330.829000	49
329.327000	330.517000	56
329.629000	330.227000	61
329.782000	330.829000	77
329.936000	330.517000	75
329.937000	330.829000	65
330.080000	330.370000	73
330.227000	330.796000	72
330.227000	330.829000	61
330.370000	330.664000	73
330.517000	330.829000	56
330.517000	330.829000	75
330.664000	330.829000	73
330.796000	330.829000	72
330.825000	331.211000	78
330.825000	332.599000	32
330.828000	332.596000	44
331.116000	331.707000	80
331.116000	332.295000	56
331.211000	331.404000	78
331.308000	332.884000	77
331.404000	332.292000	78
331.406000	332.002000	60
331.707000	332.540000	66
331.707000	334.375000	80
332.001000	334.375000	82
332.002000	333.177000	60
332.292000	333.765000	78
332.295000	332.886000	56
332.540000	333.478000	66
332.568000	334.063000	72
332.596000	332.985000	75
332.596000	334.375000	44
332.599000	334.375000	32
332.884000	333.475000	77
332.886000	334.063000	56
332.985000	333.174000	75
333.076000	334.375000	74
333.174000	334.371000	75
333.177000	333.768000	60
333.475000	334.375000	77
333.478000	334.375000	66
333.765000	334.375000	78
333.768000	334.375000	60
334.063000	334.375000	56
334.063000	334.375000	72
334.318000	334.375000	65
334.346000	334.375000	68
334.371000	336.117000	75
334.374000	336.117000	37
334.374000	336.117000	49
334.661000	335.827000	56
334.948000	335.539000	61
335.102000	335.389000	73
335.249000	335.536000	72
335.253000	336.117000	65
335.389000	335.679000	73
335.536000	336.117000	72
335.539000	336.117000	61
335.679000	335.969000	73
335.826000	336.117000	77
335.827000	336.120000	56
335.969000	336.117000	73
336.124000	337.811000	68
336.125000	337.811000	37
336.125000	337.811000	49
336.425000	337.615000	56
336.720000	337.321000	61
337.017000	337.811000	65
337.320000	337.927000	73
337.321000	337.811000	61
337.615000	337.930000	56
337.867000	337.899000	65
337.899000	337.930000	71
337.931000	339.135000	73
337.933000	339.743000	37
337.934000	339.743000	49
338.231000	339.431000	56
338.536000	339.138000	61
338.841000	341.353000	75
338.844000	340.633000	65
339.135000	339.716000	73
339.138000	340.338000	61
339.431000	340.041000	56
339.687000	341.353000	71
339.716000	340.930000	73
339.740000	341.353000	80
339.743000	341.353000	37
339.743000	341.353000	49
340.041000	341.231000	56
340.338000	340.933000	61
340.633000	341.353000	65
340.930000	341.538000	73
340.933000	341.353000	61
341.231000	341.539000	56
341.486000	341.513000	66
341.514000	341.539000	70
341.542000	342.747000	73
341.543000	343.359000	37
341.543000	343.359000	49
341.847000	343.040000	58
342.148000	342.750000	61
342.459000	344.248000	66
342.459000	345.157000	75
342.747000	343.328000	73
342.750000	343.946000	61
343.040000	345.162000	58
343.302000	345.162000	69
343.328000	345.162000	73
343.356000	345.162000	78
343.359000	345.158000	37
343.359000	345.161000	49
343.653000	345.162000	57
343.946000	344.549000	61
344.248000	345.162000	66
344.548000	345.162000	77
344.549000	345.162000	61
344.843000	345.162000	56
345.126000	345.162000	72
345.157000	346.880000	75
345.158000	346.879000	37
345.161000	346.880000	49
345.294000	346.880000	78
345.438000	346.880000	81
345.584000	346.880000	84
345.733000	346.880000	87
345.734000	346.880000	60
345.735000	346.880000	57
345.735000	346.880000	63
345.735000	346.880000	66
345.869000	346.880000	90
346.015000	346.877000	93
346.156000	346.730000	96
346.299000	346.582000	99
346.446000	346.880000	102
346.582000	346.880000	99
346.730000	346.880000	96
346.877000	348.591000	93
346.879000	348.591000	25
346.879000	348.591000	37
347.013000	348.591000	90
347.159000	348.591000	87
347.303000	348.591000	84
347.445000	348.591000	81
347.446000	348.591000	49
347.447000	348.591000	54
347.447000	348.591000	56
347.450000	348.591000	51
347.587000	348.591000	78
347.734000	348.591000	75
347.870000	348.591000	72
348.017000	348.591000	69
348.161000	348.591000	66
348.301000	348.591000	63
348.447000	348.591000	60
348.590000	349.022000	61
348.732000	350.569000	65
348.875000	349.305000	56
349.022000	350.569000	61
349.162000	349.596000	53
349.305000	350.569000	56
349.445000	349.893000	49
349.596000	350.569000	53
349.740000	350.198000	44
349.893000	350.569000	49
350.048000	350.569000	41
350.198000	350.569000	44
350.356000	350.918000	37
350.999000	351.324000	68
351.650000	351.975000	68
352.301000	353.239000	68
352.302000	353.240000	65
352.302000	353.477000	56
352.304000	353.477000	61
352.305000	353.481000	49
353.194000	353.536000	70
353.481000	354.146000	68
353.483000	354.146000	65
353.484000	354.146000	61
353.484000	354.149000	49
353.485000	354.149000	56
354.149000	355.983000	61
354.153000	355.659000	65
354.156000	355.983000	56
354.156000	355.984000	49
354.461000	354.755000	85
354.461000	354.758000	80
354.461000	355.920000	89
354.755000	355.059000	77
354.755000	355.920000	85
354.758000	355.059000	80
355.059000	355.353000	77
355.059000	355.920000	80
355.060000	355.353000	73
355.353000	355.659000	73
355.353000	355.920000	77
355.357000	355.658000	68
355.658000	355.920000	68
355.659000	355.920000	73
355.659000	355.984000	65
355.987000	356.921000	65
355.988000	356.922000	68
355.988000	357.159000	61
355.988000	357.160000	56
355.990000	357.162000	49
356.872000	357.211000	70
357.163000	357.785000	65
357.163000	357.786000	68
357.164000	357.786000	61
357.166000	357.789000	56
357.167000	357.790000	49
357.790000	359.609000	61
357.793000	359.299000	65
357.793000	359.609000	56
357.793000	359.610000	49
358.111000	358.402000	85
358.112000	358.401000	80
358.112000	359.539000	89
358.401000	358.703000	80
358.402000	358.707000	77
358.402000	359.539000	85
358.703000	358.999000	73
358.703000	359.539000	80
358.707000	359.000000	77
358.999000	359.298000	73
359.000000	359.298000	68
359.000000	359.539000	77
359.298000	359.539000	68
359.298000	359.539000	73
359.299000	359.613000	65
359.613000	360.551000	65
359.614000	360.551000	68
359.616000	360.788000	61
359.616000	360.789000	49
359.617000	360.789000	56
360.502000	360.838000	70
360.789000	361.411000	65
360.792000	361.415000	68
360.792000	361.416000	56
360.793000	361.408000	61
360.795000	361.418000	49
361.418000	362.349000	65
361.419000	362.350000	61
361.419000	362.594000	56
361.422000	362.595000	49
362.300000	362.643000	66
362.595000	363.231000	61
362.596000	363.232000	65
362.597000	363.232000	49
362.598000	363.233000	56
363.235000	364.995000	61
363.235000	366.169000	65
363.236000	364.702000	56
363.239000	364.114000	49
363.533000	373.703000	32
363.534000	363.816000	41
363.534000	363.820000	37
363.816000	364.115000	41
363.820000	364.114000	44
363.820000	373.703000	37
364.114000	364.405000	44
364.114000	364.405000	49
364.115000	373.703000	41
364.404000	364.702000	53
364.405000	364.698000	49
364.405000	365.287000	44
364.698000	365.286000	49
364.702000	364.996000	53
364.702000	364.996000	56
364.995000	365.882000	61
364.996000	365.289000	53
364.996000	365.583000	56
365.286000	365.584000	49
365.287000	373.703000	44
365.289000	365.580000	53
365.580000	365.882000	53
365.583000	365.877000	56
365.584000	373.703000	49
365.877000	366.172000	56
365.882000	366.171000	61
365.882000	373.703000	53
366.169000	366.467000	65
366.171000	366.466000	61
366.172000	367.054000	56
366.466000	366.763000	68
366.466000	367.050000	61
366.467000	366.763000	65
366.760000	367.657000	73
366.763000	367.054000	65
366.763000	367.348000	68
367.050000	367.348000	61
367.054000	367.349000	65
367.172571	373.821571	56
367.348000	367.657000	68
367.348000	373.703000	61
367.349000	367.656000	65
367.656000	373.703000	65
367.657000	367.960000	73
367.657000	367.964000	68
367.960000	368.265000	73
367.964000	368.268000	77
367.964000	368.874000	68
368.265000	368.874000	73
368.266000	368.573000	80
368.268000	368.573000	77
368.569000	369.517000	85
368.573000	368.873000	77
368.573000	369.192000	80
368.873000	369.196000	77
368.874000	369.195000	73
368.874000	373.703000	68
369.192000	369.518000	80
369.195000	373.703000	73
369.196000	369.518000	77
369.517000	369.860000	85
369.518000	369.861000	80
369.518000	373.703000	77
369.860000	370.222000	85
369.861000	373.703000	80
369.864000	370.218000	89
370.218000	370.732000	89
370.222000	373.703000	85
370.280308	370.733000	92
370.732000	373.703000	89
370.733000	373.703000	92
370.733000	373.703000	97
374.261000	375.527000	56
374.261000	375.527000	65
374.264000	375.205000	44
374.264000	375.528000	61
374.265000	375.209000	32
375.209000	375.528000	34
375.212000	375.531000	46
375.531000	376.217000	56
375.532000	376.217000	65
375.534000	376.218000	61
375.534000	376.221000	44
375.535000	376.221000	32
376.224000	377.606000	56
376.224000	377.607000	61
376.225000	377.239000	41
376.225000	377.607000	65
376.228000	377.239000	29
377.240000	377.608000	42
377.243000	377.609000	30
377.610000	378.499000	56
377.610000	378.499000	61
377.613000	378.500000	65
377.614000	378.503000	29
377.614000	378.503000	41
378.503000	383.875000	56
378.506000	383.876000	61
378.506000	383.876000	65
378.507000	383.878000	25
378.510000	383.878000	37
