OnsetTime	OffsetTime	MidiPitch
0.518994	2.107980	58
0.518994	2.107980	62
1.326980	2.905970	55
2.097990	3.685970	63
2.099980	3.685970	60
2.905970	4.482970	55
3.678970	5.233970	62
3.679980	5.270970	58
4.482970	6.020990	55
5.233970	6.772970	62
5.234980	6.773980	57
5.235980	6.773980	60
6.020990	7.521970	55
6.772970	8.260970	58
6.772970	8.260970	62
7.518970	7.867970	67
7.521970	8.988970	55
7.867970	8.103960	67
7.983960	8.260970	69
8.103960	8.260970	67
8.222970	9.701960	66
8.224970	9.701960	60
8.225960	9.701960	63
8.988970	10.407000	55
9.331970	9.701960	69
9.687970	11.197000	67
9.688960	11.160000	62
9.688960	11.197000	58
10.046000	11.197000	70
10.407000	11.197000	74
10.407000	11.931900	55
10.771000	11.197000	78
11.155000	12.701900	79
11.158900	12.701900	57
11.158900	12.701900	60
11.160000	12.684900	62
11.931900	13.479900	55
12.296900	12.701900	78
12.683900	14.087900	74
12.684900	13.482900	58
12.684900	13.483900	62
13.479900	14.182900	55
13.482900	14.182900	58
13.483900	14.185900	62
13.485900	13.828900	43
13.828900	14.067900	43
13.950900	14.087900	45
14.067900	14.185900	43
14.185900	15.662900	42
14.937900	15.662900	62
14.938900	15.662900	57
14.938900	15.662900	60
15.285900	15.662900	45
15.655900	17.143900	43
16.005900	17.143900	46
16.359900	17.143900	62
16.360900	17.143900	50
16.360900	17.143900	58
16.723900	17.177900	54
17.111900	18.651900	55
17.884900	18.651900	62
17.885900	18.651900	57
17.888900	18.651900	60
18.270900	18.651900	54
18.634900	20.124900	50
19.379900	19.733900	67
19.379900	20.124900	62
19.380900	20.124900	55
19.380900	20.124900	58
19.733900	19.965900	67
19.849900	20.124900	69
19.965900	20.124900	67
20.084900	21.574900	66
20.087900	21.574900	48
20.852900	21.574900	54
20.853900	21.574900	57
20.930395	21.651395	62
21.197900	21.574900	69
21.553900	23.033900	67
21.554900	23.033900	46
21.910900	23.033900	70
22.270900	23.033900	74
22.274900	23.033900	58
22.274900	23.033900	62
22.275900	23.033900	55
22.634900	23.033900	78
23.020900	24.570900	79
23.023900	24.570900	47
23.796900	24.570900	59
23.797900	24.570900	55
23.800900	24.570900	62
24.161900	24.566900	77
24.566900	25.287900	77
24.567900	25.288900	48
24.934900	25.350900	54
25.288900	26.054900	67
25.291900	25.728900	55
25.291900	26.055900	72
25.291900	26.055900	75
25.668900	26.117900	60
26.057900	27.619900	74
26.058900	27.619900	65
26.831900	27.614900	72
26.832900	27.619900	67
26.834900	27.615900	55
26.834900	27.619900	60
27.209900	27.619900	63
27.614900	27.888900	72
27.615900	29.106900	55
27.615900	29.106900	58
27.618900	29.107900	62
27.975900	28.255900	66
28.346900	28.629900	67
28.347900	30.660900	50
28.724900	29.015900	69
29.109900	30.661900	60
29.109900	30.661900	70
29.131900	30.667900	66
29.882900	30.657900	62
30.251900	30.661900	69
30.657900	31.584900	43
30.657900	31.584900	58
30.657900	31.584900	62
30.660900	31.584900	50
30.725805	31.653805	67
31.406900	31.962900	74
31.962900	32.032900	74
32.032900	32.108900	75
32.109900	33.380900	74
32.110900	33.491900	66
32.110900	33.492900	63
32.798900	34.174900	58
33.149900	33.492900	69
33.493900	33.663900	70
33.494900	34.842900	65
33.495900	34.842900	62
33.838900	34.006900	73
34.175900	34.342900	74
34.175900	35.514900	58
34.510900	34.682800	75
34.843800	35.004800	77
34.846900	36.186800	63
34.846900	36.190800	60
35.164900	35.343900	78
35.514900	35.679900	82
35.518900	36.824800	58
35.840900	36.014800	81
36.130800	36.193800	81
36.193800	37.198900	84
36.194900	37.471900	62
36.194900	37.471900	65
36.824800	38.111900	58
37.142900	37.390800	82
37.415900	37.474900	82
37.474900	37.628900	86
37.475900	38.759900	62
37.475900	38.760900	72
37.478900	38.762900	66
37.782900	37.947900	81
38.059900	38.111900	82
38.112900	38.273900	86
38.115900	39.410900	58
38.426900	38.591900	81
38.703900	38.763900	81
38.766900	39.074900	86
38.767900	40.089900	62
38.767900	40.089900	70
38.769900	40.089900	67
39.075900	40.089900	79
39.413900	40.734900	58
39.726900	41.408900	82
40.075900	41.408900	60
40.076900	41.408900	63
40.387900	41.408900	78
40.734900	42.073900	58
41.048900	42.388900	81
41.398900	42.770900	62
41.720900	42.413900	74
42.073900	43.442900	58
42.413900	42.623900	79
42.624900	42.696900	74
42.697900	42.774900	75
42.774900	43.872900	74
42.775900	44.083900	66
42.777900	44.086900	63
43.442900	44.741900	58
43.761900	44.086900	69
44.086900	44.240900	70
44.090900	45.378900	62
44.090900	45.378900	65
44.401900	44.572900	73
44.741900	44.894900	74
44.742900	46.015900	58
45.052900	45.216900	75
45.378900	45.538900	77
45.381900	46.655900	60
45.381900	46.655900	63
45.696900	45.860900	78
46.015900	46.179900	82
46.018900	47.296900	58
46.337900	46.497900	81
46.602900	46.659900	81
46.659900	47.670900	84
46.660900	47.933900	62
46.660900	47.936900	65
47.296900	48.584900	58
47.614900	47.852900	82
47.880900	47.936900	78
47.936900	48.090900	82
47.937900	49.238900	66
47.937900	49.242900	72
47.940900	49.242900	62
48.244900	48.412900	78
48.524900	48.584900	78
48.585900	48.741900	82
48.587900	49.886900	58
48.895900	49.063900	78
49.182900	49.243900	78
49.243900	50.260900	81
49.245900	50.523900	70
49.245900	50.526900	62
49.245900	50.530900	67
49.560900	50.260900	74
49.886900	51.170900	58
50.208900	50.445900	79
50.477900	50.530900	74
50.531900	50.683900	70
50.533900	51.828900	50
50.533900	51.828900	54
50.534900	51.829900	60
50.841900	51.009900	69
51.121900	51.174900	74
51.175900	51.327900	70
51.175900	52.521900	46
51.485900	51.660900	69
51.768900	51.832900	74
51.832900	52.833900	69
51.833900	53.214900	58
51.835900	53.214900	50
51.835900	53.218900	55
52.164900	52.857900	67
52.521900	53.901900	46
52.857900	53.063900	62
53.064900	53.141900	62
53.141900	53.218900	63
53.218900	54.362900	62
53.221900	54.586900	51
53.221900	54.587900	54
53.901900	55.223900	46
54.244900	54.587900	57
54.588900	54.740900	58
54.590900	55.860900	53
54.590900	55.863900	50
54.904900	55.062900	61
55.224900	55.381900	62
55.224900	56.486900	46
55.541900	55.699900	63
55.864900	56.018900	65
55.864900	57.127900	51
55.868900	57.127900	48
56.175900	56.333900	66
56.487900	56.651900	70
56.490900	57.785900	46
56.809900	56.969900	69
57.075900	57.128900	69
57.131900	58.166900	72
57.131900	58.432900	53
57.134900	58.433900	50
57.785900	59.091900	46
58.107900	58.352900	70
58.380900	58.437900	70
58.437900	58.586900	74
58.439900	59.738900	54
58.440900	59.741900	60
58.440900	59.742900	50
58.741900	58.915900	69
59.031900	59.091900	70
59.091900	59.244900	74
59.095900	60.393900	46
59.399900	59.566900	69
59.682900	59.742900	69
59.746900	60.774900	74
59.746900	61.043900	50
59.746900	61.048900	55
59.748900	61.048900	58
60.068900	60.774900	62
60.393900	61.712900	46
60.715900	60.967900	67
60.988900	61.050900	62
61.051900	61.198900	67
61.051900	62.398900	52
61.052900	62.399900	57
61.351900	61.534900	61
61.649900	61.715900	62
61.716900	61.870900	67
61.716900	62.401900	45
62.034900	62.220900	61
62.342900	62.402900	62
62.402900	63.455900	67
62.402900	63.861900	50
62.751900	63.861900	57
63.105900	63.862900	38
63.456900	63.865900	66
63.865900	65.236900	58
63.868900	65.237900	55
64.204900	64.415900	62
64.310900	64.530900	63
64.415900	64.530900	62
64.519900	65.181900	61
64.519900	65.240900	50
65.059900	65.241900	62
65.241900	65.313900	66
65.244900	66.532900	57
65.244900	66.532900	60
65.394900	65.468900	68
65.545900	65.625900	69
65.705900	65.793900	73
65.870900	66.532900	50
65.870900	66.532900	74
66.531900	67.834900	58
66.532900	67.834900	62
66.850900	67.008900	79
67.008900	67.106900	79
67.061900	67.176900	81
67.106900	67.176900	79
67.158900	67.834900	78
67.162900	67.834900	50
67.663900	67.834900	79
67.831900	69.196900	86
67.832900	69.196900	57
67.834900	69.196900	60
68.145900	69.196900	74
68.506900	69.196900	50
68.961633	69.308633	62
69.195900	70.553900	55
69.196900	70.557900	58
69.520900	69.731900	62
69.627900	69.818900	63
69.731900	69.835900	62
69.836900	70.497900	61
69.837900	70.557900	50
70.375900	70.557900	62
70.560900	70.630900	66
70.561900	71.890900	57
70.561900	71.890900	60
70.711900	70.788900	68
70.861900	70.942900	69
71.026900	71.106900	73
71.186900	71.890900	74
71.187900	71.890900	50
71.866900	73.252900	58
71.866900	73.252900	62
72.198900	72.359900	79
72.359900	72.465900	79
72.415900	72.534900	81
72.465900	72.534900	79
72.524900	73.252900	50
72.524900	73.252900	78
73.046900	73.252900	79
73.224900	74.606900	86
73.225900	74.606900	57
73.225900	74.606900	60
73.535900	74.606900	74
73.896900	74.606900	50
74.242900	74.606900	62
74.589900	75.999900	55
74.589900	75.999900	58
74.925900	75.090900	79
75.090900	75.201900	79
75.146900	75.268900	81
75.201900	75.268900	79
75.250900	75.999900	78
75.254900	75.999900	50
75.797900	75.999900	79
75.982900	77.353900	57
75.982900	77.353900	86
75.983900	77.353900	60
76.287900	77.353900	74
76.650900	77.353900	50
76.994900	77.353900	62
77.340900	78.722900	55
77.340900	78.722900	58
77.675900	78.722900	73
78.022900	78.722900	50
78.363900	78.722900	61
78.709900	80.098900	54
78.712900	80.098900	57
79.048900	80.098900	74
79.384900	80.098900	50
79.716900	80.098900	62
80.080900	81.501900	55
80.081900	81.501900	58
80.434900	81.501900	73
80.788900	81.501900	50
81.127900	81.501900	61
81.484900	82.877900	54
81.484900	82.877900	57
81.827900	83.251900	74
82.183900	83.626900	50
82.653714	84.039900	62
82.877900	84.463900	54
82.877900	84.463900	57
83.251900	84.463900	74
83.626900	84.463900	50
84.144363	84.463900	62
84.463900	85.960900	58
84.463900	85.960900	62
85.208900	85.554900	67
85.209900	86.675900	55
85.554900	85.793900	67
85.677900	85.960900	69
85.793900	85.960900	67
85.911900	87.395900	66
85.915900	87.395900	60
85.915900	87.395900	63
86.675900	88.096900	55
87.018900	87.395900	69
87.381900	88.865900	67
87.382900	88.844900	62
87.382900	88.865900	58
87.738900	88.865900	70
88.095900	88.865900	74
88.096900	89.618900	55
88.457900	88.865900	78
88.844900	90.371900	62
88.844900	90.384900	79
88.845900	90.384900	60
88.848900	90.384900	57
89.618900	91.172900	55
89.986900	90.384900	78
90.371900	91.172900	62
90.371900	91.777900	74
90.374900	91.169900	58
91.169900	91.869900	58
91.172900	91.522900	43
91.172900	91.872900	55
91.172900	91.872900	62
91.522900	91.756900	43
91.638900	91.777900	45
91.756900	91.875900	43
91.876900	93.363900	42
92.631900	93.363900	57
92.632900	93.363900	60
92.632900	93.363900	62
92.979900	93.363900	45
93.343900	94.836900	43
93.699900	94.836900	46
94.052900	94.836900	58
94.056900	94.836900	62
94.057900	94.836900	50
94.417900	94.864900	54
94.805900	96.335900	55
95.578900	96.335900	57
95.583900	96.335900	60
95.583900	96.335900	62
95.957900	96.335900	54
96.328900	97.818900	50
97.073900	97.420900	67
97.073900	97.818900	55
97.073900	97.818900	58
97.077900	97.818900	62
97.420900	97.654900	67
97.538900	97.818900	69
97.654900	97.818900	67
97.780900	99.246900	66
97.781900	99.246900	48
98.539900	99.246900	57
98.540900	99.246900	62
98.543900	99.246900	54
98.882900	99.246900	69
99.243900	100.724000	46
99.243900	100.724000	67
99.597900	100.724000	70
99.961900	100.724000	62
99.961900	100.724000	74
99.962900	100.724000	55
99.962900	100.724000	58
100.326000	100.724000	78
100.711000	102.258000	79
100.714000	102.258000	47
101.487000	102.258000	59
101.488000	102.258000	55
101.571846	102.341846	62
101.852000	102.254000	77
102.254000	102.982000	77
102.258000	102.983000	48
102.622000	103.041000	54
102.985000	103.741000	75
102.986000	103.745000	67
102.986000	103.745000	72
102.989000	103.423000	55
103.360000	103.808000	60
103.746000	105.310000	74
103.748000	105.310000	65
104.522000	105.310000	67
104.523000	105.303000	72
104.526000	105.306000	55
104.526000	105.310000	60
104.900000	105.310000	63
105.303000	105.575000	72
105.304000	106.804000	62
105.306000	106.804000	55
105.307000	106.804000	58
105.670000	105.950000	66
106.034000	106.321000	67
106.035000	108.352000	50
106.419000	106.703000	69
106.805000	108.376000	60
106.808000	108.376000	70
106.818000	108.376000	66
107.581000	108.348000	62
107.949000	108.376000	69
108.348000	109.093000	62
108.352000	109.097000	58
108.352000	109.845000	50
108.355000	109.845000	43
108.414984	109.093000	67
109.093000	109.443000	67
109.093000	115.113000	55
109.097000	109.845000	58
109.193723	109.945723	62
109.443000	109.674000	67
109.563000	109.845000	69
109.674000	109.845000	67
109.797000	111.305000	66
110.559000	111.305000	63
110.560000	111.305000	60
110.921000	111.305000	69
111.270000	112.792000	67
111.645000	112.792000	70
112.009000	112.792000	74
112.012000	112.792000	62
112.140190	112.920190	58
112.379000	112.792000	78
112.761000	114.353000	79
113.538000	114.353000	60
113.538000	114.353000	63
113.913000	114.353000	78
114.316000	115.113000	58
114.316000	115.631000	74
114.319000	115.110000	62
115.113000	115.631000	55
115.113000	115.631000	58
115.114000	115.468000	43
115.230512	115.751512	62
115.468000	115.631000	43
115.579000	115.694000	45
115.695000	115.813000	43
115.813000	117.332000	42
116.591000	117.332000	57
116.591000	117.332000	62
116.670331	117.411331	60
116.948000	117.332000	45
117.308000	118.823000	43
117.675000	118.823000	46
118.039000	118.795000	55
118.043000	118.823000	58
118.044000	118.823000	50
118.044000	118.823000	62
118.417000	118.866000	54
118.795000	120.374000	55
119.572000	120.374000	62
119.573000	120.374000	57
119.575000	120.374000	60
119.961000	120.374000	54
120.346000	121.892000	50
120.349000	121.892000	43
121.124000	121.892000	62
121.245497	122.010497	58
121.871000	123.457000	55
122.649000	123.457000	57
122.652000	123.457000	62
122.653000	123.457000	60
123.031000	123.457000	54
123.423000	124.980000	50
123.425000	124.980000	43
124.189000	124.980000	58
124.192000	124.980000	62
124.959000	126.555000	55
125.739000	126.555000	62
125.740000	126.555000	57
125.740000	126.555000	60
126.120000	126.555000	54
126.523000	135.085000	43
126.632816	135.193816	50
127.335000	128.959000	62
127.336000	128.960000	55
127.336000	128.960000	58
128.959000	130.585000	62
128.960000	130.584000	55
128.960000	130.584000	58
130.584000	132.203000	58
130.584000	132.204000	55
130.585000	132.204000	62
132.203000	135.085000	58
132.204000	135.085000	55
132.204000	135.085000	62
