0.940408163265 1.24040816327 69
6.75700680272 7.05700680272 64
7.65097505669 7.95097505669 69
8.33596371882 8.63596371882 84
8.48689342404 8.78689342404 69
13.4675736961 13.7675736961 64
15.1045804989 15.4045804989 79
15.6270294785 15.9270294785 67
19.0519727891 19.3519727891 52
19.6789115646 19.9789115646 69
20.7470294785 21.0470294785 52
21.1765986395 21.4765986395 69
21.5597278912 21.8597278912 79
21.768707483 22.068707483 64
22.0009070295 22.3009070295 69
23.5102040816 23.8102040816 64
24.0558730159 24.3558730159 69
26.1108390023 26.4108390023 84
26.3546485261 26.6546485261 69
26.5287981859 26.8287981859 84
26.7609977324 27.0609977324 84
29.1990929705 29.4990929705 67
34.2958730159 34.5958730159 52
34.7370521542 35.0370521542 69
35.5613605442 35.8613605442 69
37.6163265306 37.9163265306 69
38.0342857143 38.3342857143 43
39.6829024943 39.9829024943 84
41.4708390023 41.7708390023 69
41.6682086168 41.9682086168 69
42.2951473923 42.5951473923 69
43.9785941043 44.2785941043 44
44.8377324263 45.1377324263 45
44.8377324263 45.1377324263 61
44.8377324263 45.1377324263 69
45.0351020408 45.3351020408 69
45.6736507937 45.9736507937 69
46.9275283447 47.2275283447 44
47.3803174603 47.6803174603 57
48.2742857143 48.5742857143 61
48.2742857143 48.5742857143 69
49.1102040816 49.4102040816 69
49.9345124717 50.2345124717 50
50.7936507937 51.0936507937 44
51.629569161 51.929569161 61
51.629569161 51.929569161 69
52.4770975057 52.7770975057 69
54.1953741497 54.4953741497 57
56.6682993197 56.9682993197 61
59.6985034014 59.9985034014 44
60.0351927438 60.3351927438 64
63.4601360544 63.7601360544 59
63.4601360544 63.7601360544 61
66.8154195011 67.1154195011 64
67.1288888889 67.4288888889 78
67.779047619 68.079047619 64
72.4346485261 72.7346485261 44
73.7233560091 74.0233560091 69
74.5592743764 74.8592743764 57
74.5592743764 74.8592743764 69
77.0089795918 77.3089795918 59
77.0089795918 77.3089795918 61
84.3000453515 84.6000453515 44
87.3186394558 87.6186394558 69
88.1661678005 88.4661678005 57
88.1661678005 88.4661678005 69
88.4099773243 88.7099773243 69
90.2675736961 90.5675736961 44
90.6158730159 90.9158730159 61
91.7768707483 92.0768707483 44
93.6692970522 93.9692970522 68
95.8868027211 96.1868027211 69
97.9533786848 98.2533786848 57
98.6151473923 98.9151473923 68
99.4742857143 99.7742857143 69
100.089614512 100.389614512 45
100.10122449 100.40122449 69
101.355102041 101.655102041 44
101.807891156 102.107891156 57
102.678639456 102.978639456 61
103.514557823 103.814557823 69
103.5261678 103.8261678 61
106.091972789 106.391972789 69
106.289342404 106.589342404 69
106.904671202 107.204671202 61
106.916281179 107.216281179 69
108.634557823 108.934557823 57
109.656235828 109.956235828 69
110.480544218 110.780544218 69
115.46122449 115.76122449 64
116.366802721 116.666802721 69
116.970521542 117.270521542 60
122.183401361 122.483401361 64
123.065759637 123.365759637 43
124.342857143 124.642857143 67
125.515464853 125.815464853 79
127.756190476 128.056190476 52
128.394739229 128.694739229 69
129.509297052 129.809297052 52
130.716734694 131.016734694 69
131.308843537 131.608843537 63
134.849886621 135.149886621 84
135.128526077 135.428526077 69
135.488435374 135.788435374 84
137.392471655 137.692471655 79
137.914920635 138.214920635 55
137.926530612 138.226530612 67
139.099138322 139.399138322 79
140.260136054 140.560136054 69
143.023310658 143.323310658 52
143.464489796 143.764489796 69
144.056598639 144.356598639 63
144.288798186 144.588798186 69
144.880907029 145.180907029 63
144.962176871 145.262176871 60
146.123174603 146.423174603 69
147.586031746 147.886031746 60
148.421950113 148.721950113 84
148.688979592 148.988979592 69
148.816689342 149.116689342 44
148.82829932 149.12829932 84
150.198276644 150.498276644 49
150.209886621 150.509886621 69
150.407256236 150.707256236 69
151.045804989 151.345804989 69
151.231564626 151.531564626 71
152.729251701 153.029251701 44
153.065941043 153.365941043 64
153.588390023 153.888390023 69
154.192108844 154.492108844 71
154.412698413 154.712698413 69
156.026485261 156.326485261 64
157.001723356 157.301723356 49
157.013333333 157.313333333 69
157.199092971 157.499092971 81
157.628662132 157.928662132 71
157.837641723 158.137641723 69
158.452970522 158.752970522 68
159.288888889 159.588888889 63
159.532698413 159.832698413 44
160.36861678 160.66861678 69
160.577596372 160.877596372 69
161.204535147 161.504535147 61
161.204535147 161.504535147 69
162.470022676 162.770022676 40
162.470022676 162.770022676 44
162.806712018 163.106712018 64
163.108571429 163.408571429 69
163.723900227 164.023900227 61
163.723900227 164.023900227 69
163.944489796 164.244489796 69
164.571428571 164.871428571 61
164.571428571 164.871428571 69
164.989387755 165.289387755 69
165.198367347 165.498367347 69
165.418956916 165.718956916 69
165.604716553 165.904716553 69
167.090793651 167.390793651 64
167.102403628 167.402403628 69
167.706122449 168.006122449 69
167.926712018 168.226712018 40
168.333061224 168.633061224 64
169.029659864 169.329659864 69
169.644988662 169.944988662 61
169.644988662 169.944988662 69
169.853968254 170.153968254 81
170.074557823 170.374557823 69
170.283537415 170.583537415 69
170.492517007 170.792517007 69
170.701496599 171.001496599 69
171.235555556 171.535555556 33
171.943764172 172.243764172 78
172.175963719 172.475963719 69
172.384943311 172.684943311 69
172.593922902 172.893922902 61
172.593922902 172.893922902 69
172.791292517 173.091292517 52
173.220861678 173.520861678 64
173.42984127 173.72984127 64
173.627210884 173.927210884 64
175.972426304 176.272426304 69
179.757278912 180.057278912 61
179.757278912 180.057278912 69
179.966258503 180.266258503 69
180.593197279 180.893197279 61
180.593197279 180.893197279 69
181.02276644 181.32276644 61
181.034376417 181.334376417 69
181.220136054 181.520136054 81
181.858684807 182.158684807 69
182.891972789 183.191972789 78
183.124172336 183.424172336 69
183.333151927 183.633151927 69
183.751111111 184.051111111 69
183.890430839 184.190430839 64
184.157460317 184.457460317 64
184.378049887 184.678049887 64
185.213968254 185.513968254 76
185.864126984 186.164126984 69
186.433015873 186.733015873 64
187.605623583 187.905623583 69
188.023582766 188.323582766 69
188.255782313 188.555782313 57
189.219410431 189.519410431 61
190.136598639 190.436598639 52
190.136598639 190.436598639 69
