3.12308390023 3.42308390023 67
3.28562358277 3.58562358277 55
4.98068027211 5.28068027211 67
5.60761904762 5.90761904762 67
13.3514739229 13.6514739229 67
13.5256235828 13.8256235828 55
15.2206802721 15.5206802721 67
23.022585034 23.322585034 55
24.5783219955 24.8783219955 69
25.2168707483 25.5168707483 69
29.8840816327 30.1840816327 62
33.1348752834 33.4348752834 67
36.2927891156 36.5927891156 77
37.7904761905 38.0904761905 57
39.3346031746 39.6346031746 67
39.4971428571 39.7971428571 55
41.1921995465 41.4921995465 67
47.6357369615 47.9357369615 69
49.0637641723 49.3637641723 56
49.3656235828 49.6656235828 43
49.3656235828 49.6656235828 77
51.9198185941 52.2198185941 65
52.2448979592 52.5448979592 64
53.9747845805 54.2747845805 76
54.1489342404 54.4489342404 69
55.0893424036 55.3893424036 64
56.6102494331 56.9102494331 64
57.1210884354 57.4210884354 56
57.1210884354 57.4210884354 64
58.862585034 59.162585034 69
60.7782312925 61.0782312925 69
61.4167800454 61.7167800454 69
62.0669387755 62.3669387755 52
63.7271655329 64.0271655329 64
65.306122449 65.606122449 64
65.6428117914 65.9428117914 69
70.5422222222 70.8422222222 64
71.645170068 71.945170068 64
71.714829932 72.014829932 68
75.8015419501 76.1015419501 62
79.342585034 79.642585034 69
80.9679818594 81.2679818594 67
81.1421315193 81.4421315193 55
83.4641269841 83.7641269841 67
86.1924716553 86.4924716553 52
89.7219047619 90.0219047619 79
97.5470294785 97.8470294785 67
98.6615873016 98.9615873016 67
99.6136054422 99.9136054422 67
101.215782313 101.515782313 67
102.307120181 102.607120181 67
103.305578231 103.605578231 60
103.642267574 103.942267574 64
104.002176871 104.302176871 67
104.74521542 105.04521542 60
