6.15328798186 6.45328798186 67
9.89170068027 10.1917006803 43
12.8754648526 13.1754648526 68
16.7996371882 17.0996371882 32
18.3089342404 18.6089342404 44
23.7191836735 24.0191836735 31
23.7307936508 24.0307936508 63
34.8879818594 35.1879818594 67
41.853968254 42.153968254 67
41.853968254 42.153968254 79
44.3733333333 44.6733333333 68
46.5676190476 46.8676190476 58
50.9910204082 51.2910204082 51
51.0026303855 51.3026303855 55
52.5003174603 52.8003174603 55
52.5003174603 52.8003174603 63
53.2433560091 53.5433560091 51
53.2549659864 53.5549659864 55
53.2549659864 53.5549659864 63
53.2549659864 53.5549659864 67
53.4755555556 53.7755555556 63
54.7410430839 55.0410430839 51
54.7526530612 55.0526530612 55
56.285170068 56.585170068 44
57.0514285714 57.3514285714 51
57.2604081633 57.5604081633 32
57.2604081633 57.5604081633 44
57.7712471655 58.0712471655 51
57.7828571429 58.0828571429 44
59.8610430839 60.1610430839 68
65.1784126984 65.4784126984 44
65.3873922902 65.6873922902 34
66.1420408163 66.4420408163 34
66.6877097506 66.9877097506 53
66.8850793651 67.1850793651 34
67.6977777778 67.9977777778 58
68.9748752834 69.2748752834 55
69.7295238095 70.0295238095 55
69.7295238095 70.0295238095 67
71.4478004535 71.7478004535 52
71.4594104308 71.7594104308 57
73.6304761905 73.9304761905 54
74.3735147392 74.6735147392 42
75.6157823129 75.9157823129 69
77.0902494331 77.3902494331 44
78.5763265306 78.8763265306 44
87.4231292517 87.7231292517 44
90.2443537415 90.5443537415 53
91.9045804989 92.2045804989 31
92.624399093 92.924399093 31
96.1306122449 96.4306122449 36
98.4177777778 98.7177777778 43
100.205714286 100.505714286 31
100.205714286 100.505714286 83
100.960362812 101.260362812 83
101.738231293 102.038231293 67
112.047891156 112.347891156 44
113.603628118 113.903628118 62
116.540952381 116.840952381 32
120.290975057 120.590975057 68
120.627664399 120.927664399 79
121.823492063 122.123492063 55
121.997641723 122.297641723 60
122.183401361 122.483401361 55
122.183401361 122.483401361 60
122.380770975 122.680770975 55
122.392380952 122.692380952 60
122.787120181 123.087120181 55
123.35600907 123.65600907 55
123.553378685 123.853378685 55
123.773968254 124.073968254 60
124.017777778 124.317777778 60
124.157097506 124.457097506 67
127.941950113 128.241950113 55
128.127709751 128.427709751 55
128.336689342 128.636689342 43
128.510839002 128.810839002 55
128.52244898 128.82244898 60
128.708208617 129.008208617 55
128.719818594 129.019818594 60
129.311927438 129.611927438 60
129.892426304 130.192426304 43
130.101405896 130.401405896 55
130.101405896 130.401405896 60
131.866122449 132.166122449 67
135.94122449 136.24122449 67
136.219863946 136.519863946 51
136.846802721 137.146802721 43
138.135510204 138.435510204 79
140.353015873 140.653015873 59
141.40952381 141.70952381 55
141.606893424 141.906893424 55
142.605351474 142.905351474 43
143.000090703 143.300090703 56
143.092970522 143.392970522 60
143.092970522 143.392970522 63
143.278730159 143.578730159 51
143.476099773 143.776099773 60
144.718367347 145.018367347 56
144.822857143 145.122857143 51
145.519455782 145.819455782 45
145.716825397 146.016825397 33
145.821315193 146.121315193 58
146.204444444 146.504444444 50
147.365442177 147.665442177 43
147.377052154 147.677052154 94
147.562811791 147.862811791 62
148.329070295 148.629070295 62
148.723809524 149.023809524 58
148.921179138 149.221179138 62
149.884807256 150.184807256 58
150.082176871 150.382176871 69
151.080634921 151.380634921 69
151.486984127 151.786984127 69
151.893333333 152.193333333 69
152.311292517 152.611292517 58
165.000997732 165.300997732 68
165.407346939 165.707346939 68
174.90430839 175.20430839 63
186.165986395 186.465986395 63
186.374965986 186.674965986 44
186.920634921 187.220634921 60
187.31537415 187.61537415 60
187.698503401 187.998503401 60
188.09324263 188.39324263 60
188.464761905 188.764761905 60
189.323900227 189.623900227 60
189.416780045 189.716780045 43
190.380408163 190.680408163 51
191.78521542 192.08521542 58
192.470204082 192.770204082 68
193.828571429 194.128571429 51
194.664489796 194.964489796 67
195.802267574 196.102267574 67
195.918367347 196.218367347 60
195.918367347 196.218367347 67
196.545306122 196.845306122 67
196.5569161 196.8569161 60
196.940045351 197.240045351 60
197.346394558 197.646394558 60
197.717913832 198.017913832 41
197.717913832 198.017913832 60
198.112653061 198.412653061 60
198.960181406 199.260181406 60
199.076281179 199.376281179 58
199.935419501 200.235419501 43
200.225668934 200.525668934 50
200.643628118 200.943628118 56
200.840997732 201.140997732 60
201.433106576 201.733106576 58
202.84952381 203.14952381 51
203.232653061 203.532653061 60
203.766712018 204.066712018 63
206.053877551 206.353877551 51
206.44861678 206.74861678 51
206.947845805 207.247845805 63
210.361179138 210.661179138 63
210.767528345 211.067528345 63
210.964897959 211.264897959 63
214.668480726 214.968480726 53
214.668480726 214.968480726 62
214.854240363 215.154240363 53
215.585668934 215.885668934 44
215.585668934 215.885668934 56
215.678548753 215.978548753 51
215.69015873 215.99015873 60
216.189387755 216.489387755 43
216.479637188 216.779637188 50
219.672380952 219.972380952 43
219.846530612 220.146530612 43
220.043900227 220.343900227 43
220.473469388 220.773469388 68
221.030748299 221.330748299 43
221.053968254 221.353968254 60
221.216507937 221.516507937 43
221.239727891 221.539727891 60
221.425487528 221.725487528 55
221.437097506 221.737097506 60
222.029206349 222.329206349 55
222.423945578 222.723945578 55
222.598095238 222.898095238 55
222.80707483 223.10707483 60
224.583401361 224.883401361 67
225.999818594 226.299818594 55
226.382947846 226.682947846 43
226.487437642 226.787437642 60
227.358185941 227.658185941 43
227.369795918 227.669795918 60
227.543945578 227.843945578 43
227.567165533 227.867165533 60
227.75292517 228.05292517 55
227.75292517 228.05292517 60
228.739773243 229.039773243 55
229.146122449 229.446122449 60
230.910839002 231.210839002 67
232.118276644 232.418276644 61
234.022312925 234.322312925 79
235.69414966 235.99414966 43
236.054058957 236.354058957 43
238.132244898 238.432244898 67
239.397732426 239.697732426 59
240.651609977 240.951609977 55
241.7661678 242.0661678 88
242.044807256 242.344807256 56
242.149297052 242.449297052 60
242.230566893 242.530566893 56
242.520816327 242.820816327 60
242.718185941 243.018185941 51
242.903945578 243.203945578 60
243.577324263 243.877324263 56
243.879183673 244.179183673 51
246.804897959 247.104897959 53
247.385396825 247.685396825 62
247.571156463 247.871156463 58
247.768526077 248.068526077 53
247.965895692 248.265895692 62
248.163265306 248.463265306 62
248.743764172 249.043764172 58
249.138503401 249.438503401 69
250.125351474 250.425351474 69
250.543310658 250.843310658 69
250.949659864 251.249659864 69
263.221405896 263.521405896 68
264.045714286 264.345714286 68
264.440453515 264.740453515 68
265.253151927 265.553151927 68
274.332154195 274.632154195 58
284.07292517 284.37292517 67
285.233922902 285.533922902 63
285.326802721 285.626802721 67
285.965351474 286.265351474 60
286.348480726 286.648480726 60
286.638730159 286.938730159 43
286.766439909 287.066439909 60
287.126349206 287.426349206 60
287.509478458 287.809478458 60
288.275736961 288.575736961 60
288.473106576 288.773106576 60
288.960725624 289.260725624 44
289.622494331 289.922494331 50
290.609342404 290.909342404 56
290.7138322 291.0138322 84
290.829931973 291.129931973 58
292.977777778 293.277777778 63
293.732426304 294.032426304 67
294.521904762 294.821904762 67
295.61324263 295.91324263 44
295.61324263 295.91324263 60
295.984761905 296.284761905 60
296.391111111 296.691111111 60
296.762630385 297.062630385 60
297.076099773 297.376099773 63
297.168979592 297.468979592 60
297.842358277 298.142358277 60
299.676734694 299.976734694 56
301.662040816 301.962040816 51
301.963900227 302.263900227 51
302.161269841 302.461269841 51
305.086984127 305.386984127 67
306.89814059 307.19814059 63
307.617959184 307.917959184 50
313.724807256 314.024807256 53
313.724807256 314.024807256 62
313.806077098 314.106077098 58
314.630385488 314.930385488 56
314.723265306 315.023265306 51
314.827755102 315.127755102 56
315.048344671 315.348344671 43
316.720181406 317.020181406 69
334.982675737 335.282675737 44
334.982675737 335.282675737 54
341.9138322 342.2138322 67
354.220408163 354.520408163 64
363.937959184 364.237959184 50
365.772335601 366.072335601 69
367.420952381 367.720952381 62
367.618321995 367.918321995 80
368.767709751 369.067709751 54
368.767709751 369.067709751 63
371.11292517 371.41292517 59
371.229024943 371.529024943 52
371.925623583 372.225623583 64
372.494512472 372.794512472 59
372.889251701 373.189251701 52
373.667120181 373.967120181 52
373.678730159 373.978730159 67
374.491428571 374.791428571 69
374.862947846 375.162947846 69
379.611428571 379.911428571 67
384.150929705 384.450929705 60
387.262403628 387.562403628 59
390.025578231 390.325578231 68
390.222947846 390.522947846 65
391.000816327 391.300816327 43
391.012426304 391.312426304 55
392.277913832 392.577913832 67
393.055782313 393.355782313 64
393.833650794 394.133650794 63
394.901768707 395.201768707 50
395.273287982 395.573287982 40
395.482267574 395.782267574 59
398.315102041 398.615102041 43
400.172698413 400.472698413 60
400.567437642 400.867437642 31
400.973786848 401.273786848 31
401.171156463 401.471156463 50
401.53106576 401.83106576 40
404.874739229 405.174739229 59
404.886349206 405.186349206 62
405.072108844 405.372108844 50
405.849977324 406.149977324 55
406.047346939 406.347346939 43
406.442086168 406.742086168 60
406.82521542 407.12521542 31
407.231564626 407.531564626 43
407.231564626 407.531564626 59
407.243174603 407.543174603 50
407.405714286 407.705714286 31
407.614693878 407.914693878 59
407.626303855 407.926303855 43
408.009433107 408.309433107 43
408.021043084 408.321043084 60
408.415782313 408.715782313 42
408.810521542 409.110521542 59
408.996281179 409.296281179 31
409.205260771 409.505260771 43
409.588390023 409.888390023 60
409.983129252 410.283129252 31
414.093061224 414.393061224 68
415.37015873 415.67015873 67
415.567528345 415.867528345 63
416.252517007 416.552517007 55
416.821405896 417.121405896 55
417.01877551 417.31877551 36
417.831473923 418.131473923 55
418.01723356 418.31723356 60
418.19138322 418.49138322 43
418.214603175 418.514603175 60
418.400362812 418.700362812 55
418.400362812 418.700362812 60
418.690612245 418.990612245 60
419.004081633 419.304081633 60
419.781950113 420.081950113 60
420.037369615 420.337369615 60
420.176689342 420.476689342 67
422.858594104 423.158594104 67
422.9630839 423.2630839 55
424.542040816 424.842040816 55
424.542040816 424.842040816 60
424.727800454 425.027800454 60
424.936780045 425.236780045 55
425.029659864 425.329659864 60
425.30829932 425.60829932 55
425.30829932 425.60829932 60
425.540498866 425.840498866 60
425.703038549 426.003038549 55
426.120997732 426.420997732 60
426.898866213 427.198866213 56
427.885714286 428.185714286 60
428.791292517 429.091292517 68
429.069931973 429.369931973 63
429.069931973 429.369931973 68
430.103219955 430.403219955 58
430.207709751 430.507709751 51
431.415147392 431.715147392 68
431.821496599 432.121496599 58
431.821496599 432.121496599 63
433.295963719 433.595963719 60
434.085442177 434.385442177 68
434.213151927 434.513151927 56
435.002630385 435.302630385 60
439.681451247 439.981451247 68
441.31845805 441.61845805 70
448.354104308 448.654104308 43
448.574693878 448.874693878 67
449.38739229 449.68739229 67
450.21170068 450.51170068 67
451.012789116 451.312789116 63
458.280634921 458.580634921 63
464.120453515 464.420453515 67
464.375873016 464.675873016 67
464.933151927 465.233151927 51
465.014421769 465.314421769 67
465.374331066 465.674331066 43
465.536870748 465.836870748 64
465.815510204 466.115510204 61
466.314739229 466.614739229 58
467.406077098 467.706077098 60
467.789206349 468.089206349 60
468.195555556 468.495555556 60
468.56707483 468.86707483 60
468.86893424 469.16893424 63
468.973424036 469.273424036 60
469.797732426 470.097732426 60
470.180861678 470.480861678 31
470.680090703 470.980090703 51
471.167709751 471.467709751 41
472.050068027 472.350068027 43
474.20952381 474.50952381 63
474.20952381 474.50952381 67
474.314013605 474.614013605 63
474.325623583 474.625623583 51
474.743582766 475.043582766 58
474.81324263 475.11324263 67
477.019138322 477.319138322 60
477.437097506 477.737097506 60
477.831836735 478.131836735 60
478.11047619 478.41047619 41
478.214965986 478.514965986 60
478.609705215 478.909705215 60
479.434013605 479.734013605 43
479.445623583 479.745623583 60
479.828752834 480.128752834 31
480.827210884 481.127210884 41
482.708027211 483.008027211 60
484.92553288 485.22553288 43
486.92244898 487.22244898 44
487.119818594 487.419818594 60
487.735147392 488.035147392 41
487.828027211 488.128027211 62
488.129886621 488.429886621 41
489.128344671 489.428344671 60
489.743673469 490.043673469 55
490.533151927 490.833151927 55
490.742131519 491.042131519 60
490.951111111 491.251111111 55
490.951111111 491.251111111 60
491.148480726 491.448480726 55
491.949569161 492.249569161 55
492.355918367 492.655918367 55
492.355918367 492.655918367 60
493.447256236 493.747256236 58
493.551746032 493.851746032 60
493.969705215 494.269705215 60
494.550204082 494.850204082 51
495.188752834 495.488752834 50
496.593560091 496.893560091 69
498.578866213 498.878866213 43
498.59047619 498.89047619 31
498.59047619 498.89047619 51
509.445804989 509.745804989 71
516.376961451 516.676961451 43
528.788027211 529.088027211 67
528.788027211 529.088027211 79
529.287256236 529.587256236 67
539.028027211 539.328027211 31
539.039637188 539.339637188 43
551.090793651 551.390793651 43
552.634920635 552.934920635 43
552.646530612 552.946530612 60
552.832290249 553.132290249 55
552.832290249 553.132290249 60
553.43600907 553.73600907 55
553.43600907 553.73600907 60
554.898866213 555.198866213 58
555.281995465 555.581995465 56
555.514195011 555.814195011 43
559.136507937 559.436507937 67
