0.522448979592 0.822448979592 57
0.522448979592 0.822448979592 62
3.39011337868 3.69011337868 32
9.93814058957 10.2381405896 69
16.4977777778 16.7977777778 69
17.9954648526 18.2954648526 69
19.9575510204 20.2575510204 59
21.699047619 21.999047619 69
23.3128344671 23.6128344671 69
24.346122449 24.646122449 64
25.1588208617 25.4588208617 61
25.1588208617 25.4588208617 64
25.3678004535 25.6678004535 61
25.5767800454 25.8767800454 61
25.5767800454 25.8767800454 69
25.7741496599 26.0741496599 61
25.7741496599 26.0741496599 69
26.7029478458 27.0029478458 69
27.3066666667 27.6066666667 59
28.5953741497 28.8953741497 59
29.6286621315 29.9286621315 64
30.8825396825 31.1825396825 69
31.8345578231 32.1345578231 69
33.3902947846 33.6902947846 69
34.0520634921 34.3520634921 59
35.3059410431 35.6059410431 60
35.3175510204 35.6175510204 59
36.1070294785 36.4070294785 56
36.7571882086 37.0571882086 69
40.8322902494 41.1322902494 69
41.2618594104 41.5618594104 69
44.2224036281 44.5224036281 57
45.0583219955 45.3583219955 59
45.2789115646 45.5789115646 64
45.290521542 45.590521542 57
45.7084807256 46.0084807256 64
47.7866666667 48.0866666667 69
53.9283446712 54.2283446712 69
54.8107029478 55.1107029478 69
59.7449433107 60.0449433107 43
60.0700226757 60.3700226757 59
63.0305668934 63.3305668934 62
63.7503854875 64.0503854875 50
66.1420408163 66.4420408163 33
66.1420408163 66.4420408163 64
67.3030385488 67.6030385488 62
69.3812244898 69.6812244898 66
86.7613605442 87.0613605442 59
88.5144671202 88.8144671202 69
90.3256235828 90.6256235828 52
90.9525623583 91.2525623583 64
90.9525623583 91.2525623583 69
91.1499319728 91.4499319728 64
91.9858503401 92.2858503401 61
92.194829932 92.494829932 61
92.194829932 92.494829932 64
92.194829932 92.494829932 69
92.3805895692 92.6805895692 61
92.3805895692 92.6805895692 64
92.3805895692 92.6805895692 69
92.6011791383 92.9011791383 61
92.6011791383 92.9011791383 69
93.5415873016 93.8415873016 69
94.1453061224 94.4453061224 59
95.4456235828 95.7456235828 59
96.4673015873 96.7673015873 64
96.6762811791 96.9762811791 52
98.533877551 98.833877551 64
98.6615873016 98.9615873016 69
100.22893424 100.52893424 69
100.890702948 101.190702948 59
102.156190476 102.456190476 59
102.92244898 103.22244898 56
103.584217687 103.884217687 69
104.385306122 104.685306122 50
106.939501134 107.239501134 64
107.682539683 107.982539683 69
111.281632653 111.581632653 66
111.920181406 112.220181406 59
112.140770975 112.440770975 64
112.558730159 112.858730159 64
117.376870748 117.676870748 71
125.538684807 125.838684807 69
126.920272109 127.220272109 59
129.892426304 130.192426304 62
133.050340136 133.350340136 57
133.572789116 133.872789116 45
133.584399093 133.884399093 61
135.221405896 135.521405896 76
138.216780045 138.516780045 67
139.71446712 140.01446712 57
140.794195011 141.094195011 52
146.123174603 146.423174603 57
146.761723356 147.061723356 54
146.761723356 147.061723356 61
147.191292517 147.491292517 52
147.388662132 147.688662132 52
147.388662132 147.688662132 59
148.085260771 148.385260771 61
149.571337868 149.871337868 68
151.742403628 152.042403628 69
159.126349206 159.426349206 61
161.146485261 161.446485261 59
163.131791383 163.431791383 69
167.172063492 167.472063492 57
167.172063492 167.472063492 69
170.78276644 171.08276644 67
171.885714286 172.185714286 69
174.207709751 174.507709751 69
174.416689342 174.716689342 69
177.145034014 177.445034014 67
178.863310658 179.163310658 64
178.874920635 179.174920635 69
181.707755102 182.007755102 67
185.213968254 185.513968254 69
186.27047619 186.57047619 64
189.857959184 190.157959184 66
192.714013605 193.014013605 69
193.73569161 194.03569161 67
194.351020408 194.651020408 67
194.548390023 194.848390023 67
197.009705215 197.309705215 69
198.623492063 198.923492063 69
200.469478458 200.769478458 61
200.67845805 200.97845805 61
200.875827664 201.175827664 61
200.875827664 201.175827664 69
205.810068027 206.110068027 44
209.827120181 210.127120181 65
212.764444444 213.064444444 43
213.56553288 213.86553288 64
223.851972789 224.151972789 62
225.988208617 226.288208617 43
227.381405896 227.681405896 62
228.821043084 229.121043084 69
234.974331066 235.274331066 43
235.078820862 235.378820862 43
235.299410431 235.599410431 64
236.286258503 236.586258503 62
247.629206349 247.929206349 55
248.140045351 248.440045351 69
248.558004535 248.858004535 69
248.941133787 249.241133787 69
249.370702948 249.670702948 55
251.727528345 252.027528345 62
256.371519274 256.671519274 67
