5.59600907029 5.89600907029 69
6.6989569161 6.9989569161 69
7.8019047619 8.1019047619 69
8.87002267574 9.17002267574 69
10.5650793651 10.8650793651 60
10.7972789116 11.0972789116 60
11.0410884354 11.3410884354 60
13.7346031746 14.0346031746 44
13.9087528345 14.2087528345 44
20.9560090703 21.2560090703 69
22.0473469388 22.3473469388 69
23.1270748299 23.4270748299 69
23.9629931973 24.2629931973 67
24.4622222222 24.7622222222 67
25.2981405896 25.5981405896 69
25.5419501134 25.8419501134 76
26.5055782313 26.8055782313 50
26.6332879819 26.9332879819 86
26.7609977324 27.0609977324 38
26.7726077098 27.0726077098 50
27.1789569161 27.4789569161 60
27.5853061224 27.8853061224 59
28.2586848073 28.5586848073 69
29.3384126984 29.6384126984 69
29.4545124717 29.7545124717 68
30.4181405896 30.7181405896 60
30.8941496599 31.1941496599 69
32.3918367347 32.6918367347 34
32.3918367347 32.6918367347 38
32.7865759637 33.0865759637 60
33.2045351474 33.5045351474 59
33.657324263 33.957324263 52
33.657324263 33.957324263 57
33.657324263 33.957324263 60
34.980861678 35.280861678 64
35.375600907 35.675600907 64
35.7587301587 36.0587301587 64
36.2231292517 36.5231292517 53
36.234739229 36.534739229 60
37.4537868481 37.7537868481 31
37.5466666667 37.8466666667 60
37.953015873 38.253015873 60
38.3361451247 38.6361451247 60
39.6945124717 39.9945124717 57
40.1124716553 40.4124716553 53
40.9832199546 41.2832199546 55
40.9832199546 41.2832199546 60
41.424399093 41.724399093 62
42.3183673469 42.6183673469 59
44.1527437642 44.4527437642 69
44.3501133787 44.6501133787 64
44.5358730159 44.8358730159 69
46.3934693878 46.6934693878 60
46.7882086168 47.0882086168 60
47.1829478458 47.4829478458 60
47.6357369615 47.9357369615 59
49.876462585 50.176462585 84
51.0374603175 51.3374603175 52
51.7572789116 52.0572789116 69
55.3679818594 55.6679818594 79
59.7333333333 60.0333333333 60
60.9175510204 61.2175510204 59
64.0290249433 64.3290249433 60
68.3595464853 68.6595464853 56
68.6149659864 68.9149659864 60
68.8703854875 69.1703854875 60
72.1211791383 72.4211791383 60
75.5229024943 75.8229024943 62
75.5345124717 75.8345124717 69
78.9014058957 79.2014058957 69
79.7141043084 80.0141043084 60
80.27138322 80.57138322 60
82.2566893424 82.5566893424 60
82.6862585034 82.9862585034 63
89.8380045351 90.1380045351 60
91.1847619048 91.4847619048 69
94.1336961451 94.4336961451 60
94.3891156463 94.6891156463 60
95.201814059 95.501814059 52
95.8287528345 96.1287528345 52
96.9084807256 97.2084807256 57
100.75138322 101.05138322 77
101.993650794 102.293650794 69
103.073378685 103.373378685 69
104.164716553 104.464716553 69
105.267664399 105.567664399 69
106.951111111 107.251111111 60
107.17170068 107.47170068 60
107.427120181 107.727120181 60
108.634557823 108.934557823 45
108.680997732 108.980997732 64
109.122176871 109.422176871 62
110.132244898 110.432244898 31
110.259954649 110.559954649 43
117.156281179 117.456281179 63
117.887709751 118.187709751 69
121.254603175 121.554603175 59
122.090521542 122.390521542 52
122.206621315 122.506621315 62
123.309569161 123.609569161 65
123.53015873 123.83015873 69
124.679546485 124.979546485 64
124.679546485 124.979546485 67
126.026303855 126.326303855 79
126.258503401 126.558503401 59
126.258503401 126.558503401 63
127.338231293 127.638231293 59
127.941950113 128.241950113 67
129.149387755 129.449387755 69
130.287165533 130.587165533 64
135.012426304 135.312426304 69
135.407165533 135.707165533 69
135.801904762 136.101904762 69
137.171882086 137.471882086 64
137.392471655 137.692471655 79
137.58984127 137.88984127 60
138.483809524 138.783809524 67
138.913378685 139.213378685 69
139.609977324 139.909977324 59
139.609977324 139.909977324 79
141.479183673 141.779183673 59
141.850702948 142.150702948 59
142.245442177 142.545442177 59
144.671927438 144.971927438 57
145.252426304 145.552426304 60
145.3569161 145.6569161 48
145.368526077 145.668526077 60
145.577505669 145.877505669 60
146.030294785 146.330294785 59
147.388662132 147.688662132 59
147.388662132 147.688662132 67
150.035736961 150.335736961 64
150.325986395 150.625986395 63
150.43047619 150.73047619 51
154.017959184 154.317959184 71
160.403446712 160.703446712 55
161.401904762 161.701904762 67
162.934421769 163.234421769 55
170.829206349 171.129206349 64
172.756462585 173.056462585 69
178.54984127 178.84984127 60
182.903582766 183.203582766 69
188.720181406 189.020181406 60
190.78675737 191.08675737 55
192.690793651 192.990793651 59
199.412970522 199.712970522 57
200.8061678 201.1061678 57
202.768253968 203.068253968 63
202.872743764 203.172743764 69
205.484988662 205.784988662 56
206.831746032 207.131746032 56
208.224943311 208.524943311 56
210.407619048 210.707619048 44
211.800816327 212.100816327 60
213.321723356 213.621723356 44
213.809342404 214.109342404 61
216.653786848 216.953786848 56
217.002086168 217.302086168 44
220.601179138 220.901179138 61
220.98430839 221.28430839 32
221.15845805 221.45845805 56
240.999909297 241.299909297 43
244.947301587 245.247301587 77
246.189569161 246.489569161 69
247.269297052 247.569297052 69
248.372244898 248.672244898 69
249.451972789 249.751972789 69
251.135419501 251.435419501 60
251.367619048 251.667619048 60
251.611428571 251.911428571 60
252.818866213 253.118866213 50
252.818866213 253.118866213 58
254.560362812 254.860362812 69
255.65170068 255.95170068 69
256.743038549 257.043038549 69
257.811156463 258.111156463 60
258.043356009 258.343356009 69
258.287165533 258.587165533 69
258.530975057 258.830975057 76
259.750022676 260.050022676 38
259.750022676 260.050022676 50
262.013968254 262.313968254 60
262.013968254 262.313968254 86
262.141678005 262.441678005 38
262.153287982 262.453287982 50
264.521723356 264.821723356 52
266.959818594 267.259818594 58
267.168798186 267.468798186 58
267.377777778 267.677777778 58
267.575147392 267.875147392 55
270.860770975 271.160770975 64
272.114648526 272.414648526 64
272.335238095 272.635238095 52
272.346848073 272.646848073 59
272.346848073 272.646848073 64
272.346848073 272.646848073 68
273.496235828 273.796235828 57
274.622403628 274.922403628 52
274.854603175 275.154603175 56
276.909569161 277.209569161 69
279.045804989 279.345804989 69
279.858503401 280.158503401 56
281.890249433 282.190249433 69
285.24553288 285.54553288 69
286.302040816 286.602040816 69
286.673560091 286.973560091 69
291.944489796 292.244489796 44
293.221587302 293.521587302 69
294.301315193 294.601315193 40
294.893424036 295.193424036 57
295.845442177 296.145442177 69
298.736326531 299.036326531 61
303.368707483 303.668707483 69
305.063764172 305.363764172 57
305.214693878 305.514693878 69
307.571519274 307.871519274 64
307.745668934 308.045668934 69
308.140408163 308.440408163 69
309.1969161 309.4969161 67
312.563809524 312.863809524 62
314.479455782 314.779455782 60
317.312290249 317.612290249 76
318.519727891 318.819727891 64
319.715555556 320.015555556 59
319.715555556 320.015555556 64
319.715555556 320.015555556 76
320.017414966 320.317414966 68
323.755827664 324.055827664 52
323.837097506 324.137097506 57
323.837097506 324.137097506 81
325.125804989 325.425804989 52
326.402902494 326.702902494 52
