0.522448979592 0.822448979592 55
3.52943310658 3.82943310658 63
4.17959183673 4.47959183673 60
4.17959183673 4.47959183673 63
7.82512471655 8.12512471655 67
15.9869387755 16.2869387755 43
16.5906575964 16.8906575964 63
17.3220861678 17.6220861678 63
25.1007709751 25.4007709751 63
30.4878004535 30.7878004535 63
33.5063945578 33.8063945578 63
35.3175510204 35.6175510204 58
36.1302494331 36.4302494331 68
36.2811791383 36.5811791383 64
36.5365986395 36.8365986395 43
42.7827664399 43.0827664399 58
43.6186848073 43.9186848073 60
45.9406802721 46.2406802721 58
46.7649886621 47.0649886621 60
49.086984127 49.386984127 63
49.4933333333 49.7933333333 58
49.876462585 50.176462585 34
55.2867120181 55.5867120181 63
59.7681632653 60.0681632653 55
63.7039455782 64.0039455782 60
63.7619954649 64.0619954649 36
67.5816780045 67.8816780045 58
71.4710204082 71.7710204082 63
76.5561904762 76.8561904762 56
82.4308390023 82.7308390023 68
84.462585034 84.762585034 49
84.462585034 84.762585034 56
85.286893424 85.586893424 67
85.6351927438 85.9351927438 56
86.3201814059 86.6201814059 44
86.9819501134 87.2819501134 44
86.9819501134 87.2819501134 56
87.1909297052 87.4909297052 56
87.3882993197 87.6882993197 56
87.7830385488 88.0830385488 49
87.9455782313 88.2455782313 31
88.1661678005 88.4661678005 49
88.8395464853 89.1395464853 68
89.7799546485 90.0799546485 35
92.4734693878 92.7734693878 44
92.6592290249 92.9592290249 68
92.8449886621 93.1449886621 35
98.4526077098 98.7526077098 71
107.438730159 107.738730159 56
108.054058957 108.354058957 64
111.014603175 111.314603175 64
111.014603175 111.314603175 69
113.069569161 113.369569161 69
117.609070295 117.909070295 60
117.818049887 118.118049887 63
118.700408163 119.000408163 63
121.010793651 121.310793651 43
122.624580499 122.924580499 69
125.550294785 125.850294785 69
133.236099773 133.536099773 60
133.433469388 133.733469388 29
133.921088435 134.221088435 42
134.42031746 134.72031746 53
134.826666667 135.126666667 60
135.999274376 136.299274376 41
136.022494331 136.322494331 53
136.602993197 136.902993197 58
137.961360544 138.261360544 58
137.972970522 138.272970522 53
138.147120181 138.447120181 34
140.260136054 140.560136054 56
147.051972789 147.351972789 59
147.620861678 147.920861678 60
148.363900227 148.663900227 67
150.546575964 150.846575964 44
152.102312925 152.402312925 31
152.113922902 152.413922902 42
153.669659864 153.969659864 41
155.341496599 155.641496599 46
156.89723356 157.19723356 44
158.464580499 158.764580499 31
158.661950113 158.961950113 42
158.952199546 159.252199546 58
159.416598639 159.716598639 47
166.672834467 166.972834467 70
169.494058957 169.794058957 59
169.668208617 169.968208617 50
172.570702948 172.870702948 34
173.151201814 173.451201814 50
173.754920635 174.054920635 31
174.045170068 174.345170068 58
174.60244898 174.90244898 63
184.552199546 184.852199546 69
186.235646259 186.535646259 32
188.580861678 188.880861678 43
193.236462585 193.536462585 70
193.666031746 193.966031746 65
193.805351474 194.105351474 62
193.944671202 194.244671202 70
194.25814059 194.55814059 32
