8.09215419501 8.39215419501 55
8.41723356009 8.71723356009 60
9.40408163265 9.70408163265 55
19.3654421769 19.6654421769 55
21.0024489796 21.3024489796 69
21.5713378685 21.8713378685 47
21.803537415 22.103537415 35
21.803537415 22.103537415 47
22.3840362812 22.6840362812 43
22.5233560091 22.8233560091 43
23.6379138322 23.9379138322 43
25.1007709751 25.4007709751 69
25.7160997732 26.0160997732 47
26.2849886621 26.5849886621 59
26.493968254 26.793968254 43
27.782675737 28.082675737 43
28.0380952381 28.3380952381 43
31.8926077098 32.1926077098 69
36.7687981859 37.0687981859 69
37.7556462585 38.0556462585 55
37.7556462585 38.0556462585 67
39.3229931973 39.6229931973 67
41.3082993197 41.6082993197 67
41.7146485261 42.0146485261 59
41.853968254 42.153968254 66
42.0745578231 42.3745578231 66
43.073015873 43.373015873 67
45.650430839 45.950430839 55
45.8013605442 46.1013605442 62
46.8346485261 47.1346485261 67
46.9855782313 47.2855782313 54
51.8153287982 52.1153287982 67
55.9136507937 56.2136507937 55
56.2387301587 56.5387301587 69
57.2255782313 57.5255782313 55
59.0019047619 59.3019047619 57
59.3850340136 59.6850340136 47
59.8029931973 60.1029931973 52
59.9539229025 60.2539229025 59
60.220952381 60.520952381 43
61.4632199546 61.7632199546 43
61.7882993197 62.0882993197 43
62.9260770975 63.2260770975 69
63.9593650794 64.2593650794 52
64.3192743764 64.6192743764 43
64.377324263 64.677324263 55
64.5979138322 64.8979138322 48
65.6195918367 65.9195918367 43
65.7473015873 66.0473015873 43
65.8634013605 66.1634013605 43
69.7295238095 70.0295238095 69
70.3332426304 70.6332426304 67
74.6405442177 74.9405442177 60
74.6405442177 74.9405442177 69
76.9277097506 77.2277097506 43
