4.23764172336 4.53764172336 84
12.5619954649 12.8619954649 44
19.5047619048 19.8047619048 58
20.7238095238 21.0238095238 44
22.5117460317 22.8117460317 58
27.9452154195 28.2452154195 60
27.9452154195 28.2452154195 63
43.0033560091 43.3033560091 68
45.6620408163 45.9620408163 42
45.8594104308 46.1594104308 54
46.3238095238 46.6238095238 51
46.7649886621 47.0649886621 58
46.9855782313 47.2855782313 49
46.9855782313 47.2855782313 56
47.403537415 47.703537415 49
47.4151473923 47.7151473923 56
47.6241269841 47.9241269841 60
48.1001360544 48.4001360544 45
50.9097505669 51.2097505669 52
51.9082086168 52.2082086168 58
53.8238548753 54.1238548753 55
55.6466213152 55.9466213152 41
67.7442176871 68.0442176871 69
71.6683900227 71.9683900227 57
73.7349659864 74.0349659864 55
74.7102040816 75.0102040816 54
75.7202721088 76.0202721088 51
77.0089795918 77.3089795918 51
77.9609977324 78.2609977324 51
87.1909297052 87.4909297052 63
87.5740589569 87.8740589569 69
94.6213151927 94.9213151927 69
96.850430839 97.150430839 46
98.3481179138 98.6481179138 60
99.1143764172 99.4143764172 69
101.320272109 101.620272109 58
105.04707483 105.34707483 67
105.34893424 105.64893424 63
107.194920635 107.494920635 58
108.69260771 108.99260771 46
111.002993197 111.302993197 63
111.246802721 111.546802721 63
120.418684807 120.718684807 58
122.70585034 123.00585034 63
130.043356009 130.343356009 69
132.992290249 133.292290249 67
137.520181406 137.820181406 63
138.251609977 138.551609977 51
144.242358277 144.542358277 60
146.274104308 146.574104308 63
151.010975057 151.310975057 69
152.462222222 152.762222222 69
154.029569161 154.329569161 69
155.225396825 155.525396825 69
169.586938776 169.886938776 43
172.547482993 172.847482993 63
175.566077098 175.866077098 60
176.576145125 176.876145125 53
176.576145125 176.876145125 58
176.669024943 176.969024943 50
179.792108844 180.092108844 43
179.792108844 180.092108844 67
199.726439909 200.026439909 32
