2.80961451247 3.10961451247 43
3.70358276644 4.00358276644 43
3.70358276644 4.00358276644 74
4.24925170068 4.54925170068 31
7.76707482993 8.06707482993 43
8.71909297052 9.01909297052 43
9.86848072562 10.1684807256 43
13.1541043084 13.4541043084 55
13.1541043084 13.4541043084 67
15.0581405896 15.3581405896 69
15.8824489796 16.1824489796 60
15.8824489796 16.1824489796 67
18.9823129252 19.2823129252 60
20.7470294785 21.0470294785 67
20.7586394558 21.0586394558 43
21.1882086168 21.4882086168 43
21.6293877551 21.9293877551 78
21.6409977324 21.9409977324 77
22.198276644 22.498276644 77
22.7903854875 23.0903854875 77
23.3708843537 23.6708843537 43
25.1588208617 25.4588208617 43
25.6 25.9 43
30.5690702948 30.8690702948 68
31.1263492063 31.4263492063 68
31.6604081633 31.9604081633 68
33.1580952381 33.4580952381 60
33.1580952381 33.4580952381 79
33.8546938776 34.1546938776 63
33.8546938776 34.1546938776 67
34.2958730159 34.5958730159 68
36.0605895692 36.3605895692 67
36.9429478458 37.2429478458 60
39.6132426304 39.9132426304 74
40.3562811791 40.6562811791 66
45.3137414966 45.6137414966 62
47.5080272109 47.8080272109 67
50.9445804989 51.2445804989 69
52.453877551 52.753877551 60
54.7062131519 55.0062131519 55
54.8571428571 55.1571428571 60
57.5506575964 57.8506575964 77
58.0963265306 58.3963265306 65
65.6079818594 65.9079818594 53
65.6195918367 65.9195918367 58
65.6195918367 65.9195918367 62
66.0143310658 66.3143310658 58
66.1536507937 66.4536507937 58
66.7109297052 67.0109297052 58
67.2565986395 67.5565986395 53
67.2682086168 67.5682086168 58
67.813877551 68.113877551 58
68.2202267574 68.5202267574 53
68.2318367347 68.5318367347 58
68.3595464853 68.6595464853 58
69.4508843537 69.7508843537 63
70.4029024943 70.7029024943 60
72.6784580499 72.9784580499 55
72.8293877551 73.1293877551 60
75.1746031746 75.4746031746 60
77.5430385488 77.8430385488 55
77.5430385488 77.8430385488 60
77.5430385488 77.8430385488 63
80.8402721088 81.1402721088 68
80.9679818594 81.2679818594 67
82.1405895692 82.4405895692 60
83.9169160998 84.2169160998 43
83.9169160998 84.2169160998 55
86.8658503401 87.1658503401 60
86.8658503401 87.1658503401 63
89.7219047619 90.0219047619 63
90.5694331066 90.8694331066 51
90.5694331066 90.8694331066 68
91.1499319728 91.4499319728 51
91.4401814059 91.7401814059 56
94.273015873 94.573015873 60
97.6166893424 97.9166893424 60
99.8341950113 100.134195011 56
103.119818594 103.419818594 56
104.710385488 105.010385488 60
105.372154195 105.672154195 60
108.622947846 108.922947846 63
113.475918367 113.775918367 58
113.696507937 113.996507937 59
123.344399093 123.644399093 60
124.308027211 124.608027211 68
128.731428571 129.031428571 63
129.277097506 129.577097506 63
129.706666667 130.006666667 63
130.263945578 130.563945578 63
130.414875283 130.714875283 68
130.809614512 131.109614512 63
133.654058957 133.954058957 63
134.315827664 134.615827664 63
135.07047619 135.37047619 63
135.871564626 136.171564626 56
136.382403628 136.682403628 63
136.93968254 137.23968254 63
138.019410431 138.319410431 63
138.750839002 139.050839002 68
139.308117914 139.608117914 68
139.679637188 139.979637188 63
140.956734694 141.256734694 67
144.079818594 144.379818594 60
144.079818594 144.379818594 63
144.625487528 144.925487528 63
145.391746032 145.691746032 63
146.158004535 146.458004535 63
146.901043084 147.201043084 56
148.17814059 148.47814059 70
148.189750567 148.489750567 55
148.735419501 149.035419501 75
149.861587302 150.161587302 68
154.087619048 154.387619048 68
155.202176871 155.502176871 63
156.537324263 156.837324263 63
157.117823129 157.417823129 63
157.291972789 157.591972789 63
159.335328798 159.635328798 58
160.798185941 161.098185941 43
163.770340136 164.070340136 51
167.114013605 167.414013605 44
168.228571429 168.528571429 56
168.251791383 168.551791383 68
169.691428571 169.991428571 36
170.039727891 170.339727891 67
171.595464853 171.895464853 49
171.595464853 171.895464853 56
175.171337868 175.471337868 63
176.100136054 176.400136054 44
180.604807256 180.904807256 56
183.542131519 183.842131519 56
183.762721088 184.062721088 60
184.169070295 184.469070295 63
184.703129252 185.003129252 60
186.572335601 186.872335601 60
186.781315193 187.081315193 63
187.187664399 187.487664399 56
187.96553288 188.26553288 31
188.383492063 188.683492063 31
188.569251701 188.869251701 63
189.114920635 189.414920635 52
189.114920635 189.414920635 63
189.544489796 189.844489796 51
189.672199546 189.972199546 43
189.869569161 190.169569161 63
190.798367347 191.098367347 63
190.972517007 191.272517007 67
190.984126984 191.284126984 63
191.169886621 191.469886621 63
191.344036281 191.644036281 63
191.529795918 191.829795918 63
192.772063492 193.072063492 60
193.991111111 194.291111111 60
194.118820862 194.418820862 60
195.848707483 196.148707483 43
202.884353741 203.184353741 43
207.702494331 208.002494331 63
209.339501134 209.639501134 58
211.858866213 212.158866213 43
212.09106576 212.39106576 43
213.194013605 213.494013605 67
213.937052154 214.237052154 56
213.937052154 214.237052154 67
215.748208617 216.048208617 56
215.759818594 216.059818594 55
215.759818594 216.059818594 67
215.968798186 216.268798186 67
216.665396825 216.965396825 67
216.955646259 217.255646259 31
217.234285714 217.534285714 67
217.791564626 218.091564626 67
218.325623583 218.625623583 56
218.534603175 218.834603175 56
218.534603175 218.834603175 67
219.045442177 219.345442177 67
219.834920635 220.134920635 43
220.752108844 221.052108844 55
220.752108844 221.052108844 67
221.123628118 221.423628118 56
221.33260771 221.63260771 67
221.529977324 221.829977324 67
221.704126984 222.004126984 67
221.889886621 222.189886621 67
222.087256236 222.387256236 67
222.261405896 222.561405896 67
222.45877551 222.75877551 67
223.225034014 223.525034014 67
223.759092971 224.059092971 67
225.779229025 226.079229025 67
226.313287982 226.613287982 67
228.205714286 228.505714286 55
228.75138322 229.05138322 55
229.343492063 229.643492063 59
229.92399093 230.22399093 60
230.899229025 231.199229025 67
231.096598639 231.396598639 56
231.096598639 231.396598639 67
231.468117914 231.768117914 67
232.582675737 232.882675737 77
232.989024943 233.289024943 57
232.989024943 233.289024943 69
233.383764172 233.683764172 68
234.69569161 234.99569161 79
235.566439909 235.866439909 68
236.657777778 236.957777778 67
237.017687075 237.317687075 67
237.400816327 237.700816327 56
237.5169161 237.8169161 67
238.143854875 238.443854875 67
238.34122449 238.64122449 67
238.526984127 238.826984127 67
238.735963719 239.035963719 67
239.676371882 239.976371882 67
239.873741497 240.173741497 56
239.873741497 240.173741497 67
240.500680272 240.800680272 69
241.777777778 242.077777778 70
242.137687075 242.437687075 70
242.869115646 243.169115646 70
244.517732426 244.817732426 67
244.691882086 244.991882086 63
244.866031746 245.166031746 67
245.388480726 245.688480726 56
246.166349206 246.466349206 55
246.514648526 246.814648526 55
246.514648526 246.814648526 60
246.723628118 247.023628118 55
247.315736961 247.615736961 55
247.88462585 248.18462585 31
247.88462585 248.18462585 60
249.23138322 249.53138322 58
250.253061224 250.553061224 60
253.573514739 253.873514739 55
254.52553288 254.82553288 29
254.966712018 255.266712018 49
255.34984127 255.64984127 32
256.719818594 257.019818594 55
257.335147392 257.635147392 55
259.47138322 259.77138322 58
259.47138322 259.77138322 84
259.912562358 260.212562358 58
260.690430839 260.990430839 56
261.46829932 261.76829932 29
261.64244898 261.94244898 36
263.012426304 263.312426304 51
263.221405896 263.521405896 50
263.407165533 263.707165533 51
263.604535147 263.904535147 50
264.41723356 264.71723356 53
264.997732426 265.297732426 49
265.380861678 265.680861678 60
265.775600907 266.075600907 55
266.181950113 266.481950113 55
266.785668934 267.085668934 55
267.157188209 267.457188209 60
267.377777778 267.677777778 50
267.946666667 268.246666667 51
268.132426304 268.432426304 51
268.724535147 269.024535147 84
268.898684807 269.198684807 52
268.898684807 269.198684807 84
269.293424036 269.593424036 53
269.873922902 270.173922902 58
269.88553288 270.18553288 34
270.05968254 270.35968254 58
270.291882086 270.591882086 55
270.291882086 270.591882086 60
270.466031746 270.766031746 55
270.466031746 270.766031746 60
270.651791383 270.951791383 60
270.872380952 271.172380952 60
271.034920635 271.334920635 60
271.232290249 271.532290249 60
271.418049887 271.718049887 60
271.418049887 271.718049887 64
271.603809524 271.903809524 60
271.603809524 271.903809524 63
271.789569161 272.089569161 60
271.986938776 272.286938776 60
272.149478458 272.449478458 56
272.172698413 272.472698413 60
272.35845805 272.65845805 60
272.544217687 272.844217687 56
272.544217687 272.844217687 60
272.729977324 273.029977324 56
272.729977324 273.029977324 60
272.938956916 273.238956916 56
272.938956916 273.238956916 60
273.124716553 273.424716553 60
273.31047619 273.61047619 33
273.31047619 273.61047619 60
273.507845805 273.807845805 57
273.519455782 273.819455782 60
273.693605442 273.993605442 45
273.693605442 273.993605442 60
274.425034014 274.725034014 57
283.028027211 283.328027211 48
283.07446712 283.37446712 63
283.562086168 283.862086168 48
283.562086168 283.862086168 55
284.804353741 285.104353741 67
286.325260771 286.625260771 58
290.237823129 290.537823129 69
293.01260771 293.31260771 50
294.127165533 294.427165533 63
294.66122449 294.96122449 60
295.218503401 295.518503401 46
295.218503401 295.518503401 53
296.867120181 297.167120181 50
297.946848073 298.246848073 43
297.946848073 298.246848073 55
299.038185941 299.338185941 55
299.247165533 299.547165533 67
299.595464853 299.895464853 60
300.152743764 300.452743764 41
300.152743764 300.452743764 60
300.73324263 301.03324263 58
302.567619048 302.867619048 62
305.806802721 306.106802721 57
306.085442177 306.385442177 58
306.340861678 306.640861678 58
306.805260771 307.105260771 69
309.138866213 309.438866213 69
309.568435374 309.868435374 67
311.01968254 311.31968254 67
318.183038549 318.483038549 69
319.808435374 320.108435374 69
322.049160998 322.349160998 67
322.467120181 322.767120181 55
328.957097506 329.257097506 69
336.468752834 336.768752834 60
337.165351474 337.465351474 58
337.861950113 338.161950113 69
341.495873016 341.795873016 67
342.238911565 342.538911565 43
342.598820862 342.898820862 60
343.028390023 343.328390023 36
343.144489796 343.444489796 36
344.827936508 345.127936508 59
345.756734694 346.056734694 66
346.464943311 346.764943311 59
347.080272109 347.380272109 60
347.091882086 347.391882086 55
348.752108844 349.052108844 50
350.481995465 350.781995465 60
352.362811791 352.662811791 64
353.001360544 353.301360544 69
354.615147392 354.915147392 69
355.497505669 355.797505669 59
356.089614512 356.389614512 55
359.862857143 360.162857143 68
362.091972789 362.391972789 50
362.811791383 363.111791383 63
363.357460317 363.657460317 55
366.852063492 367.152063492 43
371.681814059 371.981814059 63
375.489886621 375.789886621 50
376.081995465 376.381995465 43
377.173333333 377.473333333 67
377.927981859 378.227981859 67
379.216689342 379.516689342 67
379.762358277 380.062358277 56
379.773968254 380.073968254 55
379.773968254 380.073968254 67
380.691156463 380.991156463 67
381.039455782 381.339455782 67
381.747664399 382.047664399 67
384.162539683 384.462539683 67
384.557278912 384.857278912 67
385.509297052 385.809297052 67
385.695056689 385.995056689 56
385.695056689 385.995056689 67
385.880816327 386.180816327 67
386.066575964 386.366575964 67
386.252335601 386.552335601 67
386.449705215 386.749705215 67
388.29569161 388.59569161 43
388.852970522 389.152970522 67
389.224489796 389.524489796 43
389.955918367 390.255918367 62
390.29260771 390.59260771 56
390.501587302 390.801587302 60
390.501587302 390.801587302 64
394.286439909 394.586439909 67
394.483809524 394.783809524 67
394.692789116 394.992789116 67
395.470657596 395.770657596 56
395.470657596 395.770657596 67
397.142494331 397.442494331 56
398.05968254 398.35968254 67
399.05814059 399.35814059 44
399.88244898 400.18244898 67
400.973786848 401.273786848 79
402.111564626 402.411564626 79
402.4830839 402.7830839 67
402.680453515 402.980453515 79
403.110022676 403.410022676 67
403.48154195 403.78154195 56
403.48154195 403.78154195 67
403.667301587 403.967301587 67
403.853061224 404.153061224 56
403.853061224 404.153061224 67
409.240090703 409.540090703 68
410.343038549 410.643038549 67
411.086077098 411.386077098 67
412.049705215 412.349705215 67
412.235464853 412.535464853 67
412.42122449 412.72122449 56
412.42122449 412.72122449 67
412.606984127 412.906984127 67
412.804353741 413.104353741 55
412.804353741 413.104353741 67
412.990113379 413.290113379 67
413.175873016 413.475873016 67
413.37324263 413.67324263 67
414.127891156 414.427891156 67
415.033469388 415.333469388 67
415.764897959 416.064897959 60
415.764897959 416.064897959 67
418.01723356 418.31723356 57
418.19138322 418.49138322 57
418.377142857 418.677142857 57
418.957641723 419.257641723 57
419.131791383 419.431791383 57
419.31755102 419.61755102 57
419.526530612 419.826530612 57
419.700680272 420.000680272 57
420.072199546 420.372199546 57
420.292789116 420.592789116 57
420.443718821 420.743718821 69
420.455328798 420.755328798 57
420.652698413 420.952698413 57
421.209977324 421.509977324 56
421.569886621 421.869886621 56
421.755646259 422.055646259 56
422.684444444 422.984444444 56
422.870204082 423.170204082 56
423.450702948 423.750702948 56
423.636462585 423.936462585 56
423.984761905 424.284761905 56
424.553650794 424.853650794 56
425.343129252 425.643129252 60
425.668208617 425.968208617 54
425.877188209 426.177188209 54
426.062947846 426.362947846 54
426.237097506 426.537097506 54
426.805986395 427.105986395 54
427.026575964 427.326575964 60
427.189115646 427.489115646 54
427.189115646 427.489115646 61
427.374875283 427.674875283 54
428.73324263 429.03324263 53
429.104761905 429.404761905 55
429.882630385 430.182630385 60
431.519637188 431.819637188 55
431.90276644 432.20276644 55
432.645804989 432.945804989 60
434.271201814 434.571201814 36
434.700770975 435.000770975 74
435.884988662 436.184988662 43
436.3261678 436.6261678 43
437.707755102 438.007755102 44
438.265034014 438.565034014 67
440.424489796 440.724489796 67
443.547573696 443.847573696 60
447.227936508 447.527936508 60
447.529795918 447.829795918 55
448.365714286 448.665714286 79
449.677641723 449.977641723 67
449.816961451 450.116961451 43
450.304580499 450.604580499 62
450.455510204 450.755510204 67
451.442358277 451.742358277 31
452.138956916 452.438956916 67
