13.2585941043 13.5585941043 70
14.3847619048 14.6847619048 63
16.2655782313 16.5655782313 69
17.9490249433 18.2490249433 74
18.9010430839 19.2010430839 63
20.7818594104 21.0818594104 69
22.987755102 23.287755102 67
24.1371428571 24.4371428571 62
24.5202721088 24.8202721088 50
28.4328344671 28.7328344671 55
32.0551473923 32.3551473923 67
40.530430839 40.830430839 84
40.6581405896 40.9581405896 65
44.1063038549 44.4063038549 84
44.3385034014 44.6385034014 67
44.8145124717 45.1145124717 55
44.826122449 45.126122449 60
46.8578684807 47.1578684807 57
64.6095238095 64.9095238095 72
66.8386394558 67.1386394558 72
67.3959183673 67.6959183673 52
68.9864852608 69.2864852608 69
71.4478004535 71.7478004535 69
73.3866666667 73.6866666667 79
75.6041723356 75.9041723356 69
75.7899319728 76.0899319728 69
77.4849886621 77.7849886621 69
82.5469387755 82.8469387755 63
82.9068480726 83.2068480726 61
84.9385941043 85.2385941043 69
86.7845804989 87.0845804989 69
88.5609070295 88.8609070295 60
89.4200453515 89.7200453515 60
97.6050793651 97.9050793651 84
103.061768707 103.361768707 70
104.187936508 104.487936508 63
106.068752834 106.368752834 69
107.17170068 107.47170068 44
107.752199546 108.052199546 74
108.69260771 108.99260771 63
110.585034014 110.885034014 69
112.790929705 113.090929705 67
113.928707483 114.228707483 62
114.323446712 114.623446712 50
115.426394558 115.726394558 63
117.330430839 117.630430839 58
119.919455782 120.219455782 67
121.858321995 122.158321995 67
122.206621315 122.506621315 67
130.321995465 130.621995465 84
134.617687075 134.917687075 60
135.058866213 135.358866213 67
136.649433107 136.949433107 57
139.342947846 139.642947846 43
154.401088435 154.701088435 72
156.24707483 156.54707483 84
156.363174603 156.663174603 69
157.384852608 157.684852608 84
158.778049887 159.078049887 69
161.239365079 161.539365079 69
169.180589569 169.480589569 58
172.338503401 172.638503401 63
175.925986395 176.225986395 69
176.587755102 176.887755102 69
179.2 179.5 60
203.337142857 203.637142857 50
215.713378685 216.013378685 67
215.887528345 216.187528345 56
215.887528345 216.187528345 67
216.050068027 216.350068027 67
216.224217687 216.524217687 67
216.421587302 216.721587302 67
216.607346939 216.907346939 67
217.025306122 217.325306122 67
217.954104308 218.254104308 43
218.151473923 218.451473923 34
218.151473923 218.451473923 58
218.720362812 219.020362812 46
219.869750567 220.169750567 84
220.264489796 220.564489796 43
221.994376417 222.294376417 67
226.696417234 226.996417234 55
227.056326531 227.356326531 43
234.382222222 234.682222222 65
235.926349206 236.226349206 34
238.434104308 238.734104308 69
250.462040816 250.762040816 43
254.804172336 255.104172336 63
256.696598639 256.996598639 69
257.787936508 258.087936508 44
258.356825397 258.656825397 74
259.308843537 259.608843537 63
261.201269841 261.501269841 69
263.407165533 263.707165533 67
264.928072562 265.228072562 50
270.512471655 270.812471655 67
272.462947846 272.762947846 67
282.981587302 283.281587302 60
288.089977324 288.389977324 43
289.19292517 289.49292517 44
289.599274376 289.899274376 57
299.885714286 300.185714286 63
305.295963719 305.595963719 69
306.224761905 306.524761905 69
307.617959184 307.917959184 59
313.608707483 313.908707483 81
320.539863946 320.839863946 69
321.480272109 321.780272109 63
325.520544218 325.820544218 69
326.03138322 326.33138322 58
327.018231293 327.318231293 63
327.122721088 327.422721088 63
327.575510204 327.875510204 46
341.008253968 341.308253968 62
341.542312925 341.842312925 56
349.80861678 350.10861678 67
351.701043084 352.001043084 50
361.209614512 361.509614512 43
361.406984127 361.706984127 43
361.56952381 361.86952381 43
364.263038549 364.563038549 56
364.263038549 364.563038549 67
364.425578231 364.725578231 67
364.599727891 364.899727891 67
364.797097506 365.097097506 67
366.526984127 366.826984127 58
367.095873016 367.395873016 46
367.095873016 367.395873016 58
368.245260771 368.545260771 84
370.358276644 370.658276644 67
384.278639456 384.578639456 34
384.278639456 384.578639456 58
384.499229025 384.799229025 69
386.194285714 386.494285714 67
386.809614512 387.109614512 69
402.041904762 402.341904762 70
405.060498866 405.360498866 69
406.732335601 407.032335601 74
407.684353741 407.984353741 63
411.782675737 412.082675737 67
412.920453515 413.220453515 62
413.303582766 413.603582766 50
418.887981859 419.187981859 67
420.83845805 421.13845805 67
421.198367347 421.498367347 67
422.66122449 422.96122449 63
431.357097506 431.657097506 60
436.453877551 436.753877551 44
445.300680272 445.600680272 63
448.26122449 448.56122449 63
449.190022676 449.490022676 60
450.409070295 450.709070295 58
453.671473923 453.971473923 69
454.600272109 454.900272109 69
455.993469388 456.293469388 59
460.672290249 460.972290249 63
468.91537415 469.21537415 69
469.86739229 470.16739229 63
473.907664399 474.207664399 69
474.406893424 474.706893424 58
475.451791383 475.751791383 63
