4.95746031746 5.25746031746 77
5.10839002268 5.40839002268 65
6.38548752834 6.68548752834 60
7.70902494331 8.00902494331 63
26.3198185941 26.6198185941 84
29.0249433107 29.3249433107 44
31.6487981859 31.9487981859 44
33.8082539683 34.1082539683 63
33.9824036281 34.2824036281 63
46.3470294785 46.6470294785 60
72.1560090703 72.4560090703 55
72.6320181406 72.9320181406 69
74.1761451247 74.4761451247 69
76.6490702948 76.9490702948 69
82.4424489796 82.7424489796 69
98.8473469388 99.1473469388 69
100.170884354 100.470884354 62
100.44952381 100.74952381 69
101.262222222 101.562222222 67
102.899229025 103.199229025 69
105.256054422 105.556054422 64
105.743673469 106.043673469 69
106.985941043 107.285941043 69
108.204988662 108.504988662 63
108.611337868 108.911337868 55
110.248344671 110.548344671 55
111.896961451 112.196961451 60
113.127619048 113.427619048 69
113.441088435 113.741088435 53
113.510748299 113.810748299 60
118.073469388 118.373469388 67
120.000725624 120.300725624 62
123.205079365 123.505079365 62
131.784852608 132.084852608 43
136.440453515 136.740453515 77
136.881632653 137.181632653 84
137.880090703 138.180090703 60
139.203628118 139.503628118 63
147.040362812 147.340362812 43
149.687437642 149.987437642 57
150.709115646 151.009115646 62
151.115464853 151.415464853 84
162.319092971 162.619092971 56
162.702222222 163.002222222 56
167.055963719 167.355963719 51
167.984761905 168.284761905 81
177.806802721 178.106802721 55
177.806802721 178.106802721 60
187.605623583 187.905623583 69
190.392018141 190.692018141 63
194.954739229 195.254739229 62
203.383582766 203.683582766 77
205.577868481 205.877868481 67
208.851882086 209.151882086 65
210.337959184 210.637959184 63
214.680090703 214.980090703 62
216.653786848 216.953786848 63
216.909206349 217.209206349 63
221.785396825 222.085396825 77
226.92861678 227.22861678 59
228.821043084 229.121043084 43
229.215782313 229.515782313 67
230.992108844 231.292108844 62
231.781587302 232.081587302 63
234.126802721 234.426802721 58
234.881451247 235.181451247 58
235.752199546 236.052199546 60
235.763809524 236.063809524 63
236.611337868 236.911337868 69
241.94031746 242.24031746 67
247.536326531 247.836326531 63
247.698866213 247.998866213 63
247.838185941 248.138185941 84
248.023945578 248.323945578 84
248.302585034 248.602585034 62
248.476734694 248.776734694 63
248.650884354 248.950884354 84
249.115283447 249.415283447 84
249.126893424 249.426893424 63
249.672562358 249.972562358 63
252.772426304 253.072426304 84
252.784036281 253.084036281 63
256.011609977 256.311609977 63
257.857596372 258.157596372 63
265.671111111 265.971111111 31
