0.452789115646 0.752789115646 65
3.32045351474 3.62045351474 65
30.9289795918 31.2289795918 44
30.9289795918 31.2289795918 49
30.9289795918 31.2289795918 56
33.6341043084 33.9341043084 44
35.8167800454 36.1167800454 66
37.5002267574 37.8002267574 42
41.1109297052 41.4109297052 61
42.5737868481 42.8737868481 54
52.918276644 53.218276644 61
54.7410430839 55.0410430839 43
54.7526530612 55.0526530612 51
56.2039002268 56.5039002268 39
56.9701587302 57.2701587302 66
56.9817687075 57.2817687075 51
58.1427664399 58.4427664399 66
58.1427664399 58.4427664399 70
58.9090249433 59.2090249433 78
59.2689342404 59.5689342404 78
62.1946485261 62.4946485261 34
62.1946485261 62.4946485261 55
62.1946485261 62.4946485261 58
69.497324263 69.797324263 63
71.0878911565 71.3878911565 56
72.7016780045 73.0016780045 52
77.2876190476 77.5876190476 44
78.1583673469 78.4583673469 66
78.1583673469 78.4583673469 78
89.6754648526 89.9754648526 65
89.6754648526 89.9754648526 68
94.8767346939 95.1767346939 49
95.9216326531 96.2216326531 60
100.890702948 101.190702948 56
101.05324263 101.35324263 56
101.87755102 102.17755102 56
103.70031746 104.00031746 56
103.897687075 104.197687075 51
104.687165533 104.987165533 51
105.139954649 105.439954649 63
107.357460317 107.657460317 51
107.636099773 107.936099773 54
108.483628118 108.783628118 60
110.074195011 110.374195011 51
110.190294785 110.490294785 51
110.329614512 110.629614512 54
111.200362812 111.500362812 60
112.268480726 112.568480726 39
115.147755102 115.447755102 62
116.866031746 117.166031746 68
122.462040816 122.762040816 59
128.058049887 128.358049887 63
129.706666667 130.006666667 63
129.927256236 130.227256236 69
131.29723356 131.59723356 64
131.308843537 131.608843537 69
133.584399093 133.884399093 64
134.826666667 135.126666667 71
134.965986395 135.265986395 64
135.558095238 135.858095238 64
135.569705215 135.869705215 50
135.709024943 136.009024943 69
136.266303855 136.566303855 54
136.846802721 137.146802721 56
137.311201814 137.611201814 44
137.71755102 138.01755102 63
138.147120181 138.447120181 56
139.041088435 139.341088435 56
139.679637188 139.979637188 56
140.353015873 140.653015873 56
140.933514739 141.233514739 56
141.246984127 141.546984127 56
142.756281179 143.056281179 56
144.764807256 145.064807256 63
145.089886621 145.389886621 56
145.391746032 145.691746032 56
146.436643991 146.736643991 63
147.017142857 147.317142857 60
148.897959184 149.197959184 63
149.942857143 150.242857143 63
150.836825397 151.136825397 63
153.07755102 153.37755102 63
153.089160998 153.389160998 60
156.606984127 156.906984127 66
157.570612245 157.870612245 66
162.829931973 163.129931973 65
163.642630385 163.942630385 43
165.430566893 165.730566893 65
168.530430839 168.830430839 31
170.980136054 171.280136054 63
171.479365079 171.779365079 63
172.826122449 173.126122449 44
175.391927438 175.691927438 63
187.988752834 188.288752834 44
188.847891156 189.147891156 44
188.847891156 189.147891156 49
190.345578231 190.645578231 56
194.594829932 194.894829932 75
195.86031746 196.16031746 49
201.293786848 201.593786848 58
202.62893424 202.92893424 55
202.62893424 202.92893424 75
209.687800454 209.987800454 51
211.255147392 211.555147392 63
215.608888889 215.908888889 51
218.836462585 219.136462585 44
218.836462585 219.136462585 56
220.252879819 220.552879819 60
221.228117914 221.528117914 41
221.33260771 221.63260771 53
221.344217687 221.644217687 41
221.495147392 221.795147392 49
221.495147392 221.795147392 56
224.002902494 224.302902494 56
226.464217687 226.764217687 52
226.475827664 226.775827664 64
228.472743764 228.772743764 60
230.516099773 230.816099773 68
232.954195011 233.254195011 68
235.229750567 235.529750567 64
235.403900227 235.703900227 56
235.659319728 235.959319728 56
238.747573696 239.047573696 44
240.396190476 240.696190476 44
