1.41641723356 1.71641723356 51
1.5789569161 1.8789569161 58
1.98530612245 2.28530612245 51
2.31038548753 2.61038548753 79
2.36843537415 2.66843537415 51
2.47292517007 2.77292517007 51
2.79800453515 3.09800453515 63
4.41179138322 4.71179138322 51
4.42340136054 4.72340136054 63
5.0735600907 5.3735600907 67
6.2693877551 6.5693877551 67
6.76861678005 7.06861678005 58
7.16335600907 7.46335600907 63
9.58984126984 9.88984126984 58
9.69433106576 9.99433106576 63
9.76399092971 10.0639909297 51
10.274829932 10.574829932 55
10.4838095238 10.7838095238 51
11.8305668934 12.1305668934 63
12.9799546485 13.2799546485 69
13.4559637188 13.7559637188 58
14.2570521542 14.5570521542 43
16.1378684807 16.4378684807 58
16.1378684807 16.4378684807 65
16.7648072562 17.0648072562 63
18.2741043084 18.5741043084 59
19.1680725624 19.4680725624 42
19.3654421769 19.6654421769 49
20.8050793651 21.1050793651 60
21.3275283447 21.6275283447 67
21.6061678005 21.9061678005 68
22.8600453515 23.1600453515 63
22.9413151927 23.2413151927 34
24.1023129252 24.4023129252 63
24.6944217687 24.9944217687 42
27.5156462585 27.8156462585 58
30.8360997732 31.1360997732 51
31.0682993197 31.3682993197 58
31.0915192744 31.3915192744 51
31.4282086168 31.7282086168 51
31.6952380952 31.9952380952 51
31.7068480726 32.0068480726 63
32.0667573696 32.3667573696 63
32.1828571429 32.4828571429 63
32.7749659864 33.0749659864 63
33.8198639456 34.1198639456 51
33.8198639456 34.1198639456 63
34.4584126984 34.7584126984 51
34.7602721088 35.0602721088 63
34.980861678 35.280861678 41
35.3523809524 35.6523809524 63
35.4568707483 35.7568707483 58
35.6658503401 35.9658503401 67
36.9777777778 37.2777777778 41
37.523446712 37.823446712 60
38.8005442177 39.1005442177 51
39.1024036281 39.4024036281 63
39.1720634921 39.4720634921 51
39.5900226757 39.8900226757 63
40.2634013605 40.5634013605 42
40.3795011338 40.6795011338 59
40.6581405896 40.9581405896 37
41.0760997732 41.3760997732 63
43.6999546485 43.9999546485 32
47.4615873016 47.7615873016 51
47.9143764172 48.2143764172 63
48.5297052154 48.8297052154 68
49.121814059 49.421814059 68
49.4701133787 49.7701133787 67
49.8532426304 50.1532426304 67
50.5614512472 50.8614512472 62
50.8865306122 51.1865306122 60
53.3362358277 53.6362358277 55
53.347845805 53.647845805 63
53.4407256236 53.7407256236 67
54.0444444444 54.3444444444 68
54.6481632653 54.9481632653 68
54.7642630385 55.0642630385 51
55.2518820862 55.5518820862 63
55.3679818594 55.6679818594 39
56.9004988662 57.2004988662 51
57.2023582766 57.5023582766 51
57.6551473923 57.9551473923 31
58.467845805 58.767845805 33
59.0251247166 59.3251247166 33
59.3153741497 59.6153741497 63
60.0119727891 60.3119727891 43
60.4299319728 60.7299319728 58
61.0800907029 61.3800907029 58
61.3819501134 61.6819501134 51
61.5793197279 61.8793197279 58
62.8331972789 63.1331972789 58
62.8448072562 63.1448072562 55
63.4136961451 63.7136961451 63
63.4253061224 63.7253061224 58
63.7155555556 64.0155555556 51
