2.02013605442 2.32013605442 67
3.07664399093 3.37664399093 55
7.44199546485 7.74199546485 67
7.75546485261 8.05546485261 65
10.4721995465 10.7721995465 67
11.0526984127 11.3526984127 62
12.782585034 13.082585034 67
14.0596825397 14.3596825397 62
14.965260771 15.265260771 69
20.3987301587 20.6987301587 67
20.8979591837 21.1979591837 67
23.1154648526 23.4154648526 62
23.7307936508 24.0307936508 55
23.7307936508 24.0307936508 62
26.7377777778 27.0377777778 67
30.0350113379 30.3350113379 55
34.2726530612 34.5726530612 55
34.6093424036 34.9093424036 64
36.0605895692 36.3605895692 69
36.6410884354 36.9410884354 64
37.5002267574 37.8002267574 64
40.3911111111 40.6911111111 63
43.8392743764 44.1392743764 63
47.1597278912 47.4597278912 64
47.3106575964 47.6106575964 67
48.4600453515 48.7600453515 67
49.0289342404 49.3289342404 67
49.5978231293 49.8978231293 62
50.1551020408 50.4551020408 55
53.0575963719 53.3575963719 50
53.0575963719 53.3575963719 62
53.6497052154 53.9497052154 62
54.241814059 54.541814059 50
54.5436734694 54.8436734694 43
55.9484807256 56.2484807256 62
55.9484807256 56.2484807256 69
57.109478458 57.409478458 62
57.109478458 57.409478458 69
58.8741950113 59.1741950113 50
61.9508390023 62.2508390023 55
61.9508390023 62.2508390023 59
64.6907936508 64.9907936508 59
65.0158730159 65.3158730159 57
67.5932879819 67.8932879819 55
67.5932879819 67.8932879819 67
68.8239455782 69.1239455782 67
75.2210430839 75.5210430839 55
76.7767800454 77.0767800454 43
78.6111564626 78.9111564626 43
79.5051247166 79.8051247166 59
82.4076190476 82.7076190476 55
82.4192290249 82.7192290249 67
84.2071655329 84.5071655329 67
90.7900226757 91.0900226757 60
90.7900226757 91.0900226757 67
93.9363265306 94.2363265306 62
99.7180952381 100.018095238 55
109.458866213 109.758866213 43
109.458866213 109.758866213 67
111.64154195 111.94154195 43
114.253786848 114.553786848 55
114.892335601 115.192335601 55
117.876099773 118.176099773 55
119.048707483 119.348707483 55
123.123809524 123.423809524 55
124.308027211 124.608027211 55
124.308027211 124.608027211 60
128.452789116 128.752789116 67
131.854512472 132.154512472 59
134.501587302 134.801587302 60
139.609977324 139.909977324 60
144.741587302 145.041587302 43
146.018684807 146.318684807 50
146.668843537 146.968843537 50
148.549659864 148.849659864 50
150.488526077 150.788526077 50
151.916553288 152.216553288 43
151.916553288 152.216553288 50
153.692879819 153.992879819 67
158.267210884 158.567210884 67
160.809795918 161.109795918 67
163.340770975 163.640770975 79
167.578412698 167.878412698 67
168.43755102 168.73755102 55
168.43755102 168.73755102 64
170.109387755 170.409387755 52
171.003356009 171.303356009 55
171.874104308 172.174104308 67
174.486349206 174.786349206 67
175.589297052 175.889297052 67
187.373424036 187.673424036 67
188.650521542 188.950521542 60
189.776689342 190.076689342 55
191.692335601 191.992335601 60
192.040634921 192.340634921 55
193.248072562 193.548072562 43
193.25968254 193.55968254 55
194.420680272 194.720680272 48
195.453968254 195.753968254 55
195.453968254 195.753968254 60
196.011247166 196.311247166 55
197.125804989 197.425804989 55
197.125804989 197.425804989 60
197.717913832 198.017913832 55
198.5538322 198.8538322 36
198.85569161 199.15569161 55
199.401360544 199.701360544 60
199.424580499 199.724580499 55
200.005079365 200.305079365 60
201.340226757 201.640226757 60
201.618866213 201.918866213 55
202.222585034 202.522585034 60
203.534512472 203.834512472 60
203.882811791 204.182811791 55
203.882811791 204.182811791 60
204.463310658 204.763310658 60
205.496598639 205.796598639 43
205.612698413 205.912698413 43
207.702494331 208.002494331 43
207.702494331 208.002494331 60
208.027573696 208.327573696 43
208.352653061 208.652653061 64
208.689342404 208.989342404 64
209.351111111 209.651111111 43
211.777596372 212.077596372 60
212.996643991 213.296643991 60
214.273741497 214.573741497 60
216.723446712 217.023446712 60
228.797823129 229.097823129 31
228.797823129 229.097823129 43
