0.95201814059 1.25201814059 79
1.13777777778 1.43777777778 60
1.47446712018 1.77446712018 60
1.63700680272 1.93700680272 60
1.64861678005 1.94861678005 67
2.06657596372 2.36657596372 60
2.25233560091 2.55233560091 60
2.6819047619 2.9819047619 60
3.05342403628 3.35342403628 64
3.14630385488 3.44630385488 67
3.34367346939 3.64367346939 60
3.51782312925 3.81782312925 69
4.04027210884 4.34027210884 60
4.37696145125 4.67696145125 41
5.99074829932 6.29074829932 69
6.79183673469 7.09183673469 59
6.96598639456 7.26598639456 62
7.25623582766 7.55623582766 59
7.39555555556 7.69555555556 79
7.81351473923 8.11351473923 78
8.7074829932 9.0074829932 78
8.81197278912 9.11197278912 69
9.25315192744 9.55315192744 43
9.60145124717 9.90145124717 43
10.205170068 10.505170068 60
10.3677097506 10.6677097506 43
11.6796371882 11.9796371882 63
11.8770068027 12.1770068027 60
12.2949659864 12.5949659864 79
12.4691156463 12.7691156463 60
12.5619954649 12.8619954649 67
12.6432653061 12.9432653061 60
12.6432653061 12.9432653061 84
12.9799546485 13.2799546485 79
13.0844444444 13.3844444444 67
13.4211337868 13.7211337868 67
13.9319727891 14.2319727891 67
14.4776417234 14.7776417234 67
14.6634013605 14.9634013605 52
15.4180498866 15.7180498866 60
15.7779591837 16.0779591837 60
16.8228571429 17.1228571429 84
18.0535147392 18.3535147392 60
18.5759637188 18.8759637188 55
19.1100226757 19.4100226757 31
19.1100226757 19.4100226757 43
19.5279818594 19.8279818594 43
21.0256689342 21.3256689342 62
21.2114285714 21.5114285714 60
21.3855782313 21.6855782313 67
21.5481179138 21.8481179138 60
22.8600453515 23.1600453515 67
23.5682539683 23.8682539683 60
23.9049433107 24.2049433107 60
23.9049433107 24.2049433107 64
24.7640816327 25.0640816327 63
24.9498412698 25.2498412698 63
26.4475283447 26.7475283447 62
27.0396371882 27.3396371882 51
27.0512471655 27.3512471655 63
27.2253968254 27.5253968254 52
27.2370068027 27.5370068027 57
28.2702947846 28.5702947846 43
28.4560544218 28.7560544218 69
28.537324263 28.837324263 43
30.2672108844 30.5672108844 41
31.2424489796 31.5424489796 69
31.939047619 32.239047619 59
32.1248072562 32.4248072562 59
34.0636734694 34.3636734694 68
34.4119727891 34.7119727891 69
35.1666213152 35.4666213152 79
36.4785487528 36.7785487528 69
36.8384580499 37.1384580499 69
38.3709750567 38.6709750567 101
38.6380045351 38.9380045351 31
38.6380045351 38.9380045351 43
38.8934240363 39.1934240363 31
40.4491609977 40.7491609977 67
41.3082993197 41.6082993197 42
42.7943764172 43.0943764172 69
43.2355555556 43.5355555556 63
43.6535147392 43.9535147392 60
44.1759637188 44.4759637188 35
45.0699319728 45.3699319728 68
46.1032199546 46.4032199546 62
46.7069387755 47.0069387755 58
48.1233560091 48.4233560091 57
48.3787755102 48.6787755102 69
48.5297052154 48.8297052154 81
48.9708843537 49.2708843537 61
49.2263038549 49.5263038549 61
50.5846712018 50.8846712018 81
50.8981405896 51.1981405896 50
51.3277097506 51.6277097506 69
52.453877551 52.753877551 31
53.313015873 53.613015873 31
53.4291156463 53.7291156463 59
53.9399546485 54.2399546485 43
54.4391836735 54.7391836735 43
54.9035827664 55.2035827664 60
56.1110204082 56.4110204082 69
56.2967800454 56.5967800454 60
58.5491156463 58.8491156463 57
59.0019047619 59.3019047619 79
59.257324263 59.557324263 50
59.8726530612 60.1726530612 50
59.9539229025 60.2539229025 55
60.5576417234 60.8576417234 43
60.6389115646 60.9389115646 48
61.0800907029 61.3800907029 50
61.6954195011 61.9954195011 67
62.8215873016 63.1215873016 69
64.377324263 64.677324263 59
65.1087528345 65.4087528345 68
65.1784126984 65.4784126984 52
66.8154195011 67.1154195011 40
66.8270294785 67.1270294785 59
67.2682086168 67.5682086168 50
67.6165079365 67.9165079365 43
67.7906575964 68.0906575964 43
68.4872562358 68.7872562358 67
68.638185941 68.938185941 67
68.8239455782 69.1239455782 67
69.4276643991 69.7276643991 43
69.4276643991 69.7276643991 60
69.6830839002 69.9830839002 67
70.2403628118 70.5403628118 67
70.4377324263 70.7377324263 60
70.6002721088 70.9002721088 69
71.4013605442 71.7013605442 60
73.0731972789 73.3731972789 69
73.3518367347 73.6518367347 59
73.4447165533 73.7447165533 43
73.4447165533 73.7447165533 55
74.0484353741 74.3484353741 62
74.3502947846 74.6502947846 59
74.5244444444 74.8244444444 79
74.721814059 75.021814059 50
74.8959637188 75.1959637188 78
76.3472108844 76.6472108844 31
77.9842176871 78.2842176871 43
77.9958276644 78.2958276644 31
78.2396371882 78.5396371882 43
78.2512471655 78.5512471655 79
78.7853061224 79.0853061224 63
79.4819047619 79.7819047619 64
79.5747845805 79.8747845805 60
80.0856235828 80.3856235828 60
80.166893424 80.466893424 67
80.3294331066 80.6294331066 60
80.9447619048 81.2447619048 60
81.1073015873 81.4073015873 60
81.5717006803 81.8717006803 67
82.8604081633 83.1604081633 60
84.961814059 85.261814059 43
85.1475736961 85.4475736961 43
85.3101133787 85.6101133787 60
85.6003628118 85.9003628118 60
85.8325623583 86.1325623583 43
87.3534693878 87.6534693878 31
87.5392290249 87.8392290249 42
87.5392290249 87.8392290249 69
87.7714285714 88.0714285714 79
87.9687981859 88.2687981859 60
88.1081179138 88.4081179138 84
88.1197278912 88.4197278912 62
88.3054875283 88.6054875283 62
89.9657142857 90.2657142857 69
90.1282539683 90.4282539683 52
90.1398639456 90.4398639456 59
90.6507029478 90.9507029478 56
90.8945124717 91.1945124717 56
91.8581405896 92.1581405896 71
92.1135600907 92.4135600907 59
94.6329251701 94.9329251701 43
94.7954648526 95.0954648526 43
96.7807709751 97.0807709751 48
96.8736507937 97.1736507937 43
98.8705668934 99.1705668934 79
99.0447165533 99.3447165533 60
99.5671655329 99.8671655329 36
99.9038548753 100.203854875 31
99.9851247166 100.285124717 43
102.341950113 102.641950113 58
103.642267574 103.942267574 63
103.723537415 104.023537415 43
104.245986395 104.545986395 43
104.501405896 104.801405896 55
107.670929705 107.970929705 67
107.972789116 108.272789116 60
108.065668934 108.365668934 52
108.158548753 108.458548753 67
