0.986848072562 1.28684807256 43
1.26548752834 1.56548752834 69
1.43963718821 1.73963718821 43
2.75156462585 3.05156462585 69
3.48299319728 3.78299319728 69
4.21442176871 4.51442176871 69
5.21287981859 5.51287981859 69
5.27092970522 5.57092970522 43
5.37541950113 5.67541950113 43
6.67573696145 6.97573696145 69
9.07900226757 9.37900226757 60
11.3081179138 11.6081179138 69
12.3065759637 12.6065759637 58
14.036462585 14.336462585 55
15.2322902494 15.5322902494 50
15.2439002268 15.5439002268 43
15.754739229 16.054739229 62
16.9737868481 17.2737868481 50
16.9853968254 17.2853968254 58
17.4614058957 17.7614058957 63
17.937414966 18.237414966 84
18.1696145125 18.4696145125 52
18.1696145125 18.4696145125 57
20.0620408163 20.3620408163 62
20.1317006803 20.4317006803 52
20.1317006803 20.4317006803 57
20.9676190476 21.2676190476 50
21.6409977324 21.9409977324 69
22.9064852608 23.2064852608 69
22.9761451247 23.2761451247 43
24.3925623583 24.6925623583 69
26.7029478458 27.0029478458 55
27.3066666667 27.6066666667 68
29.500952381 29.800952381 68
29.6518820862 29.9518820862 56
30.255600907 30.555600907 56
30.255600907 30.555600907 68
31.1727891156 31.4727891156 62
34.2378231293 34.5378231293 69
35.6542403628 35.9542403628 44
35.6542403628 35.9542403628 60
36.3740589569 36.6740589569 43
36.3856689342 36.6856689342 50
39.4507029478 39.7507029478 60
40.7045804989 41.0045804989 67
41.0528798186 41.3528798186 69
43.5838548753 43.8838548753 69
44.4778231293 44.7778231293 63
44.7680725624 45.0680725624 50
44.9190022676 45.2190022676 60
49.0289342404 49.3289342404 69
49.7255328798 50.0255328798 69
51.6760090703 51.9760090703 48
52.8602267574 53.1602267574 60
56.4593197279 56.7593197279 69
57.0514285714 57.3514285714 60
57.9918367347 58.2918367347 41
58.0266666667 58.3266666667 58
60.186122449 60.486122449 44
60.186122449 60.486122449 51
60.9059410431 61.2059410431 43
63.7968253968 64.0968253968 60
63.982585034 64.282585034 60
65.5847619048 65.8847619048 69
68.1157369615 68.4157369615 69
69.0097052154 69.3097052154 63
69.2999546485 69.5999546485 50
69.4508843537 69.7508843537 60
69.5553741497 69.8553741497 51
74.2690249433 74.5690249433 69
76.1614512472 76.4614512472 60
77.3921088435 77.6921088435 60
81.09569161 81.39569161 69
81.8155102041 82.1155102041 41
81.8155102041 82.1155102041 53
82.7907482993 83.0907482993 69
84.5786848073 84.8786848073 63
85.2404535147 85.5404535147 63
85.5307029478 85.8307029478 51
87.04 87.34 60
87.4231292517 87.7231292517 63
88.1081179138 88.4081179138 63
90.9525623583 91.2525623583 63
91.695600907 91.995600907 63
92.5779591837 92.8779591837 55
92.5779591837 92.8779591837 63
93.1468480726 93.4468480726 63
94.9347845805 95.2347845805 63
97.2103401361 97.5103401361 61
99.6948752834 99.9948752834 61
99.9502947846 100.250294785 54
102.806349206 103.106349206 62
103.177868481 103.477868481 59
108.669387755 108.969387755 60
110.886893424 111.186893424 60
114.021587302 114.321587302 44
114.741405896 115.041405896 43
114.741405896 115.041405896 50
115.832743764 116.132743764 63
117.632290249 117.932290249 60
117.806439909 118.106439909 60
119.071927438 119.371927438 67
121.951201814 122.251201814 69
122.845170068 123.145170068 63
123.286349206 123.586349206 60
126.421043084 126.721043084 57
126.560362812 126.860362812 45
127.895510204 128.195510204 67
128.092879819 128.392879819 69
131.215963719 131.515963719 60
131.215963719 131.515963719 84
134.965986395 135.265986395 69
136.614603175 136.914603175 60
136.626213152 136.926213152 69
138.402539683 138.702539683 63
139.087528345 139.387528345 63
140.503945578 140.803945578 63
140.863854875 141.163854875 60
141.258594104 141.558594104 63
144.126258503 144.426258503 41
144.788027211 145.088027211 63
146.401814059 146.701814059 43
151.045804989 151.345804989 61
153.77414966 154.07414966 54
156.641814059 156.941814059 62
157.013333333 157.313333333 43
159.54430839 159.84430839 54
164.768798186 165.068798186 69
166.429024943 166.729024943 69
167.845442177 168.145442177 44
168.205351474 168.505351474 63
168.565260771 168.865260771 43
168.576870748 168.876870748 50
171.641904762 171.941904762 43
171.653514739 171.953514739 60
172.895782313 173.195782313 67
173.244081633 173.544081633 69
173.569160998 173.869160998 69
174.370249433 174.670249433 60
174.370249433 174.670249433 69
175.786666667 176.086666667 69
176.494875283 176.794875283 41
176.680634921 176.980634921 63
176.947664399 177.247664399 50
177.121814059 177.421814059 60
180.19845805 180.49845805 58
182.752653061 183.052653061 63
183.100952381 183.400952381 58
184.575419501 184.875419501 51
185.295238095 185.595238095 52
187.26893424 187.56893424 58
187.350204082 187.650204082 67
188.511201814 188.811201814 45
189.567709751 189.867709751 69
190.310748299 190.610748299 43
191.030566893 191.330566893 69
191.773605442 192.073605442 69
192.516643991 192.816643991 69
194.966349206 195.266349206 69
196.986485261 197.286485261 67
197.358004535 197.658004535 60
199.598730159 199.898730159 50
200.597188209 200.897188209 58
202.32707483 202.62707483 55
203.522902494 203.822902494 50
205.79845805 206.09845805 63
206.262857143 206.562857143 84
206.483446712 206.783446712 52
206.495056689 206.795056689 57
207.412244898 207.712244898 62
207.470294785 207.770294785 51
207.470294785 207.770294785 56
208.399092971 208.699092971 62
208.44553288 208.74553288 52
208.457142857 208.757142857 57
209.966439909 210.266439909 69
210.964897959 211.264897959 43
211.243537415 211.543537415 69
212.69478458 212.99478458 60
212.718004535 213.018004535 69
215.248979592 215.548979592 63
215.608888889 215.908888889 68
218.906122449 219.206122449 62
219.475011338 219.775011338 62
220.798548753 221.098548753 69
222.122086168 222.422086168 67
222.493605442 222.793605442 31
222.50521542 222.80521542 62
222.783854875 223.083854875 63
223.004444444 223.304444444 43
223.701043084 224.001043084 69
226.905396825 227.205396825 63
229.006802721 229.306802721 63
230.690249433 230.990249433 63
231.05015873 231.35015873 67
231.944126984 232.244126984 69
232.141496599 232.441496599 43
232.35047619 232.65047619 43
232.362086168 232.662086168 31
232.954195011 233.254195011 43
233.581133787 233.881133787 69
233.964263039 234.264263039 43
235.775419501 236.075419501 43
235.903129252 236.203129252 43
236.286258503 236.586258503 43
239.432562358 239.732562358 67
241.882267574 242.182267574 51
242.033197279 242.333197279 51
242.044807256 242.344807256 60
242.207346939 242.507346939 60
242.404716553 242.704716553 50
244.053333333 244.353333333 55
245.156281179 245.456281179 60
245.876099773 246.176099773 69
246.050249433 246.350249433 44
246.050249433 246.350249433 51
246.386938776 246.686938776 60
246.572698413 246.872698413 60
246.746848073 247.046848073 52
247.292517007 247.592517007 69
248.035555556 248.335555556 43
250.833560091 251.133560091 58
251.088979592 251.388979592 43
251.088979592 251.388979592 50
