8.24308390023 8.54308390023 66
13.8507029478 14.1507029478 55
13.9668027211 14.2668027211 57
14.1990022676 14.4990022676 54
14.9536507937 15.2536507937 69
17.9141950113 18.2141950113 69
27.5969160998 27.8969160998 67
31.7997278912 32.0997278912 74
32.833015873 33.133015873 63
51.1767800454 51.4767800454 58
51.7688888889 52.0688888889 62
52.488707483 52.788707483 58
53.8702947846 54.1702947846 58
54.241814059 54.541814059 69
56.4825396825 56.7825396825 58
57.7364172336 58.0364172336 62
57.7480272109 58.0480272109 50
59.0947845805 59.3947845805 58
59.7449433107 60.0449433107 62
63.1698866213 63.4698866213 50
91.6375510204 91.9375510204 57
91.8929705215 92.1929705215 54
91.8929705215 92.1929705215 61
92.6360090703 92.9360090703 69
93.379047619 93.679047619 55
95.5849433107 95.8849433107 69
97.1987301587 97.4987301587 55
103.375238095 103.675238095 55
105.279274376 105.579274376 67
110.968163265 111.268163265 63
115.577324263 115.877324263 31
115.693424036 115.993424036 55
115.832743764 116.132743764 54
117.45814059 117.75814059 43
117.667120181 117.967120181 43
120.349024943 120.649024943 54
123.425668934 123.725668934 54
126.52553288 126.82553288 54
