2.51936507937 2.81936507937 58
2.75156462585 3.05156462585 64
3.66875283447 3.96875283447 64
6.3158276644 6.6158276644 69
6.55963718821 6.85963718821 63
6.79183673469 7.09183673469 63
9.26476190476 9.56476190476 67
11.7260770975 12.0260770975 40
11.7376870748 12.0376870748 52
11.7376870748 12.0376870748 56
13.212154195 13.512154195 68
14.3731519274 14.6731519274 58
18.1696145125 18.4696145125 69
18.401814059 18.701814059 63
18.6340136054 18.9340136054 63
22.3724263039 22.6724263039 69
23.6379138322 23.9379138322 40
23.6379138322 23.9379138322 59
25.2865306122 25.5865306122 43
25.2865306122 25.5865306122 55
27.6317460317 27.9317460317 69
27.7594557823 28.0594557823 63
28.4908843537 28.7908843537 54
28.8391836735 29.1391836735 62
29.8492517007 30.1492517007 61
29.9885714286 30.2885714286 61
30.3484807256 30.6484807256 61
30.4878004535 30.7878004535 54
30.754829932 31.054829932 42
32.473106576 32.773106576 84
36.4321088435 36.7321088435 59
36.8152380952 37.1152380952 67
38.7192743764 39.0192743764 59
40.9716099773 41.2716099773 63
41.1457596372 41.4457596372 63
41.6333786848 41.9333786848 59
42.0281179138 42.3281179138 63
42.1906575964 42.4906575964 63
45.4414512472 45.7414512472 56
46.7301587302 47.0301587302 58
46.9507482993 47.2507482993 64
47.8795464853 48.1795464853 64
50.5266213152 50.8266213152 69
50.7472108844 51.0472108844 63
54.9500226757 55.2500226757 52
57.179138322 57.479138322 61
57.7712471655 58.0712471655 52
59.326984127 59.626984127 67
59.4314739229 59.7314739229 62
60.61569161 60.91569161 49
61.5677097506 61.8677097506 69
61.6838095238 61.9838095238 63
62.4152380952 62.7152380952 54
62.7983673469 63.0983673469 62
63.7736054422 64.0736054422 61
63.9245351474 64.2245351474 54
64.2728344671 64.5728344671 61
64.4237641723 64.7237641723 54
64.6907936508 64.9907936508 69
65.0855328798 65.3855328798 61
66.4090702948 66.7090702948 84
73.3750566893 73.6750566893 43
74.9191836735 75.2191836735 63
75.081723356 75.381723356 63
75.9640816327 76.2640816327 63
76.1150113379 76.4150113379 63
80.2946031746 80.5946031746 61
80.4107029478 80.7107029478 69
80.6429024943 80.9429024943 58
81.8039002268 82.1039002268 64
84.1839455782 84.4839455782 69
84.462585034 84.762585034 69
84.6831746032 84.9831746032 63
90.9873922902 91.2873922902 62
93.7041269841 94.0041269841 69
95.8055328798 96.1055328798 40
96.5601814059 96.8601814059 63
96.7923809524 97.0923809524 64
96.8039909297 97.1039909297 68
