0.16253968254 0.46253968254 65
1.34675736961 1.64675736961 56
6.79183673469 7.09183673469 56
15.7082993197 16.0082993197 44
18.4598639456 18.7598639456 68
22.4653061224 22.7653061224 56
25.2168707483 25.5168707483 53
28.5837641723 28.8837641723 44
28.5837641723 28.8837641723 68
28.8043537415 29.1043537415 68
30.9057596372 31.2057596372 56
32.1944671202 32.4944671202 56
37.7208163265 38.0208163265 56
38.9630839002 39.2630839002 56
39.8338321995 40.1338321995 56
41.5404988662 41.8404988662 69
42.3764172336 42.6764172336 44
42.3764172336 42.6764172336 56
42.7943764172 43.0943764172 56
44.0598639456 44.3598639456 44
44.0598639456 44.3598639456 85
44.8957823129 45.1957823129 49
44.8957823129 45.1957823129 56
45.3137414966 45.6137414966 44
45.7665306122 46.0665306122 68
46.1728798186 46.4728798186 44
46.1728798186 46.4728798186 49
46.1728798186 46.4728798186 56
47.9027664399 48.2027664399 56
49.1450340136 49.4450340136 49
49.1450340136 49.4450340136 56
49.9925623583 50.2925623583 44
50.410521542 50.710521542 56
51.7108390023 52.0108390023 69
52.5583673469 52.8583673469 56
53.3942857143 53.6942857143 69
54.2302040816 54.5302040816 44
55.066122449 55.366122449 49
55.0777324263 55.3777324263 56
55.5073015873 55.8073015873 44
55.925260771 56.225260771 68
56.354829932 56.654829932 56
59.3037641723 59.6037641723 61
60.2673922902 60.5673922902 44
61.8463492063 62.1463492063 56
64.3657142857 64.6657142857 61
65.6195918367 65.9195918367 56
69.0213151927 69.3213151927 56
69.4392743764 69.7392743764 61
69.6598639456 69.9598639456 68
70.0546031746 70.3546031746 61
70.6931519274 70.9931519274 49
84.6019047619 84.9019047619 61
88.7698866213 89.0698866213 56
89.1994557823 89.4994557823 63
90.0353741497 90.3353741497 56
91.695600907 91.995600907 56
91.7072108844 92.0072108844 68
92.9378684807 93.2378684807 56
94.6445351474 94.9445351474 49
104.013786848 104.313786848 56
106.242902494 106.542902494 49
107.508390023 107.808390023 44
109.435646259 109.735646259 37
109.435646259 109.735646259 44
