18.5527437642 18.8527437642 43
21.1185487528 21.4185487528 71
21.3275283447 21.6275283447 59
22.662675737 22.962675737 59
25.2168707483 25.5168707483 68
31.9042176871 32.2042176871 56
31.9158276644 32.2158276644 59
33.1232653061 33.4232653061 28
33.1232653061 33.4232653061 59
41.354739229 41.654739229 51
41.354739229 41.654739229 60
42.9917460317 43.2917460317 49
42.9917460317 43.2917460317 56
43.6070748299 43.9070748299 42
43.6302947846 43.9302947846 31
43.6302947846 43.9302947846 58
44.2456235828 44.5456235828 69
44.5242630385 44.8242630385 31
44.8377324263 45.1377324263 44
44.8493424036 45.1493424036 40
44.8493424036 45.1493424036 52
45.7433106576 46.0433106576 40
46.0567800454 46.3567800454 45
46.0567800454 46.3567800454 52
46.3702494331 46.6702494331 33
48.2510657596 48.5510657596 54
48.5529251701 48.8529251701 49
48.5529251701 48.8529251701 56
49.4701133787 49.7701133787 49
49.4701133787 49.7701133787 56
51.0606802721 51.3606802721 59
51.3393197279 51.6393197279 35
51.7688888889 52.0688888889 66
62.5893877551 62.8893877551 69
70.391292517 70.691292517 43
72.1676190476 72.4676190476 31
76.5678004535 76.8678004535 63
76.7071201814 77.0071201814 57
82.4888888889 82.7888888889 57
83.7892063492 84.0892063492 44
