5.70049886621 6.00049886621 68
5.89786848073 6.19786848073 68
6.21133786848 6.51133786848 61
7.72063492063 8.02063492063 60
10.634739229 10.934739229 56
10.9365986395 11.2365986395 56
14.5124716553 14.8124716553 56
14.6634013605 14.9634013605 49
17.5891156463 17.8891156463 63
20.445170068 20.745170068 63
23.5450340136 23.8450340136 56
24.9614512472 25.2614512472 44
25.3794104308 25.6794104308 61
26.4823582766 26.7823582766 68
27.1905668934 27.4905668934 61
27.1905668934 27.4905668934 65
29.6983219955 29.9983219955 51
30.1511111111 30.4511111111 63
32.2292970522 32.5292970522 60
33.7037641723 34.0037641723 60
33.7037641723 34.0037641723 63
33.9824036281 34.2824036281 60
35.7471201814 36.0471201814 63
40.7278004535 41.0278004535 51
40.7278004535 41.0278004535 60
44.5010430839 44.8010430839 63
45.0815419501 45.3815419501 63
45.9871201814 46.2871201814 63
47.798276644 48.098276644 60
49.2843537415 49.5843537415 63
53.6845351474 53.9845351474 51
54.1489342404 54.4489342404 68
59.8262131519 60.1262131519 44
64.0754648526 64.3754648526 66
65.6079818594 65.9079818594 63
75.046893424 75.346893424 68
78.4602267574 78.7602267574 66
79.8998639456 80.1998639456 75
81.6181405896 81.9181405896 66
81.7690702948 82.0690702948 66
91.2428117914 91.5428117914 68
94.7606349206 95.0606349206 68
97.7792290249 98.0792290249 44
97.7792290249 98.0792290249 56
104.57106576 104.87106576 68
107.949569161 108.249569161 68
108.146938776 108.446938776 68
109.795555556 110.095555556 56
110.956553288 111.256553288 66
114.706575964 115.006575964 68
118.096689342 118.396689342 66
118.735238095 119.035238095 66
125.213605442 125.513605442 66
125.840544218 126.140544218 54
125.852154195 126.152154195 66
129.544126984 129.844126984 68
132.29569161 132.59569161 55
132.94585034 133.24585034 56
132.957460317 133.257460317 68
134.722176871 135.022176871 68
139.772517007 140.072517007 68
151.336054422 151.636054422 44
154.923537415 155.223537415 56
158.511020408 158.811020408 44
161.924353741 162.224353741 68
164.652698413 164.952698413 58
167.427482993 167.727482993 68
172.791292517 173.091292517 58
176.343945578 176.643945578 56
181.707755102 182.007755102 44
181.719365079 182.019365079 56
183.507301587 183.807301587 56
183.507301587 183.807301587 68
187.559183673 187.859183673 56
190.844807256 191.144807256 56
190.856417234 191.156417234 44
190.856417234 191.156417234 49
192.690793651 192.990793651 53
192.690793651 192.990793651 58
195.012789116 195.312789116 60
197.799183673 198.099183673 60
198.913741497 199.213741497 69
199.517460317 199.817460317 58
203.162993197 203.462993197 63
204.834829932 205.134829932 63
208.039183673 208.339183673 56
210.558548753 210.858548753 63
211.417687075 211.717687075 55
211.696326531 211.996326531 60
211.986575964 212.286575964 56
213.135963719 213.435963719 60
216.584126984 216.884126984 60
219.149931973 219.449931973 63
219.486621315 219.786621315 69
222.377505669 222.677505669 60
225.152290249 225.452290249 53
225.163900227 225.463900227 60
225.732789116 226.032789116 69
229.169342404 229.469342404 60
229.169342404 229.469342404 69
235.86829932 236.16829932 51
235.86829932 236.16829932 68
240.674829932 240.974829932 79
243.890793651 244.190793651 68
245.876099773 246.176099773 56
249.510022676 249.810022676 32
249.510022676 249.810022676 68
252.389297052 252.689297052 61
252.8769161 253.1769161 61
252.8769161 253.1769161 70
260.493061224 260.793061224 44
264.544943311 264.844943311 68
268.074376417 268.374376417 68
271.092970522 271.392970522 44
271.092970522 271.392970522 56
275.609251701 275.909251701 39
276.282630385 276.582630385 56
278.860045351 279.160045351 68
279.904943311 280.204943311 56
283.178956916 283.478956916 61
283.329886621 283.629886621 56
286.383310658 286.683310658 56
286.383310658 286.683310658 68
287.091519274 287.391519274 56
287.091519274 287.391519274 61
293.953015873 294.253015873 61
294.301315193 294.601315193 56
296.077641723 296.377641723 56
296.681360544 296.981360544 61
296.727800454 297.027800454 56
301.162811791 301.462811791 61
301.499501134 301.799501134 56
303.275827664 303.575827664 56
304.947664399 305.247664399 61
307.188390023 307.488390023 44
307.37414966 307.67414966 75
307.617959184 307.917959184 56
307.617959184 307.917959184 75
308.152018141 308.452018141 60
308.67446712 308.97446712 56
308.67446712 308.97446712 68
308.697687075 308.997687075 61
309.568435374 309.868435374 61
309.684535147 309.984535147 44
309.97478458 310.27478458 44
310.485623583 310.785623583 56
311.182222222 311.482222222 61
311.774331066 312.074331066 44
312.273560091 312.573560091 44
312.296780045 312.596780045 61
314.154376417 314.454376417 56
320.748843537 321.048843537 61
322.710929705 323.010929705 68
323.395918367 323.695918367 68
323.546848073 323.846848073 56
324.498866213 324.798866213 56
325.427664399 325.727664399 60
326.193922902 326.493922902 44
326.344852608 326.644852608 32
326.344852608 326.644852608 56
329.920725624 330.220725624 56
330.373514739 330.673514739 44
330.524444444 330.824444444 56
330.814693878 331.114693878 60
332.591020408 332.891020408 60
333.45015873 333.75015873 60
334.367346939 334.667346939 56
335.09877551 335.39877551 61
335.249705215 335.549705215 68
335.667664399 335.967664399 56
336.120453515 336.420453515 56
336.433922902 336.733922902 68
337.002811791 337.302811791 68
337.327891156 337.627891156 44
337.873560091 338.173560091 61
338.837188209 339.137188209 68
340.613514739 340.913514739 68
341.542312925 341.842312925 61
345.141405896 345.441405896 56
345.721904762 346.021904762 69
345.872834467 346.172834467 63
346.012154195 346.312154195 63
346.139863946 346.439863946 63
346.441723356 346.741723356 93
346.453333333 346.753333333 63
346.453333333 346.753333333 78
346.882902494 347.182902494 44
353.964988662 354.264988662 68
355.079546485 355.379546485 56
355.079546485 355.379546485 61
357.598911565 357.898911565 68
357.784671202 358.084671202 68
358.121360544 358.421360544 68
358.678639456 358.978639456 61
358.968888889 359.268888889 56
359.607437642 359.907437642 65
362.579591837 362.879591837 68
363.04399093 363.34399093 68
363.21814059 363.51814059 68
363.543219955 363.843219955 44
363.763809524 364.063809524 56
364.982857143 365.282857143 65
366.852063492 367.152063492 61
368.175600907 368.475600907 61
368.222040816 368.522040816 44
369.882267574 370.182267574 77
370.149297052 370.449297052 77
375.222857143 375.522857143 50
375.23446712 375.53446712 43
378.473650794 378.773650794 44
378.473650794 378.773650794 49
383.883900227 384.183900227 44
